0.0006937438031999274
-0.005315278716718085
0.002276304631940944
0.0008687915409728536
0.0457673570030844
0.03555871613313857
0.031145855860439255
0.022251897325614868
0.020318404163208893
0.021850819758447923
0.032997402992032285
0.04039665038008013
0.049510826052362476
0.046309019807466954
0.04534035631043817
0.040536127392695506
0.027823944255813905
0.019459821164687547
0.010523362413003442
0.015392535076138471
0.024399470862462507
0.05816628600036099
0.0580902370427036
0.05815380460724813
0.05871583336966093
0.03882736178626984
0.028664156489108097
0.008518363859186341
-0.0028396946116642898
-0.02305784071727633
0.025475701949880403
0.0753106849551759
0.10427468149458552
0.07246445739985269
0.06465457656915626
0.044673915547650614
0.02058558173015862
0.001176814373280619
-0.039566463070261154
-0.04782648570539311
-0.15400768288856798
0.2832783629331228
0.14811809181583518
0.1163243570846227
0.08042276484228636
0.042402964527065774
0.024282372744374423
-0.014920333160487895
-0.05280797382744171
-0.24732851968555786
-1.1637559328579397
-2.168932171436189
0.32005323120600015
0.1229270875867076
0.062456941123922055
0.04298649923363149
0.020482757974238288
0.005162809017459951
-0.043886976716515716
-0.07392142382005883
-0.14876746855617942
0.24561030880181414
0.1293620291801202
0.11094274246037615
0.058465502373838754
0.038738638489594676
0.027836127304016967
0.007415447126915095
-0.0032700114058801925
-0.028215343910265017
0.005966272804664438
0.0524386599359826
0.09213566618301397
0.06930667623352951
0.04670839286858266
0.04285000362534957
0.02798811137614144
0.020958349669231293
0.009179291421297614
0.011960617429716087
0.0112950662788012
0.04796619136916374
0.04894799222454631
0.054379008326422326
0.04810742537311713
0.03610913717485799
0.027990104482574468
0.01936675481814744
0.022913577480153473
0.017248080036463023
0.027491972739762643
0.03358806863928469
0.045998870652288935
0.04559627828571623
0.04145427425655472
0.035036415056729005
0.02884762959261087
0.026315810845505383
0.018681023965773775
0.024327361331371714
0.027541511844290024
0.03952120224682666
0.041436587640740964
0.044147882279430124
-0.032688916517748585
0.008574674227964062
0.0021644267135615377
0.003986285219955958
0.010183623111898753
0.004505797260546632
-0.006622364960822615
-0.01017974759331275
-0.05289519494858127
-0.02693489096921527
-0.02925643485812665
-0.01578119536526833
0.01840458418481163
0.014446405646489472
0.008230935554591723
-0.016311041106238662
-0.01849117686136932
-0.08491889516878735
-0.08876124621887552
-0.10040299692660543
-0.10763521322473696
-0.03415084956922906
-0.021215545103773683
0.004323484653032999
-0.0037881837980916697
-0.02227689024788101
-0.12269115645539648
-0.19836710419109058
-0.34188955488684414
-0.17180904703243471
-0.09013683379157843
-0.047029799219024525
0.0059126128851014915
-0.004388729257288539
-0.006435134360806922
-0.07568652812970368
-0.17383756930470787
-0.6578283971859687
-1.6949092573577544
-0.3356991233416206
-0.0158381800685269
0.029802002576355915
-0.011000069901186536
0.0011829919292201487
-0.031327369107628275
-0.09086106291961205
-0.3534404652822155
-1.61461751281732
5.764089057587762
0.23613837920831207
0.12218989990719405
0.02333066378541921
0.011038123412490134
-0.009202019594478212
-0.021362586998264908
-0.08820949375349753
-0.15816996193899582
-0.4012736539996043
0.39020423672440363
0.17847447857253942
0.06375963463382724
0.04430788432071156
0.011092854290826579
0.015529595401792107
0.0006893393556687702
-0.025388899967002596
-0.08880287940053724
-0.07348946339979245
-0.02311152098890153
0.14942699846318758
0.045284619730994846
0.03898267719398588
0.03763642601210039
0.0049457822075306395
-0.0027858990055395763
-0.020302291621650242
-0.022560373170474688
-0.028388019885094012
0.034102807313523636
0.040102427953744677
0.02672060662594028
0.046397920436517845
0.02664694911136558
0.02839790602360959
0.01083875694220943
0.01151015233454756
0.013192634376593019
0.01628536865105349
0.027133607548324393
0.02888286614588247
0.0103460504322525
0.017212283908463726
0.016285301614528028
0.012370248112595864
0.020082694199056988
0.007599689284995806
0.014472698307345658
-0.0031388609851914304
0.0084146679810898
0.00455548903747358
-0.0014631326550118724
-0.026816014145585307
-0.018336802757492367
-0.018144740462642587
0.004340015867394843
0.004227861950701356
0.010019750585914212
0.012340176038113437
0.011063845137677617
0.00011571501709134262
-0.0345925300190088
-0.04498076980203676
-0.11951234453466592
-0.04561566238993338
-0.017124656114353473
0.007598310286720934
0.0058974834977188004
0.00785319007776615
0.0005726291597105515
0.0015237697023607068
-0.04093455723289838
-0.14094545194441402
-0.3145120752552413
-0.09499454409615843
-0.008145064051484827
0.003279223163554074
0.015087015183789415
0.004847575790596804
0.004646071632073267
-0.025057961381950163
-0.10918742673209791
-0.3210235955214035
-0.41735600441521564
0.22678939673509105
0.04857550694371177
0.04162038541247364
0.016359209129672186
0.015386798072806103
0.0002493128568440571
-0.018569987470467057
-0.040008964053525914
-0.10130731098648142
0.26234456698772635
0.1802667373924942
0.09456904284864535
0.037732155945556976
0.024235292814448688
0.013086702555211147
0.010727896365181675
-0.01784755810288056
-0.014924229744530932
-0.00340393775138183
0.053276990981108094
0.09744521205393303
0.06402364775313124
0.041501469686427005
0.022206674722638424
0.02219844418058169
0.012827896275852606
0.005375960795093762
0.013834232733825377
0.011246310127065772
0.04076356252229247
0.04389784175685107
0.046925242532943286
0.025797909391982204
0.021304873749961255
0.0129692018948506
0.012892920809046748
0.00649538997981983
0.007635659751321223
0.015062818080760043
0.023294177695496514
0.02783631495389793
0.024960914811593085
0.0292611722127681
0.014395607664040508
0.014729188567134944
0.010824605728094102
0.0103351185330295
0.014000813300068141
0.006156429079937712
0.01397479130602151
0.014469108721239191
0.019308407988941012
0.017238238880682454
0.012465673761371338
0.00660818591130388
0.011923791610098686
0.015978081228910763
0.0013601006360020066
0.0044582533510256275
-0.005907261392565831
0.008172826356593298
0.00629986669835516
0.01374787642436965
0.010997143033891339
0.012926982579624068
0.010395733410170577
0.010755282735196164
0.03550749917548872
0.054711953346671255
0.07274604214955085
0.2768838731381757
-2.093960590798663
0.2482645393710352
0.054545359819679944
0.050125933519430274
0.031003415502876688
0.036926772847010104
0.049183528592488285
0.055496983268789137
0.10002398652792768
0.14402750184022511
0.31917516832799975
0.131311810159542
0.09479292865632317
0.05171913740992683
0.04509331972478778
0.04003793914302721
0.0449510821852816
0.057821287125936906
0.07279135427228721
0.11355048792219367
0.12257820847015245
0.11055527634019355
0.06765555348507096
0.053719539610600435
0.04066710526025023
0.040968765752288736
0.04189574014706689
0.04386346960076325
0.05926938256299751
0.06243005579925772
0.07988771048753843
0.06362368815620609
0.05578831745838105
0.04421763501434628
0.04185486459694084
0.036009296536325695
0.033393102274351195
0.04006415333470243
0.03766597671799124
0.04521474850565394
0.04138751396532206
0.04397752549801149
0.03795633008954706
0.0392072732785439
0.03474905615588042
0.033287435999434505
0.028800965367229307
0.025847498465395646
0.023892969746395907
0.019989740930458456
0.022122094357219322
0.020583062633928298
0.024587873057349437
0.025241659327489573
0.029840260217020263
0.027275495346565294
0.02229382287586791
0.01933253026509345
0.007439427700799653
-0.001881330928811575
-0.012752606784757071
0.0008094284307266288
0.006684780674399194
0.01996908867366003
0.020088090091627358
0.02289028923199151
0.021792841239108546
0.0101978428136598
-0.0023044063835082305
-0.03999559992809887
-0.05591383988377378
-0.047351922720098215
-0.0022980670124732694
0.009187719885796503
0.02084587135392924
0.019016146115632827
0.018995509873267095
0.011794054660711562
-0.025481971599805777
-0.04979860465937398
-0.2550659746946255
-0.07913680544376857
-0.032863520530975195
0.009020143915156537
0.018774318098160925
0.02396457350107912
0.029883638641521527
0.02083011384579244
0.021628784048534598
-0.1624327023157798
-1.1073446916783596
-0.14513170045715865
-4.183630269100412e-5
0.012336368191997077
0.027826940768121776
0.028392604699743605
