0.005175484450360337
0.0009801827108486547
0.02021674320265712
0.0007697304060262135
-0.0006500499017404068
0.0037401277805559105
0.0017945699307075386
-0.004845056244194441
0.01501971808801757
0.008887840012791123
-0.016775730954698313
-0.008928060381400984
-0.01225669977996783
0.003923372871243002
0.011140354346639823
0.02202063541106694
0.023808803146338025
0.024998660589651323
0.013938672300208716
-0.03140395992097284
-0.036486084262649036
-0.06233725063483382
-0.02706597595597075
-0.016769863152212797
0.006836375957445806
0.008031980519864416
0.021233849094329557
0.013044623922872946
-0.005125816038079077
-0.03801986812422567
-0.25152709494207526
-0.1124880851810359
-0.0865159983783475
-0.02204071027424093
-0.0014931761999486134
0.013905341897678513
0.0187882696516095
0.029689510897860403
0.06011567208922531
-0.0929886588450701
-0.5791372444645774
-0.2683965910431616
-0.08552337927706868
-0.04329770649110901
0.006993265547745264
0.017047758325815728
0.03556073828098762
0.04001602459618992
0.11266493192806801
0.299823403917525
-1.0363072990441635
-0.22042817620503688
-0.06185088495445858
-0.005496966210121566
0.004077110512811913
0.03084288019845631
0.040351183168282456
0.08217135837668581
0.1224643542317509
0.1852358023729851
0.23025465843672793
0.008293282636094117
0.01695151326521766
0.0010357927489045534
0.020283511323173523
0.02783625794614652
0.046179478059483955
0.07104659839788834
0.07098140548001555
0.12336058013994924
0.09373222330517493
0.048975296364729186
0.014307229569666935
0.02225932996086855
0.0222622370518674
0.03345794953726816
0.03699551341508772
0.06177465041431959
0.058168159305217376
0.057666114378143805
0.07024250075027233
0.02753971483334343
0.025515429991564736
0.018024529972023327
0.026033133177475846
0.0256840424718301
0.03690227452660583
0.04106441110129106
0.029334435538963963
0.039779131534968766
0.03448661094939091
0.02367110850812673
0.010599836604795495
0.016383261461009758
0.019236429004809544
0.03081712125792939
0.028105728240298215
0.027915268879732606
0.0271566727713559
0.02080423348954671
0.015851249615230167
0.0033001942799273094
0.008545434719700536
0.00998558587988414
0.018057846549559418
0.022923805649304175
0.025231826531351736
0.023715188353702076
0.016939466741616765
0.02326512666519199
0.048930449555278394
0.030855834105738555
0.02650271465519771
-0.0004727515290746322
-0.005972486904333463
-0.009450837120820992
-0.002911908095540783
0.0032326568263514183
0.01772983703389951
0.06490976441259907
0.0832428674839386
0.1636625902536377
0.03249077094141971
0.015809468313311485
-0.01614977992892325
-0.004928029986084844
-0.011675938713696156
0.007745876467558822
0.03869287552146956
0.06534618907230146
0.18553116560509184
0.4142094141056911
0.096354215776359
-0.039505661099247275
-0.021384979332336955
-0.02155082129120638
-0.004116656867058292
0.007061831918451406
0.024556677942156286
0.08751690084951762
0.24218048576665377
0.7778381461685042
-0.30295022171044367
-0.09722053285489791
-0.07406843598261895
-0.02861222324591063
-0.017359232384145985
0.009606095482449102
0.02146848313380366
0.011823713042901484
0.034420067170423806
-0.2989507128177552
-0.1877595644249654
-0.13912834889375236
-0.06520846660269372
-0.04257895057612218
-0.01557707926618541
-0.0072636871486605765
-0.005604907762593207
0.009597118747873163
-0.031032940699648476
-0.0857697357493722
-0.13306054700478182
-0.0810760792126335
-0.06216611289511579
-0.037861029801769606
-0.024310534197272273
-0.0037773573922071707
-0.0055001610691194185
-0.011747856541735189
-0.015423020673333879
-0.06605849904555713
-0.0611814491274997
-0.06052799355615821
-0.035496856017920526
-0.034041900926803585
-0.01768893127591203
-0.013222281057638641
-0.009261392027446958
-0.003641574042890795
-0.017258212771231254
-0.027129329774409464
-0.04369514472613932
-0.03277248819542045
-0.03144517843588703
-0.024901105856042566
-0.01509049744877915
-0.008037242147447079
-0.005054587459971088
-0.005001410122021388
-0.001999881944006217
-0.00788273943498491
-0.01210107541113083
-0.01909462056373559
-0.014634718273107493
-0.020532146652559417
-0.005508424136452239
-0.00632261109799561
-0.00033423886056303006
0.009963720374565214
0.009924672678057333
0.01817081349142435
-0.0025480788610725224
-0.003176234480489436
-0.00956789160754721
-0.013945787080313635
-0.008577616509574356
-0.000620279374872597
-0.04645539902114664
-0.05447729710844035
-0.07813228572054999
-0.0762840455495354
-0.02880155963820099
-0.01643483418702631
0.02599133299958073
-0.034325584880757876
-0.0009384221349159547
-0.03082022752886044
0.045773493972185705
-0.026935347352517867
-0.028524143383294932
-0.010937239822632113
0.03961991880240642
0.09387022865553739
0.14835330614816727
0.09631728383759124
0.16564827028356854
0.06874364953152676
0.07889029475576596
-0.017150985681418613
0.006970542810736361
-0.03984580253694634
0.08728075065919394
0.11916865800015598
0.6663137222671307
0.41522877740855796
0.3268100777305243
0.240015107714203
0.10150642311266349
-0.01676032197637029
-0.030551037034403206
0.015122199392553541
-0.00971133148897958
0.1095548855879924
0.3520169188127236
-4.92804917491573
1.483856982565145
0.2652373777072535
0.03347919026151018
0.00303141839644053
-0.056404100832266615
-0.029043523390547832
-0.01724436072043552
0.04849731421523533
0.4977723307043513
0.8857940741399355
0.5818518682622464
0.31199960068503335
-0.03694175090399721
-0.03688596332364247
-0.059322168864580305
-0.0358794259566961
-0.09406711446524701
-0.005935388717246066
0.029029191826768365
0.23432964825709038
0.2047997969302966
0.05734832379560027
-0.03682338810396936
-0.04119343337315433
-0.030900559888979176
-0.054948864386443697
-0.04508198872310871
-0.052061733342621506
-0.026198638689090444
-0.00223606075904332
0.004784984732719317
-0.029855833080761576
-0.07135960793906017
-0.0594419607254187
-0.08053111933964054
-0.04254211356206726
-0.04828868180796006
-0.032675345202738175
-0.03748050519309475
-0.053455666706852846
-0.07940719175534829
-0.05001193629014952
-0.0766634164227887
-0.05424828095180034
-0.06773242895868908
-0.08660836482300084
-0.03252318277958479
-0.06440647797625348
-0.033712971197507796
-0.06410216057562552
-0.06899549907037146
-0.05324728983445717
-0.07747313695997604
-0.07313102780419158
-0.06605902509197593
-0.07279991171818236
-0.05248839400279037
-0.038360832230896716
-0.00973184865086902
-0.025728811706112895
-0.07415481746330686
-0.0644866010928813
0.5454113329916512
1.0651674696746607
-0.23692477247987792
-0.10295588170298633
-0.05761060142902601
-0.0223644736640515
-0.0022746072198655937
0.026889093947993728
0.06725264122669317
0.189046551721586
0.13241628371564737
-0.07955483427121973
-0.10407826964510745
-0.07708343711909625
-0.04469931262879805
-0.024581428178640025
-0.0044097083446360385
0.015851356114149163
0.053785577856390675
0.0920570850168261
0.04747756070507447
-0.02481662381999758
-0.05837137849950395
-0.045462312418063734
-0.034589442667610715
-0.01827923024427629
-0.0058097176467771594
0.010079031812173754
0.02568066020954638
0.042289915920092284
0.009701627532851411
-0.014852660670186786
-0.03091478615010862
-0.032238860056611696
-0.02353006024941108
-0.01611509513553468
-0.007905385832894704
0.0019933469842849205
0.010369359621869084
0.014051661058160775
-0.004229040511367736
-0.014002698670717661
-0.027541275582417868
-0.02913397258666712
-0.022305838569149774
-0.01498822460155307
-0.008180478517782003
-0.001501222887115545
-0.0014744605555968638
0.0005230929493883139
-0.0075711569211997475
-0.01834261369718137
-0.02321409051008955
-0.028253992885909934
-0.021127409207292017
-0.016059301699374338
-0.008611777407050663
-0.006286845588091648
-0.0034408496930728913
-0.0046784551335928275
-0.010829688790507847
-0.02994437251408636
-0.032846668919301616
-0.032236298408749205
-0.026936924320521586
-0.01964097488750229
-0.012251816411899749
-0.006537944715563401
-0.0033805441138370098
-0.0028139625313181563
-0.006505946198112185
-0.040265333220686504
-0.05444980453989662
-0.04404231702722935
-0.03318102078560938
-0.02034160179178386
-0.010039891087693792
-0.0023488760743013855
0.0047115447187576626
0.009404860438437327
0.034527163447291925
-0.1357279496376661
-0.10108220028820548
-0.07103977717127409
-0.04357285059385155
-0.02454089492782062
-0.012908129510015198
0.005213191771797713
0.020798521692241306
0.032778643115953326
0.23856168089959795
-0.43174965233299173
-0.20906592251834077
-0.10522261444583993
-0.05583178923768967
-0.023768584328933418
-0.004143143634707941
0.014957461144587925
0.050116894970894464
0.10930046058549517
-0.0010316204346887895
-0.0011750986499647362
-0.0003001931421676447
0.10336265372237378
0.39231332670568836
-0.35376841321826713
-0.10402514509233461
-0.0028201872804423556
-0.004563968949070254
0.003508305572361132
0.0003252698747937581
-0.012556173986897328
-0.017315901508492732
-0.07475983257104966
-0.5046227368246052
0.5351761200073236
0.08006279596786767
0.016921787782228036
0.015304666159437241
0.0012258923218337189
-0.004999356167557491
-0.008872796756317853
-0.025498620510245193
-0.029601740178691948
-0.06748741999072184
0.07869173616533227
0.02684505742023302
0.026724459007338507
0.009598855150439255
0.0038518577733757586
0.0008386014882827244
-0.008938542557125954
-0.007021234797918043
-0.02352199870194842
-0.00898000798425061
0.012187276424702912
0.024504726417914728
0.011289082074920659
0.00866436299299748
0.0018701510355717966
-0.0025305820238239515
-0.0015038320426209789
-0.0050834640282508324
-0.0035060826575860305
-0.009777069120635843
0.01113508361329636
0.008630016163326572
0.010291516696241943
0.0010157500306157475
0.003705597203076798
-0.0006861996909278407
0.0022525334001179823
-0.0011205195007849152
-0.005507434867069426
-0.001406147046554665
0.0011265683545265714
0.0055740900833410115
0.0017368323996214388
0.0024782288881280163
-0.00041495034422476
-0.0030325761528348172
-0.0013375057898764781
-0.001614495210916226
0.001756837588726643
-0.00114882271130116
0.0021580695200146796
-0.0007768647242621211
0.0005699637662282671
-0.0032360583511766034
0.00011539928453429624
-0.0012221387266759761
-0.0011813420684668107
0.0019696714613946175
0.00031576588063413806
0.006127188415603553
-0.006304822340592116
-0.0038153612921972397
-0.005007234191817421
-0.002397643936969263
-0.0022993198309958596
-1.0341068654524206e-5
0.0031657556703115876
0.0017586424287401143
0.01892166767188974
0.00812267551486953
-0.004157716642444596
-0.016147270617176464
-0.003071858205417777
-0.006415161023939812
0.0006033518251584338
0.002008471637634771
-0.002417760086218079
0.01580426376620821
0.02699674404164086
0.10370722816223629
-0.08943633090682516
-0.025797915318122082
-0.01916046968449166
-0.0065850288529066955
-0.004443591535630147
0.021268435269085326
0.06016707457376982
0.07200671578160713
0.06803102168915734
0.03260211126723524
0.024368601931268323
0.0145595436995324
0.01555682287144934
0.007381690920107468
0.021614389970010812
0.014332436974190841
0.016466246020191175
0.039687502088145366
0.019019463051376233
0.019573069943827157
0.005628908850941941
0.010892009278222928
0.00509600144545259
0.009322884288005791
0.008222705382273371
-0.004675014201185331
0.006449441232445769
0.00822826568656883
0.008872687528651417
-0.003538198315201788
0.001422946270329809
0.003006679512351359
0.005590133656927083
0.00039918817757212625
-0.0024956320678827105
-0.005294793181212773
-0.009556871939131947
-0.013244617006678993
-0.015746253182356475
-0.0092052850005627
-0.010792825951490923
-0.0018573317319180243
-0.0038591392683724624
-0.0016202950174422207
-0.006422444967102379
-0.015511905813603462
-0.022773889709602434
-0.0406302078951393
-0.027336939897190965
-0.02466388479286643
-0.011828100554060406
-0.00676301423967751
-0.001562532083548535
-0.003711159496140833
-0.004660425490025324
-0.02229200022103732
-0.06386148556338905
-0.06704782056771588
-0.0731791468008941
-0.03815770636063152
-0.027320193706977348
-0.010062956722631888
-0.01093043929649045
-0.00772766719742052
-0.018054038004345217
-0.051681798155058724
-0.1052700397272849
-0.2568957242501905
-0.11730405885942223
-0.07822967442116706
-0.023551933508690375
-0.01239719049575422
-0.0016135742279368534
-0.008316663310820155
-0.006342475049763918
-0.01898057251706359
-0.26872034696977243
-0.7379613830690991
-0.3222717930852056
-0.04651419393870893
-0.022763126407513264
0.0005280223954933361
-0.0030100219316799115
0.0021909807318548536
-0.005596602410518625
0.014917834407398153
0.19317669696452944
0.9095508979703073
0.22614718517992435
0.017810895785439117
0.02619409334101954
0.007334490155588633
0.013171647022853752
0.005187887251808814
0.02608990122747892
0.051083837699089064
0.07842375350494767
0.22164220646718688
0.08699528624583057
0.06400724257403864
0.020344284857670772
0.01564282694764736
0.008415976335563886
0.014819670137002666
0.021662799066459085
0.030294101243052086
0.04434342893559219
0.06550531493677345
0.10207002471114525
0.18683607358900517
0.1851781763064777
0.1107325619047918
0.06682255980681705
0.038863946228578104
0.03143714963188139
0.030256243255091728
0.03517246326939776
0.04755352809047769
0.07043984088677656
0.091333750209751
0.09479047949334977
0.07484416135436346
0.05177972331933643
0.03694444675954362
0.032809739390915776
0.0245655814110799
0.026867967879752163
0.03208773323641611
0.038611261134918855
0.05022953066510089
0.04632196185223446
0.040384653063300545
0.031265859904869624
0.026486773894893446
0.0250775259441379
0.017258380855672713
0.014839075345874215
0.01449057558701944
0.018434186312528467
0.023918718147205364
0.02189459180711981
0.019153014057797322
0.017697973093985356
0.01999264022909092
0.02245509437344342
0.010650585904871055
0.010330317370468297
0.009311957390621668
0.0041092247615780115
6.366089252976635e-5
-0.0006905188725032899
0.003354116935252659
0.007311316850960559
0.009048866105735003
0.014274706257582634
0.012252980534298758
0.007972631511281253
-0.00015793707800315345
-0.010910237453902192
-0.02569359399711459
-0.024965125492550023
-0.013909407791395819
-0.0019801026542730204
0.005529708086209927
0.011130174780804478
0.0071646672534549745
-0.0007769003234619395
-0.00876834876716903
-0.03958984932957147
-0.06293295936585064
-0.06869350599799619
-0.03861079368764119
-0.016104903397725048
-0.0013897475009685641
0.0023816047567671336
0.00942755052861759
0.005958112979115918
-0.01987653713648055
-0.07090948652914279
-0.20434175763594564
-0.18001572566127627
-0.0801712322245352
-0.02342918047338716
0.00212329143090222
0.008422227107864675
0.01790636077416786
0.015473204497621865
0.003316621451854006
-0.11603562262903265
-0.5476041383203426
-0.5208537295525156
-0.10102690517776845
-0.009659691137469943
0.01308672969944266
0.016053952128160666
0.027938707843368563
0.03966311827537859
0.0530913075976962
0.13126296982618685
-1.3054904626800203
0.8298168316173757
0.1214724297381791
0.057479377048885484
0.03715458247916311
0.030113704777519873
-0.061600254828979274
-0.07888325558823245
-0.11666812543052581
-0.1848484798328352
-0.4379389091514682
-0.2512920315506452
-0.18134422229125874
-0.10834635334838233
-0.06409191702741533
-0.06310264429776793
-0.05751264900826496
-0.06954728814893349
-0.09481641765912213
-0.13704072688913843
-0.1828633307223394
-0.1515693173409711
-0.11916722550431999
-0.0884491670037433
-0.06640210644336257
-0.058716970587531836
-0.04739662146944278
-0.05482949111660905
-0.07098063758045897
-0.09055522600514647
-0.1090834793338546
-0.09381825549540347
-0.07286896834852068
-0.06640568056189512
-0.05472090022054707
-0.05042000745356292
-0.03975707528120561
-0.03090566091147652
-0.03507573626845715
-0.0491068336790809
-0.06577835588792556
-0.048293982336360015
-0.04996448453212807
-0.04449481897972311
-0.04938919176223803
-0.042867138280939826
-0.03202216828216475
-0.03557254150428883
-0.024560149342271013
-0.024988062019996742
-0.02904672089432186
-0.024952663245871125
-0.024312065985860103
-0.03758385470218245
-0.03752743104775395
-0.03866690837204395
-0.033294356085115565
-0.029065193252825673
-0.017622021803756997
-0.000699754816306034
0.014509804945053316
0.00972845117034919
-0.007041446047084034
-0.02478448669059616
-0.04016031418279845
-0.030375289228449183
-0.026590131306287245
-0.01900606374514652
0.0036640592575058533
0.02999642508644966
0.05861227188912068
0.04935807781455958
0.024138920022656437
-0.009846032831702593
-0.017611527766385863
-0.019937418473602857
-0.027844690005350854
-0.010654288896231429
0.023434861733094288
0.09243854142485407
0.216027935104081
0.18261115436033626
0.0597427303029974
-0.00863210822753666
-0.024702824270992546
-0.025355636514517672
-0.037812917588703414
-0.03300426414039541
0.00993217584234847
0.15352103610697992
0.5179207497403024
0.3607412357020065
0.06434750998393114
-0.01557738609404992
-0.03848747881628872
-0.03892085908597997
-0.059475661143555604
-0.059496144172287296
-0.07679411219681795
-0.16056140453008885
0.6334183271833885
2.811332288978217
-0.160583880464055
-0.09157690464374205
-0.06520597912277612
-0.0584094753524055
