-0.004595412480499781
0.04438922864716644
-0.03409222822861945
0.04488018680496828
-0.016701185552383462
0.0638652848906957
-0.03058384173085925
0.06604887655443514
-0.025210793329319886
0.0570831959479914
-0.03296123592361055
0.04386854407092895
-0.030545227003457166
0.04912710272272196
-0.01999731070518871
0.043440438905803326
-0.10013058367038864
0.043950870839902706
-0.025467457891773116
0.06158171200343278
-0.030321150767410383
0.05218616511214277
-0.024443477568211046
0.05178322161031598
-0.054583636719223415
-0.027504129112489437
-0.7359670792704593
-0.030335886415773818
-0.055416984400230275
0.055526158974815415
-0.03361358543559802
0.05342660965665054
-0.02875998025869898
0.036970892835496955
-0.08850333682304136
-0.22335533657511006
1.1359146532937032
-0.2348105010605083
-0.08808306674037543
0.04892866634086896
-0.025331166356043336
0.0514705639843392
-0.02299274002517442
0.04082898498956066
-0.07559445318531215
-0.0936271507693506
0.11129681051838915
-0.10026442341875334
-0.07310319896408796
0.04600740029178218
-0.030414054071997695
0.05409528625840883
-0.026407919899836797
0.04182776899213091
-0.05276689699649788
-0.021783986637140974
-0.010180371702244303
-0.02326483006237346
-0.05454585492052272
0.04980783891665845
-0.03154904087078734
0.048119700203815674
-0.030184315212817153
0.04506136914235488
-0.0360224772448425
0.01908872391290028
-0.026919506372978186
0.019280430837687088
-0.04421706484776836
0.05577445792215422
-0.03567962382828005
0.04194536574220786
-0.034867436132473555
0.04518182994957443
-0.028287499847996753
0.03941930927798411
-0.025923831214814265
0.03784834675539894
-0.038146854580884425
0.05061143298865773
-0.038119226316486864
0.04057390699259793
-0.04375836925492302
0.04933684376857152
-0.02259180450965471
0.04979412284302444
-0.025030484431663537
0.0495633814972214
-0.035811658829651725
0.04698228651884792
-0.03178368973211216
0.04278269157249013
-0.038288059631138786
0.04896088116817282
-0.019123555273036844
0.058677522004435566
-0.022264145701386413
0.057488741859452984
-0.029601617133440106
0.052269499268151984
-0.032931977995726315
