-0.0012956871889099858
-0.016224020172473954
-0.001475402000770859
0.007219972549454762
-0.00644807503350519
-0.01281560681890273
-0.03210500229709957
-0.015672684117898007
-0.008608718631396069
0.005416910015113396
0.011017436862468054
0.0141254981536415
0.010641592938635662
0.014087821007330435
0.00859134127130528
-0.0019004864152461977
-0.01673078826881677
-0.059351042032904526
-0.06939217690051491
-0.058877896418628235
-0.015196172329960869
-0.004570229823758543
0.010270283414168383
0.011503472232617103
0.010920211054062025
0.011903907800891733
0.011074032440274321
0.0025263019394334797
-0.039707038890681064
-0.08313005466649698
-0.26185463273033927
-0.0850425687705496
-0.04040847269011975
0.0013135410817359857
0.0055727071140146455
0.01629402019530436
0.011135144182291563
0.015579608566160252
0.008398759316838625
0.0043284999681792264
-0.0017756096433432847
-0.18625685283383653
-1.108616114543978
-0.1774708209200451
-0.002869663328737583
0.0016663215394952732
0.01669856445401672
0.01613218179446425
0.018523546961471144
0.019181622107002323
0.020025106162762544
0.03983566163191077
0.04879275938047148
0.23501657290600897
-2.055809555686605
0.22512335733903333
0.04981018893266331
0.03801516222585693
0.02712712500282955
0.02642427201793821
0.02183646004742696
0.02666893192786364
0.02561046996674454
0.04197845354068832
0.08485370546487954
0.13091105258216493
0.3146946953020683
0.12715566622427663
0.08360211334133835
0.04002894095356563
0.03544914817554797
0.029014484218677222
0.02516021312182313
0.025998131916942606
0.035995594482835305
0.04586823530233103
0.06074378727150053
0.10536585463842327
0.11635094249553606
0.1056814815146963
0.05832809893017232
0.04798822160314716
0.034394188201172425
0.03130236420009929
0.026903813176616144
0.029105288718763216
0.03310550822672374
0.03418257498171054
0.050599149194582325
0.05773874010889253
0.07431807412266174
0.057474159469647734
0.05189195309815387
0.038136482399474585
0.03156687673216518
0.02876978360881858
0.029460761808825356
0.02779328500888489
0.03196157756505477
0.031221739529014313
0.034421403554645714
0.04184010204027761
0.04217404105555395
0.039943685865437575
0.03624727465677527
0.033999549000772976
0.028332399522767858
0.028659162086321775
0.024007919113450873
0.025283079611362034
0.029720850362856172
0.02411486256063306
0.029654206694532247
0.02449818832721994
0.03237504206899374
0.02651632027934515
0.028977076547105237
0.024487728241749038
0.024909186904218374
0.02568927987045809
0.019425472222139945
0.02146929169520363
0.024268072836987065
0.01953603618947156
0.01839640320171845
0.016702393857591497
0.014081037896358535
0.016720678796875096
0.01434194033924526
0.01876377157922894
0.017455845646315648
0.0204092615297231
0.018847585381909015
0.018151966412720075
0.018695859516211943
0.011681599084980775
0.010572754857240546
-0.0016177671103067516
-0.0017481372746826597
0.001303906961986541
0.007446802790049054
0.009606657585084553
0.015779166166510428
0.015640159340114264
0.018234915955495604
0.016688443162991652
0.01610027573831967
0.007182333781467864
-0.02848208679059186
-0.06872267245129557
-0.05040354651597134
-0.07622684392677873
-0.021299868777564884
-0.04500364579331284
-0.024843300878479108
0.010501858010677899
0.029851237625404696
0.03579775946272501
0.01603922669180649
-0.045857086250092424
-0.03926121641239645
-0.10384582274204252
-0.21393790929303874
-0.08567963352759295
-0.1636363722789343
-0.03613585747750959
-0.017800381562794523
0.02190023942960754
0.02040850774122881
0.03213555297614737
0.007778586651430095
-0.0070532826944649
-0.047647827216653706
-0.10503161809165958
-0.6097400076913073
-0.5355636864460924
-0.07076714269147755
-0.0690969170761722
-0.011982844656234832
-0.006937240272161018
0.012991547412817633
0.013004051500573028
-0.006686621001865813
-0.016955214032871355
0.05810402543561136
-1.1213414509206838
4.459140478823794
-0.598458849324803
-0.3900845719508553
-0.05173571667814071
-0.004971156964510053
-0.003648021283402662
0.007406272497701368
0.024588274802138176
-0.017424022542529623
-0.014221857009257093
-0.059943649928609274
0.046651559537973446
-0.498775797656152
-0.406342615014775
-0.08577303553034121
-0.0783316063655421
0.011619392372252782
0.004269795882301681
0.012911003111671721
0.01835668887278121
0.013916683582643148
0.02296951558963317
0.05768427735081528
-0.0407615563175496
-0.11126342935700569
-0.019956569766843592
-0.07295351434989154
0.030189463006037344
-0.0030138426313127235
0.0014163133705533337
0.009414734423604236
0.015757620151661468
0.021398610888716897
0.04285723279395996
0.008194277749489585
-0.0008059956240968856
-0.009960427928727155
-0.013326277950047946
0.012080601885241508
-0.00852064323985182
0.013616674007343229
0.0036774006309194893
0.014434454013712059
0.027678113124253084
0.057344384158615216
-0.0003506636062828184
-0.001572171241552912
0.0032292445634954335
-0.0038981247149837764
0.014190056691863687
-0.002002662526605108
-0.02159590154661766
-0.0004420620455324823
0.021209216246968053
-0.0018078541024125882
0.013279650448582168
0.028994209250817016
0.0289018967053888
0.01880710232232204
0.017207186274092373
0.027076473109234674
0.023255987646935424
0.025998809083529622
0.008907928105500146
0.024589822154539046
0.028582461802224943
0.018304281891269977
0.02720478611231788
0.04342657664848598
0.04102263597358689
-0.02129263349492973
0.02620131130484344
0.010665190520323248
0.005462276835556872
0.05196591199364629
0.0068283793743395904
0.03510333369336795
0.03682867065169148
0.027492193311030838
0.020212834537933638
0.01462282727961301
0.03193884072043742
0.011562017493835706
-0.011142834083185622
-0.006834336899691179
-0.004043205234294588
0.012848767803979548
0.005092997070447834
0.00987469845587146
0.02826749416411246
0.040761437050718496
0.03259459568476722
0.031738369667230586
0.0570254842238295
0.010388455611277506
-0.012930136634308882
-0.018085881827146245
-0.001732459937673769
0.003256572304276603
0.02942385605184042
0.014196053613023393
0.04087229095829533
0.05128893611414499
0.03577813344841296
0.03679521128264582
0.02886635073805305
0.030116248916833056
0.03360498781560095
0.039001996847660265
0.04230809908308527
0.04271746099230423
0.03817458981614273
0.03344780830708396
0.025920863588775742
0.022586856224562673
0.018299478157441974
0.023266658776790454
0.02608581902416415
0.02917774450173416
0.036976429683524395
0.036549550946177504
0.04535713534410512
0.04325621610008494
0.04468067254002998
0.033960101654059174
0.028396163493285234
0.016219242342073722
0.016680570688975722
0.017402881809098433
0.021497795545487336
0.028518065123466357
0.0348240276241995
0.0430266558490888
0.047012006998187264
0.054528944174632415
0.05190317419713059
0.04813131316692711
0.012096585862608773
0.00921406309841276
0.005749429343713474
0.013625829061933924
0.0196248332813324
0.028353361980455603
0.035557971526481755
0.04419181646392478
0.05899055406198691
0.06726791575840796
0.09262669174328285
0.05404539861267
0.0037993725658554325
-0.0323325675911846
-0.0073587921547220705
-6.015084858075522e-5
0.010888582997521757
0.026208657104453685
0.03621623018980621
0.05280946185610667
0.06777674368489588
0.11478794189650741
0.1352688625807725
0.2456902466082268
-0.17507898067776376
-0.07696038724675855
-0.04995042651509448
-0.005093775082028017
0.009669753213299536
0.021018572283467263
0.0373189056611042
0.05332558087681633
0.08471259321265041
0.12441219007197818
0.3253664918765861
-2.691791545331424
-1.6853258648922131
-0.2576182248237663
-0.06327455327592911
-0.023969356223679454
0.009429961617592802
0.02527803146434508
0.03224398824647159
0.052200610035193
0.06697450982442939
0.1130587879470165
0.13992555490889977
0.25179066210371237
-0.18068750186029464
-0.08054020319725637
-0.05348122019427608
-0.003529626828209501
0.01933334160441542
0.02617417680344125
0.03907245301752836
0.045914937476689836
0.06302833646458296
0.07053998497858155
0.094637558567988
0.05615990560743123
0.00831787660872427
-0.03172222607360209
-0.007648951830678851
0.0016462748862716612
0.022072960298631903
0.029188106225500783
0.03353347745595797
0.04353619999117548
0.048991187722638704
0.057246362409855776
0.05293736957977679
0.04992692435625286
0.00955781476856008
0.009808908490988824
0.004031822671402286
0.013110099820520069
0.02652543916194994
0.029717038839464548
0.03607266521966078
0.0403170455416518
0.04420579939924838
0.042180513610655494
0.04296924081945804
0.03636488636498653
0.026945449425968437
0.018266906943181026
0.01814799521711089
0.01872647727837999
0.02826342217762056
0.03244054925827041
0.03140157786172698
0.03724892571932792
0.03809417318883611
0.039170054939503006
0.03585545776647937
0.03421295542525293
0.0239146449806009
0.022074178853101624
0.019417495786892926
0.024204849525911343
0.02734794644643261
0.0286032018646026
0.031153091110806268
0.03617899167221332
0.03769428958069961
0.035668971628258384
0.03573130002113627
0.030897000659905378
0.030924360130952972
0.022987539883202655
0.025402063373809035
0.022119111050992176
