0.00264853465184089
-0.0026237838293168758
-0.0015340877529562307
-0.0017804767566344517
-0.0012501912575934558
-0.00022006635707348568
-0.02850382366122626
-0.0028805444193542077
0.0018596446435999146
8.513549215063542e-5
0.001695833927986729
-0.004052410959384061
-0.007317293891194314
-0.009247517579060505
-0.005859735761337884
-0.009796971074143153
0.006782561386661201
0.002434940403139605
0.005374006786105362
0.0011398165716089456
0.0019521651567836905
-0.0017604333960738365
-0.0007407345909309235
-0.005153402393698013
-0.006755444216045352
-0.004768886545856729
-0.008520420139675548
3.353882121492576e-5
-0.0008662531702059966
0.0021340799179503005
-0.0024686769163082462
0.0011879374356863867
-0.0025122772362651787
0.0013286372086441132
0.0008282225902718309
-0.003434260205118974
-0.004476118517225191
-0.005102471739413983
-0.007586211048097544
-0.004843134632724023
-0.003708286565811305
-0.0024494348644223066
-0.00041938542823930663
-0.0037119907346087615
-0.0037348288170155194
-0.003364975714095791
-0.002520229293205368
-0.002222971561088806
-0.003955497987900909
-0.005387433163499476
-0.005962526085690737
-0.0022355537750673275
-0.007113255190965038
-0.003920919696249622
-0.002672228455786869
-0.004116654823773018
-0.0006999739791480105
-0.002940729302463824
-0.0012728492661453832
-0.00249031325142561
-0.001517794251153989
-0.0014152436078414684
-0.0016702744243001731
-0.006194770894670214
-0.006095290683597169
-0.006364651742956655
-0.0009386689901330934
-0.00338443092437999
-0.006432282795630842
-8.836292641054206e-5
-0.00359036442405798
-0.000541911254998401
-0.002761635263115138
0.0002185881837709162
-0.001702265831070678
0.0021055834201145437
-0.01260674709977247
-0.0055233411554272875
-0.005103231286982536
-0.004604158429447458
-0.004569527976863519
-0.004366044217109188
-0.007300522240107303
-0.0017866714650183022
0.000664136000806913
-1.7142391535580317e-5
0.012345661963008474
0.0009816809763095807
-0.020072592718639665
-0.02251428013381104
-0.003875107262475734
-0.0050634355164928205
-0.008312645092531361
-0.003680432548729702
-0.006250491233855451
-0.0014387828696120675
-0.0007345291308281322
0.017301787771583272
0.018062472940377636
0.08673106003873277
-0.07172486152724426
-0.028347296090826347
-0.01757187173429113
-0.005219722239908006
-0.003182900238433816
-0.0019040852128726065
-0.0019952208161589497
-0.0066731557742976
-0.00047578608935349093
0.0017315769265038696
0.09034600718723931
0.43830167232985656
-0.6707784431422694
-0.07079835119925774
-0.00459501854027471
-0.009816848934768828
-0.002534008047547565
-0.0015478723331715273
-0.003958738141084807
-0.006285675936720916
-0.014628407822609098
-0.009326107208384284
-0.09179268132224562
-0.25261856617369144
0.7666618048316353
0.09867557222606718
0.012680482004759902
0.006741730637810775
0.001079287222596467
-0.0006313212865406554
-0.0008091509840505083
-0.008171186169055761
-0.010948259662749094
-0.02347261556378307
-0.01740203038619346
-0.1254507698755092
0.059693145581039386
0.030415872308444555
0.026063141946394038
0.0038681255791929475
0.0011546380779359215
0.0001738801626829974
-0.003334982465831221
-0.004037254987343543
-0.013625352396295745
-0.010681400538753124
-0.023854503080682557
-0.014100285776757508
0.007367241549620349
0.01998833945751644
0.007580182956108041
0.006104857540338277
-0.009230655566588173
-0.014284108532490406
-0.016135025993992212
-0.00854695043758581
-0.00785138381828991
-0.010715779267493642
-0.006191839311358502
-0.005404212284114754
-0.008054965473178436
-0.010394860918895382
-0.015025335923949265
-0.012133804066362424
-0.009701346211301623
-0.014510160639433613
-0.00942736706742212
-0.011572086467688052
-0.018469703045789328
-0.02381720670706549
-0.015321360102207313
-0.018223675473497215
-0.01629634489065619
-0.009612431046399035
-0.010918798802430442
-0.007892898160983167
-0.017935996362427993
-0.01457319622524375
-0.015189878014715073
-0.018214121726423275
-0.02076439271585497
-0.021954535961226262
-0.014868582170159525
-0.013107538168368965
-0.014900248737657025
-0.00903439642793771
-0.006477438573182489
-0.011049710778933089
-0.01295492582057193
-0.013773838328865837
-0.014825457969239876
-0.01606854946920802
-0.015598400257773393
-0.020263134694733193
-0.014151684558148964
-0.013928797661395584
-0.013407984313903144
-0.003887226656806306
-0.01189163642537304
-0.011419375067902096
-0.011940764610178043
-0.008391430805746156
-0.016826238824979304
0.020949148914988523
-0.041898983522380105
-0.021461869552782065
-0.013377972476960038
-0.01349028353920695
-0.01448086123185306
-0.0025525189836250635
-0.0072405556102917825
-0.011493062999748706
-0.00908674484244784
-0.009878660312990428
-0.009572260028394671
-0.000545169092256592
0.2553687732072403
-0.03260483084027864
0.013762300022939716
-0.0008604471385919173
-0.006849992887809411
-0.008441953801749728
-0.011356383910476423
-0.009337661648738876
-0.014997295567124178
-0.012986114590408361
-0.07324597232079642
0.25108649234028263
0.07711925469253161
0.16282681383999026
0.04675182931642143
0.023913575559619045
0.0021028956366891563
0.0017112466177066144
-0.006954604503421462
-0.00953522535230741
-0.011351593951096878
-0.019433448757478863
-0.0039601963632173755
0.0002888992321775155
0.2114749436053171
0.04891499792265711
0.060696394801940626
0.02001604991130986
0.006118029948711502
-0.00417572653747966
-0.00520506342618939
-0.0048848148375651955
-0.01096605562334663
-0.00636932999196845
-0.00861264242933805
0.02833696187072515
0.014992461422690524
0.05005094370868577
0.03198915178451856
0.01828234016456771
0.002626821946543254
-0.004425906194027867
-0.010934699098367565
-0.006529921043733624
-0.011971044756217686
-0.01320049401248995
-0.0052041968331836466
0.0004539340702490684
0.01522051965060573
0.015797019450600844
0.016275535315593455
0.004475559706052477
-0.00022712531932627972
-0.008597280145286804
-0.009824723181738763
-0.009846680456479961
-0.011979412239231673
-0.010301779433489068
-0.014734964404461816
-0.003521025667518167
0.0012915830094647372
0.005255624811692901
0.003902061160025548
-0.00238102600841245
-0.005887709728425831
-0.013549691548432717
-0.012127679881645446
-0.013434661592286063
-0.0061920162559607
-0.013778132846850909
-0.02051543474944105
-0.012169033599218646
-0.010260309147787196
-0.004799246747208982
0.00022631772210020447
-0.008117275894611026
-0.009907327332751275
-0.010412257491219228
-0.011124786437887118
-0.014282558169079345
-0.06676588103371216
-0.2274804196072868
-0.6878827947392824
-1.207638907421794
0.19532364461711924
0.07382780455053967
0.05532827111930661
0.029853735718153154
0.017429979210139702
0.0053051675730462836
-0.0035493463452094917
-0.030700265467779212
-0.07068031541027288
-0.17494718324666308
-0.3978693014430981
0.5712503824745777
0.13426919988804906
0.09086681298463105
0.05181373202881636
0.03251826216990967
0.014849505851528135
0.0034709746957160446
-0.0059598357785150165
-0.02459122605563146
-0.03705618484524117
-0.07817754517270196
-0.07912332924057248
0.0750724816049635
0.08790839663769705
0.05921573999605132
0.037896148941456057
0.02427420059608895
0.013470583296374428
0.003623225890192239
-0.0045063332256680515
-0.0177024261874535
-0.01588571704792871
-0.021764461023590156
-0.012586616220205307
0.041829380548297115
0.04732479784858476
0.04075290433514782
0.027395574139016936
0.020279231543293065
0.015466219432822805
0.004815154920486963
-0.0031915484879343693
-0.0069393547190595845
-0.003298122196201737
-0.007030590151375239
0.0019107039455857292
0.021396976885157258
0.029071748401581162
0.02526624562766927
0.02441232095867896
0.021091697591730903
0.012542925901612085
0.00872182623348657
0.00456337393959514
0.0003535674808898346
0.0034488211455363303
0.0020426087796330743
0.008848108990653815
0.016420229763277554
0.017586959543049438
0.021081282700527566
0.021339768686017203
0.014570284465569934
0.012356675731188253
0.01157082113056609
0.007965989747823596
0.001206914015438553
0.006914618943819407
0.007063633076204515
0.012067493444906255
0.01209398788225683
0.01726116759964004
0.015877196305173855
0.021007567403609644
0.015490790497009644
0.013123473728452885
0.010940759217455045
0.006033179803782105
0.003999405035400707
0.0033367321848337406
0.0068098541788117846
0.010528551454121907
0.016158639637845376
0.02174900484945484
0.018960571339277883
0.019565540367496432
0.017188460981325007
0.013577048428408548
0.012808682489801422
0.009421859229101093
0.008035881701294278
-0.001571177079469054
0.0032051125269580124
0.012367378101630029
0.016997021219314
0.023425182491645203
0.022540712584703075
0.019285142769045555
0.019061811710349316
0.015516814593047061
0.012071454107279327
0.005227711785886052
0.0021385393226928183
-0.006709176603836677
-0.002744582915223885
0.004643881257925473
0.02596530792644186
0.031474480162549376
0.029883936262303224
0.023904057933200353
0.021553886546817898
0.014001549637214415
0.014134450014987702
0.006001264877740508
0.0033608980514920938
-0.01635367807207561
-0.025033424871253852
-0.00850976402276937
0.06076655936086937
0.06011664310748324
0.042112703032947486
0.03404080872212837
0.02747456530167287
0.020942126637415882
0.011277608716773172
0.0016636924812867217
-0.008324127156835942
-0.04865948385165334
-0.07488607474516402
-0.09165044361957292
0.13784837166628472
0.10824316067823549
0.06547455314242087
0.040454601464240694
0.031132815999618337
0.016094061487502098
0.010927419064392624
-0.0037751009534177206
-0.016301012508137994
-0.013559904845722746
-0.009861211444659823
-0.0014006046548180602
-0.0008389329514300531
0.0066550134934099565
0.0042681546238301496
0.0022410422122542367
0.002492829394603155
0.0029808969872395143
-0.00010897946166247088
-0.0054433864505823056
-0.00904899318967165
-0.020094525370802183
-0.01703824587582613
-0.0186571114156863
0.0020247956321626137
0.0036767212379903644
0.008838416919365934
0.004703728260670892
0.00878282129695957
-0.0008565019937382373
0.0028608688955048377
-0.006705955805088693
-0.0074819833429464865
-0.028562500663853106
-0.043692055439937795
-0.027034704780698485
-0.005044950248129686
0.024457469512326916
0.013600675402890732
0.014511821426951272
0.01244543570614917
0.006978570068431873
-0.0003308150617937831
-0.010461422807005525
-0.01845180199322682
-0.06164486726045485
-0.08781626454025049
-0.14642815295148334
-0.01641588481990785
0.02964088628815645
0.03575965806515071
0.016347528823757618
0.014798640648649919
0.0009395385130637939
-0.0014957152314484105
-0.013178901498092666
-0.025612549346378403
-0.06180722517145796
-0.22475143729493277
1.577966769631262
-0.9699861348415495
0.1396953272072593
0.04333655564060579
0.038132967100774365
0.012582954410438914
0.0032469109126496945
-0.006438057116899114
-0.010292742956229195
-0.033016547696898074
-0.06337001078918915
-0.14555262290286322
-0.3725752922939046
0.04918773668097219
0.06807997129109376
0.06495076779864102
0.02990457802813352
0.016217437757157185
0.000940931608363932
-0.006768146243747389
-0.01151778308627942
-0.020877936002897415
-0.028252425330346234
-0.07517630266421783
-0.013684061321472249
0.041427796614520375
0.06458187461290318
0.03292985323617324
0.020924986823929858
0.00811633117972789
0.001337497144496069
-0.004416255459992317
-0.009425872370194563
-0.02026553949644466
-0.01666686938106764
-0.01273608831167673
-0.0030342410502084294
0.03566458963785459
0.029279342279363373
0.023266200484103324
0.01131044071488791
0.0062319883260178455
0.005707870041694738
-0.0017867157110327714
-0.00961167734314047
-0.009078281419974544
-0.009013993987169622
-0.008923031467087113
0.004812447072208368
0.011709447429527762
0.016332176576928144
0.007673828740718139
0.009640649451391009
0.008393417453569241
0.0026278510885340365
-0.002240138065971203
-0.005959522704029342
-0.007502492030572771
-0.005357883530095193
-0.000747070644942893
0.002751451924623636
0.007189846671650632
0.0032374745747942657
0.008196378765210115
0.006467634890933211
-0.002267988409642454
0.0005408190767352034
0.000567373348892015
-0.0010988668975832924
-0.008271226964156605
-0.0025051827466983406
0.00029739688951399654
0.003209035451702833
0.0010986128020538779
0.00712432404864584
0.002843426566084978
0.009841289806979183
0.004607639599500307
0.0030153729888762904
-0.00031550302508558483
-0.0028130978057277576
-0.006112217174227725
-0.008847296863167872
-0.006485152360547504
-0.002482385722565065
0.004432530535574053
0.00975598382766757
0.0036598220074318334
0.005865128995479399
0.0044542989674951575
0.0019015469100107578
0.000946106737815443
-0.0023467488231940273
-0.0034755016913787426
-0.02340154485393254
-0.025987349664863595
-0.030481849418413438
-0.02211514984416547
-0.021747209224133982
-0.021798929293259012
-0.015216231323893367
-0.01486938246323994
-0.013007695508116663
-0.00851432700754134
-0.008435527165183901
-0.005692289557369725
-0.013698940123228113
-0.018256780300648912
-0.014215260601777534
-0.017994610656473533
-0.01631963369647375
-0.014710860298687404
-0.017619689936470315
-0.016234732869423004
-0.009698848064001928
-0.007932659766537198
-0.00505466410620547
-0.007190908075567822
-0.009649628189010195
-0.010127979684956417
-0.015117899544833746
-0.011490330984210413
-0.013789296532933192
-0.01427527590228289
-0.016419076500346238
-0.011137766326363851
-0.01077567463882495
-0.009987191655976802
-0.007306144644988815
-0.005203130390920006
0.0002094767753689072
-0.005111979858136578
-0.008001208893791098
-0.011232428179638241
-0.009745091472591592
-0.01140442920394887
-0.014423050009281072
-0.011817401720505433
-0.007726425911991861
-0.006565303889107253
-0.0016978205768985043
-0.0013795984435707588
0.002964671490763127
0.009865882741324418
-0.009106854372576965
-0.009075095906650253
-0.011330319245771152
-0.007588214929945924
-0.01339529709749013
-0.008475495791242817
-0.008072819949714937
-0.0037120023603066355
0.0006492546442550671
0.00761299291841547
0.02734405284183104
0.008032092256621022
0.007682541802908772
-0.014250523230451256
-0.011892667043554222
-0.015769733412860483
-0.01280712685429788
-0.0070670943515721805
-0.0035411592097003065
-0.003338063984868964
0.010705986281845466
0.012091338893623814
0.02438183626245082
0.09312487364754281
0.0010779336336619479
-0.003681175941744611
-0.020693957086759956
-0.015149892792742918
-0.01295891077630298
-0.0048865294681410595
-0.00038587907262122435
0.0060027131254753174
0.01264444808547443
0.04718291347970707
0.10650438898769524
0.4427783846080998
0.07074329805867373
-0.03025548473223775
-0.020965209317851483
-0.023343241799843432
-0.014597679611016599
-0.008889839647646653
0.0010111300356765926
0.007779534902569584
0.03643114348249868
0.062259612313692744
0.3741398663967718
0.6810475985152652
-0.19641469068295678
-0.06600589225401202
-0.058711942156646865
-0.024724571725018914
-0.018725433055017858
-0.008180146714257592
-0.00015349888563029974
0.013054566210495782
0.02519047960699308
0.14472182669135225
0.14507012807758674
-0.21554890618151643
-0.12008427656425676
-0.09896612760176303
-0.04313008377442798
-0.028989177237930656
-0.014966314310316208
-0.01168958494172432
-0.002613081117758561
0.00548553266061675
0.026892325456791624
0.035922533904119244
-0.01916758598680262
-0.0662400526032249
-0.09350581190827685
-0.05333321305050002
-0.040703583949266285
-0.024488295043475605
-0.02070908541053093
-0.012639290063312353
-0.008848103971761332
0.004966873378969296
-0.0012569453005416393
0.01726785642039345
-0.011943134352654133
-0.0538481294757796
-0.04469853154351556
-0.041309540475798524
-0.02816560404687358
-0.02527424739019682
-0.020213441400318433
-0.01703380053427714
-0.010929091359949974
-0.0061219841867464365
-0.002725540258825397
-0.009471872015690353
0.015263301599109462
0.014624382848058884
0.024336630834619132
0.04725304028160011
0.12382755710104927
0.4355213616186619
-1.1278686276013767
0.03900572117970398
0.016285891074852978
0.014095185453436344
0.008199446302195487
0.012509779202914559
0.01616630254061382
0.020963396947753177
0.026287350835658252
0.050406567353997546
0.09443118935418891
0.19985856146014608
0.22331923317907165
0.07619020800700707
0.04066026387932663
0.016374398172623802
0.015565155040315888
0.01006425681786314
0.018855533811759657
0.023378538513478604
0.028617136866895893
0.0401036061377136
0.06349811376589516
0.08307531628656582
0.07904480544334805
0.05892935415995736
0.030771161871271466
0.022816936870845156
0.01715000379670015
0.01567164874329106
0.017200006514326256
0.019038821827099612
0.02127881865707682
0.027998958093452125
0.03820769055008354
0.04723575782142109
0.049033512354806914
0.03438717180668174
0.026582502828585642
0.01815726477973184
0.01745930063114247
0.015453012698437265
0.015213274345764388
0.01503837703118905
0.018709801185634714
0.02264290416683601
0.02559760499571465
0.029752791357265083
0.026462577977980517
0.023369651082870126
0.018245182105057302
0.012183787938304595
0.011999779256013645
0.014200884919768056
0.011627617433906235
0.01147753730117404
0.014423556613333815
0.015336722596922288
0.015944612243854815
0.01580473148725584
0.016318447664056913
0.012650132086294652
0.014114700977243542
0.01074825137449638
0.01140541984498359
0.010630597511862022
0.008316454693524274
0.006782899746185145
0.008746806121166593
0.00853679772141619
0.008061843402225837
0.0060061430617563616
0.005298461019440967
0.004602248712862537
0.005470370055207904
0.007168401592822721
0.006952060738045201
0.009942700383226722
0.005488815777374543
0.00505114834702563
0.005026103093280855
0.0026030933273428927
-0.0011121455495063388
-0.00548754825391347
-0.0054421759156929135
-0.005709427218952754
-0.0002058084775406735
0.0027623170258634687
0.000897766653890145
0.0059960064299136
0.0012033319075575775
0.002702304598256387
0.0029581678639495103
-0.0022725411878908386
-0.014149787025664981
-0.023939854254669463
-0.03142037802411754
-0.018177810996140194
-0.010298937791236825
-0.0012423414492527237
0.0011976274024638304
0.002509211702360047
0.0032638160070316046
0.0021412350492436795
-0.0007729595594161554
-0.008008134499344993
-0.026960009668080265
-0.060198029761813085
-0.06098852972464401
-0.046925041222821234
-0.020711002960825352
-0.009031132645784288
-0.0011177254900818913
0.0033882243476818655
0.004633506355035179
0.00559984786117808
-7.502520271026111e-5
-0.010121873880598785
-0.04422115532091553
-0.12446544130412461
-0.20137851901610151
-0.0797447757341071
-0.037004974115117155
-0.007943030061768733
-0.0020131293698569318
0.00297491196773874
0.006137856258800309
0.008044807796394372
0.00969999559770334
0.007097567984381011
-0.024786835268314364
-0.2836645689205278
-0.5392876369296987
-0.14069146466203028
-0.029618447954231897
-0.007664478786764798
0.0030247241176515932
0.006480642557235461
0.03287628431871593
0.029850777206884147
0.017340314509236853
0.01643164114435411
0.035832983629505114
-0.03782045434460346
-0.005607389377458189
0.06070608758854191
-0.052123919375534594
-0.10008352340890915
0.00882445655003147
0.024998253483515163
0.05726486700637145
0.04037775234544048
0.06552666039423492
0.062217598408770024
0.03318217512650389
0.024455412609262987
-0.04135155372990727
0.006303148891793993
-0.08159854954571615
-0.013931866298835362
0.0028414830194619196
0.028016109457805822
0.06794746530002954
0.04053697626499849
0.03611669277951503
0.03510641409114931
0.04023889798635318
0.008653983053707619
-0.0022494682847916756
-0.028002366420261788
-0.008764537604622903
-0.010582444533993294
0.007562394998743697
0.03201858558301249
0.026519087711822133
0.03699369132860968
0.014207330366542
0.02968099533016589
0.042278049341853634
0.005059082460632018
0.010235248581760385
0.012949464364962028
-0.01668633191109419
-0.005472564051247882
0.022575308553022717
0.018776805955421846
0.039502486748099176
0.03455132648202792
0.030983279459272994
0.03769818665801367
0.057982649888602154
0.030805529263001945
0.018005765209087643
0.004324462508294981
0.006680960127208369
-0.009236289212707794
-0.0028252356448293823
0.01674106132592118
0.05696073538857327
0.04331921964673899
0.04393136981834985
0.0415794919477908
0.011751616589630275
0.029710655650204996
0.013079750485930481
-0.00077877054293146
0.002893354721530678
0.018501168551661132
-0.0028966253897940225
0.02084443374806763
0.026647196706049363
0.02713026231159
-0.0038844163703054286
0.024437675426556654
0.020386107523203276
-0.004759872649567209
-0.0115369097699331
-0.015881417010641875
-0.017421266084151225
-0.02001761149629988
-0.011841261722302073
0.012492416618530042
-0.02018121483343527
0.026313216410446174
0.003321411867096974
0.021550990562231368
-0.015692570737759114
-0.03390797242302888
-0.04888789212496482
-0.06709770361914903
-0.08248302822820132
-0.06726128301039089
-0.044991232879006554
-0.022168833794441834
0.032432821556212466
0.024230499483256337
0.019938568497552454
-0.013587346660155182
-0.0543296351529286
-0.1017592805642456
-0.24659225576482888
-0.3838091327468304
-0.23496886107924653
-0.14853537353225696
-0.057986491695794
-0.0006186251531830889
0.029312795757475966
0.014247632346232319
0.02344163092834362
0.014101825019315907
-0.04982132356268931
-0.18300438481629624
-0.30455031788808046
-0.8848997699848209
-1.0150161332732424
-0.26913915288049906
-0.11126736078658549
0.04762927837113908
0.03010934075378305
0.02231362642109719
0.02572168297664191
0.007262374115194301
-0.021300845648408118
-0.10507841047410109
-0.16943588420613118
4.825861660097133
-0.30308278907914726
-0.4122026565972796
-0.03253790831985174
-0.007567868435672507
0.01378633153538433
0.040990219491715545
0.007197237000796089
-0.019553874145567626
0.005300314355658788
-0.026316199048788538
0.040143024885442254
0.16383936711758634
-0.8244775647434561
-0.16440048121287418
-0.07067200318686019
0.00934881747480019
0.0006428650309402394
-0.03140365489479936
-0.04180388227625524
-0.07413047061448451
0.17019972653239576
0.11633013567321022
0.06640774827646377
0.037146520200869435
0.034394237674221534
0.020127991829702343
0.019432934539105492
0.008289206928063689
-0.01084508875239784
-0.0356185554114365
-0.21414820565788478
-0.6729086589965951
-1.0129291229051005
0.17457592949469397
0.05900809143059687
0.05223923902778497
0.029299936981709504
0.01794680727267717
0.012048784816280671
0.012060987804702952
0.0021820065963806955
-0.03936804333923552
-0.061026524981023934
-0.14588999662552973
-0.5702877881891891
0.00595144008310252
0.0532561978212276
0.037293382807025995
0.0301558628779422
0.018257685272008727
0.011522384932726707
0.007120539193230624
0.000909904228875055
-0.006007457523139753
-0.04744202418353944
0.018555123000131256
-0.01765632670655371
0.032936632618902846
0.022842243374513908
0.029087073555018654
0.020239531425245958
0.015439454625480003
0.008456235011706352
0.007300199485537319
0.00968346553468196
0.0007486220165624834
0.003868816575400689
-0.000528379718380918
0.020359855464320568
0.01859213366756962
0.0271493779290487
0.02044268799957202
0.01866357832977318
0.01595502355928096
0.010931277944872914
0.004697832423882938
0.012125970195489302
0.009595496551020674
0.002528430148556829
0.009207834547346964
0.010714190718540132
0.023110813000248746
0.019577083327680007
0.023657437939090323
0.020545729879407615
0.014983194176787631
0.01006751545878113
0.011518091505307507
0.0119137622236447
0.01060320373944079
0.01260955785912215
0.010446510065529022
0.016548583744696435
0.014461005200230121
0.02209446825823773
0.020787788442849117
0.015718987857709223
0.015929861782569454
0.015300227806468069
0.01612777294967092
0.012333529108398777
0.014390662781545176
0.016474536955708254
0.017428350048757896
0.01616539337684684
0.018816580659406945
0.0175460733603596
0.02343255936928316
0.019903496862774466
0.014904073329880663
0.013969932738317833
0.01514759729953556
0.016190822176154182
0.013165404221023299
0.01560571887459277
0.015955357850253087
0.022644387777142956
0.02578798377832791
0.022245034431568937
0.022067186443308726
0.02207579218575742
0.018084768843460206
0.017855925974426805
0.01715954190046376
0.010321225807659555
0.008077232166549634
0.013047372717635784
0.02213706933218763
0.024783646388336782
0.027519611137823155
0.022075853857047033
0.021569593977704075
0.02066443767887213
0.019008981786432372
0.0178151383619593
0.014573280311230452
0.01345209019631567
0.006224688153942693
0.013201951866711782
0.014829388949226923
0.04057635217218613
0.03385454627416052
0.03150493586024031
0.026707486671564855
0.026750877741225965
0.0170649707533425
0.020759299506392187
0.014076510650628477
0.004394251566738015
0.0022573358824020976
-0.009205962916223262
0.02337759488472564
0.07703719295197564
0.06964364723306454
0.0396666331548672
0.03503749361810236
0.02881284381691245
0.02461426629422901
0.022404581535674
0.012283822006685189
