-0.0011179873074126734
0.0016469848093767787
0.05903704949134345
0.028284172222735455
0.07533437534180085
0.09701701699042126
0.06781953884021985
-0.010933391022848616
-0.09721042145960843
0.15194626941284842
0.09597019608310926
-0.7284796555748869
-2.502727650064222
0.27951401679990184
0.07191676548204591
0.09119448099762394
2.1537190597426505
0.15849817700128882
-0.2941371756176245
-0.25145623242078957
-0.25434877720123167
-0.6395576800212972
-0.23109002610294763
-0.16777081394447046
-0.13517973086665508
-0.0858692743672729
-0.2368735288528124
-0.1778458303975516
0.007540083666910821
1.5704507628335747
-0.5098718135668151
-0.27748225076314054
-1.0164922650363972
2.696784552430493
