-0.0004512984919006572
0.012801104411026332
-0.0005742901811187579
0.00030602360044660313
0.01745420865507382
-0.003067514451175017
-0.09201191593367292
-0.0007495466613107601
-0.020924722217640683
-0.038826319632248536
-0.057103452187447334
-0.03844055767954631
-0.0149759547296457
-0.00577505885278971
0.002417576609497316
0.004376565299758516
0.008361761654025402
0.003936172902401265
0.003985008346482717
0.0024573477186024604
0.0015416516429241985
-0.006535200257538276
-0.010802048994944241
-0.01769764650008275
-0.02392917829707107
-0.015381896540226401
-0.00897193377690737
-0.0029244933211563214
0.0017157081304198809
0.0038420844926851908
0.005390247402166161
0.005433486656379093
0.005537148452310885
0.004604743674361632
0.0033962855877488476
-0.0035531365413777605
-0.0009867698155878691
-0.00522069847902759
-0.009059315655105853
-0.00236217177223178
-0.0032728283203736163
0.004451918995911616
0.0037553708017831733
0.003293891368446271
0.005800116036418278
0.007386573692131038
0.006757946925723975
0.00438840908924892
0.003137471958351151
0.001012089373312573
0.007303885879506812
-0.0005733545445559395
0.0006089776830191406
0.0042474822625167535
0.00411463436913849
0.005178239497482822
0.007249869085602488
0.007730950012196128
0.005820495986414151
0.008544511314093508
0.007005905817651503
0.004582438519848381
0.003121067086392705
0.005948709162910986
0.008256523093401028
0.006527177439706751
0.007937138958887646
0.009473895160838549
0.009682323960381954
0.010944378205106025
0.0100740147346813
0.011076530335505918
0.009669257517203546
0.012097647778166604
0.00971298197541005
0.008896717666841447
0.00849800620537563
0.009118166802334678
0.011207832697697637
0.01152805555120461
0.01236634731149016
0.013586613668123639
0.011978207073714496
0.011269343356550806
0.011457821189278216
0.010131591419762382
0.010739039270320045
0.010128524987978655
0.011673343175573583
0.009644951577689227
0.010611140450597543
0.010705729487039536
0.017717725694793452
0.018554778136590358
0.02101561945087394
0.018609266222728193
0.01621991044075313
0.014613212840738864
0.013567036484085736
0.011119539166981007
0.01493447197724372
0.013693747804224896
0.013098585625159077
0.011398863244496276
0.013511513271655859
0.016011838584388424
0.02243965435552733
0.025695388605418333
0.029499148742314584
0.025269444501793668
0.022466058145199943
0.020866038668904432
0.017633667975044752
0.013048467922569192
0.015342039481098198
0.011838237286901147
0.014335962238533569
0.016364663382268763
0.015341201152988485
0.01898239465603056
0.02847503576925535
0.039048845341846286
0.04737265094571428
0.04062957906778626
0.02967320240299091
0.02546659729324241
0.017934091647659047
0.017168007183609342
0.014139714003321872
0.01329898114348301
0.015130195504701491
0.015993463303212524
0.019266363606870614
0.023810072103567705
0.03625409112657526
0.06555962066836067
0.08320677168416114
0.06705828418487862
0.0380357405287745
0.027892348585733005
0.01908668903584354
0.017539063468984928
0.01439289470428218
0.013147233763481639
0.014314552443163611
0.014743180970704001
0.018806603747296282
0.025386788372750116
0.04951801595314219
0.1003361068650882
0.2381059392591192
0.09381807207128764
0.049831842442253346
0.029072331001107385
0.017667248460718682
0.013253940820531638
0.011962118746532741
0.011344999566422698
0.012667634610611126
0.015056967601618329
0.015778057057074447
0.024120340279106214
0.03171533141939367
0.21955011581629152
-1.3444968467757878
0.1817347118870103
0.0348852521369175
0.022909290836541828
0.0160320913910852
0.011061242148445517
0.009999102674315903
0.007972536085933776
0.009414556435386398
0.010980790606377923
0.010411154032174753
0.019213280207230253
-0.013257671530119638
-0.1615446531999663
-0.5865826818893457
-0.09518121275159211
-0.011617011279703477
-0.0009573806601469797
0.007253478169814957
0.009100006083100073
0.010786567660006975
0.009610873834604962
0.007858492773507631
0.008845641092264423
0.006388607910882062
-0.0042956854061552375
-0.029780605077620242
-0.06981469046091483
-0.19649334557531545
-0.06310378290765413
-0.026898276965581544
-0.005281477837482431
0.0038937635588717832
0.003438792434876746
0.008645763779993362
0.0068151608093140244
0.005463545240096033
0.004875067893613276
0.002852811602195909
-0.00756873209933224
0.010173330566492202
0.0132741355986984
-0.019909472194134147
-0.025008956910907765
-0.015913062216348906
-0.017665942416640483
-0.016528147905013814
-0.033311435649620746
-0.0094786537113874
0.028372723334805106
0.03145181969911158
0.015602686214573403
0.0006437481166161494
0.008828684030496435
-0.0014200869670235874
0.0004614765682798851
0.005412754920294503
-0.002340152048265394
-0.007569673033741891
-0.01747041177311271
-0.03577260603936159
-0.04535381934970152
0.013682465967856751
-0.01216003200296369
0.01778279330301722
0.02832709546420553
0.006792631294455353
-0.0162510666652503
-0.0011351886555768923
-0.003591401005459534
0.02291226751164795
0.024223662157734492
0.002705307204293663
-0.002762238727224551
-0.018497933483755342
0.00865064460679751
0.0030696817826529775
-0.015207760204728778
0.01645796120970057
-0.008058591934096334
0.0012951968885345378
-0.010117077001874619
0.013904335525798589
-0.010744857348397415
0.0024119696753690813
-0.014581291970054528
0.030730686107506167
0.05596637453600539
-0.004627512029235859
0.03255194342155609
0.013869212334496013
-0.005570336902654205
-0.022944433687527264
-0.021917906638655733
0.0027257783793744913
0.013835425391838255
0.00035696972547116047
-0.023255653159665286
0.017484619039388513
0.009404772556134368
0.012557229895081306
-0.018513236516058424
-0.002598816733224651
0.003452232007225749
0.00663303800568938
0.02175178051749256
0.001252541420053272
0.02433979428074416
0.038970465428944556
0.0024648775235612827
-0.019229813739443432
-0.001651389744660837
0.005352118943821239
-0.01387392644803704
0.0024409805432417148
-0.03143276273567849
-0.004826073630140442
-0.011784924311472288
0.017218493625557992
0.009882578533268866
0.004369098826526323
0.012687407218231025
-0.006212291740680424
0.018772271320277003
-0.014983018007144673
-0.0037064612724681412
0.01164808034369907
0.04131645726925152
0.01753644275367897
0.0007967957488409809
0.012657390498714421
-0.011384933770393894
-0.03197061346889626
-0.02792022763169784
0.01446966194847291
-0.004635240873918518
-0.04479362620302769
-0.022623569611091927
-0.03252739145345465
-0.03452163657742642
-0.004317459718346826
0.005174064165476688
0.016273238902602568
0.02827197569752272
0.03405960089816199
0.019636858353021196
-0.016698252430412848
0.016331434825046516
0.021330059146944927
-0.00652690637485546
-0.012166567015459397
0.001110476302885131
-0.027613863725067474
-0.03667725555565986
-0.01207381294338308
-0.006644207581532257
0.011536083681192915
-0.0053587282675717956
0.03444887017856773
0.02904635548923999
-0.013340644486501765
0.024062445288139226
0.051448111017875914
0.003695365969169888
-0.007282029342390502
0.03399444247530857
-0.005484817922272327
-0.0006941605321136315
-0.013754378417471121
-0.03442511874824245
0.0037521219384888845
-0.011645336150545894
0.04190385886086448
0.02015528373534549
0.0002870963827632162
-0.016076520588286323
-0.006505644165141435
-0.0009992836940602998
-0.01726854882234251
0.0015985626097753003
0.02191143478668936
0.004733182872868054
0.007241865799273096
-0.00968227205321354
0.0025352895986575745
0.03435767670772683
0.012908723333177148
0.017793908641409666
0.007265333430575856
0.014794039838163521
-0.003556741990699029
-0.009880710185704354
-0.016394580233923792
-0.007712961942847908
-0.0065036957559874
-0.0241167281120533
0.008223310374136532
-0.008100532599796957
0.005980504037224004
-0.013569332506652992
0.019501540395791453
-0.0057197800328701465
-0.0025075859620065106
0.000472169683780636
-0.028763700504681064
-0.0058614121920770295
-0.02537942223964338
-0.004649789323739377
0.006894514427146266
-0.005586150210743797
-0.015368554407267677
0.027181688737107017
-0.010768316595674919
0.020528946946048274
0.012611495212057861
0.019057026912299185
-0.01073978848342693
0.021599355276067933
-0.010566123528172142
-0.023105318481041165
-0.019092558199840005
-0.012329445703708357
0.004916407572736445
0.0176442553747119
-0.005378712355666723
0.005846123445617984
-0.013539423402093376
-0.009279331953354729
0.0049858691774955196
-0.029174536918736088
0.00019770762456198382
0.014149655862979818
0.02299397445074512
0.005740150918645239
0.0032086015641247037
0.023912745672132814
-0.008635644883072943
0.23555220932949017
0.1185905035187572
0.04672839152365872
0.02239300476232835
0.009498114490850286
0.0052196348737087095
0.003981462806528317
0.0015690253895887921
-0.0019481958571921187
-0.0006233840519521283
-0.004779155564065361
-0.008035394429210342
-0.010356572616818677
-0.2976495761526534
-0.33992962277028266
0.19503407977515955
0.03082926713111397
0.01826760744553316
0.009684174958343712
0.006689635283025062
0.001628871135161243
0.0004992710337329687
-0.0010977186092716615
0.0008619674211397943
-0.005206480409780559
-0.012943352658633379
-0.04124145785497325
-0.04549761658459137
-0.17912665667961097
-0.041372846785265455
0.0016226099750464272
0.0040532288517764695
0.00646587491373972
0.0031499529149220913
0.0018340921938464478
0.0008190422038741063
-0.002359485479281764
0.0002654730411795828
-0.00226677378024019
-0.008705341596861947
-0.02035199703243285
-0.024273128786958934
-0.06684375588801036
-0.020370615040324745
-0.011210473366216065
-0.003951024481286637
7.260830181612227e-5
-0.0005795338221442944
0.0008539660783129235
-0.00459499104333756
-0.0027056704682799472
-0.002368766707832344
-0.0023400390042462756
-0.004941613771737495
-0.012439406881205723
-0.017488731768323947
-0.02206228151436319
-0.019016915360764716
-0.012261341784346225
-0.006652174178938375
-0.0001169623293478956
-0.0019905593081239103
-0.0006262095566705427
3.679012976993837e-5
0.00010496887804807846
-0.0017785052791571359
-0.0015616383738951928
-0.005465452870190138
-0.008147556346714144
-0.007247386072280228
-0.011202342010100745
-0.006229831635215462
-0.010073640810350667
-0.0012276882013709449
-0.004646929271034568
-0.0011732039689246925
-0.0008389676041491059
-0.0010988274343125878
0.001457898803189475
-0.00022868251110613142
-0.0036251854480476363
-0.0049418152986874025
-0.0038250663706313037
-0.006547834136030355
-0.0041080941981844095
0.0003273672660850861
-0.00241796686004086
0.002072495369726154
0.0002565912997019188
0.002766037918959805
-0.00034578912934143686
0.002450494800545891
-0.0005400820424143814
-0.002392456334339303
-0.0008347935878623486
-0.0024107285137069615
-0.00034187175792877496
-0.002729154827702349
0.0016822266007252308
0.0024637542386908473
0.000603589723123072
0.0017729135521851959
0.0008572195087870381
0.0038786029771684404
0.0012755872697193136
0.003052222962441703
0.0006196284095314111
-0.0014839289240511872
-0.0016048456704590625
0.0010552843323277977
3.7469121393298235e-5
0.0011806063676043832
0.0032559141487500986
0.0019260041630786888
0.002581239685181361
0.0017930217399865092
0.002401186478546194
0.00450008786318741
0.00422680534199482
0.0029618580602426285
-0.00038328050298456584
-0.0017471713657587604
0.0028045883991778863
0.0032412079750254964
-0.0005339652657647968
0.0061481228316211615
0.004803048788309559
0.0042426075105105165
0.0020074162546201793
0.008090282616760546
0.00467518081048738
-5.5315252573671404e-6
0.004356251772541738
0.0031625850358311105
-7.3213025559263234e-6
-0.0001762970550305386
-0.0010209639613565113
-0.0010071013947779656
0.0047451562677243075
0.00830334712891452
0.010752424621638966
0.00596273027009182
0.008019369315021275
0.01578174780225927
0.007336484239868651
0.00010952209859788536
0.004024953126919342
0.002460028298920744
0.004685892390605729
0.0019012754228878723
-0.0028225661443442044
0.0026300694392735204
0.004709477770923223
0.008357407343703185
0.013558289270113264
0.014228586726012231
0.012928767694937986
0.014525720175133386
0.008930423872329908
0.0053119318475883205
0.003974245059470016
0.0005677017081746093
0.003941874992335686
0.0066010981780741385
0.005651040689269518
0.005887793325430815
0.0035625752901724825
0.013348703741183406
0.023847976009739712
0.024741879606733515
0.020248755795843593
0.013046477266482686
0.006141108164693116
0.0038836303998909254
0.003584901386037873
0.001987908762215492
0.005822548239702867
0.0031697604520770414
0.005452033955417291
0.0014736215290941522
0.0015664879810116156
0.006769899234868279
0.05308034767596096
0.05294118957274051
0.03047675821580763
0.018271050951913444
0.007590657194484605
0.005007241376847217
0.005179744225796453
0.003263973406032713
0.002336350788314614
0.0013668194916258254
-0.0010032864049460506
-0.0015167845964994303
-0.0025869867059128727
0.007772078033548707
0.011432622736743702
0.010443953766365685
0.013711399201153066
0.01764732443517485
0.016585835216544054
0.016590718565277413
0.01947373249296735
0.020080163184425823
0.013247529188032023
0.008718857444878837
0.0062317718006958765
0.00653480446455972
0.006788348717716705
0.007386106359428075
0.01020313160216206
0.01134624185527095
0.01301465570275732
0.01531767970008469
0.01845014876976962
0.01825470533928935
0.020713597222883916
0.01924529530403834
0.015613302556966848
0.011557694656769153
0.008869855256625238
0.0074322828243254405
0.009107615419441377
0.010343405150107988
0.008566441238226561
0.013521826971223444
0.013300845482083306
0.01600076875387732
0.013840661539048857
0.015228594825304781
0.01804966540692746
0.015836292384537508
0.012935224932514595
0.01180230809295041
0.007886989351287819
0.008009161942508707
0.00823144275492684
0.009558507711620421
0.0067687624315732504
0.011640628462210574
0.01351996114409347
0.012559138353150959
0.017693740680874877
0.016067851372933706
0.018918854489390593
0.014971763004730385
0.012906226868372868
0.010952811279955007
0.007878827394035014
0.0067577780057110955
0.008123179930491305
0.007649286865870998
0.009941823298812576
0.012661563152008108
0.014081722046929044
0.012503337544691696
0.01868961395828338
0.017858168558061025
0.019505099338441773
0.01586651322008086
0.011354880256904351
0.010136446272257123
0.0059397043222105764
0.005045807670383962
0.007581742162163851
0.00469486297788511
0.011058838927144892
0.01083739550477315
0.01332121318629964
0.016328134908923844
0.01893424036101908
0.019698425588085905
0.023487702604963544
0.018652508810585104
0.014255595634502499
0.007430509891887326
0.00405548243385521
0.0045380601299019625
0.006244743122477245
0.004383793503951104
0.00725238892365113
0.010681367357641958
0.013644163387194787
0.017461281101581995
0.02128279486580737
0.025333140041216517
0.02862175604601038
0.026087231997809834
0.02248194847951218
0.00091027926012618
-0.005206205690006873
-0.0013902356149120751
0.001972389568449217
0.0021505576468459834
0.006839713163316563
0.010864528143098235
0.01538171908782581
0.01863597269421459
0.025957431437759998
0.03281182056087056
0.03995242865262135
0.05333271017810519
0.03138950545699274
-0.01314050412830658
-0.028614414887782207
-0.01822594732314649
-0.006451719484640215
0.0008492385179233257
0.004219165903921283
0.012360254052623976
0.0155045253145212
0.022583126675140907
0.02896028354817162
0.03959679583932931
0.06694045790309397
0.08745145816240722
0.14338850789573368
-0.15432910294866464
-0.0675198543755551
-0.04148878599799763
-0.013611274645320701
-0.005561933394751394
0.0016463782705534737
0.009463597190627376
0.014469614929721469
0.023190623010532548
0.028623690123588577
0.050020222448686466
0.08083642420385284
0.2337756174029248
-1.5889237217897125
-0.6931975313408134
-0.18872121185351018
-0.053851472313952674
-0.021297027681774987
-0.00336027907507365
0.0034428827073368666
0.012355104705377054
0.015557024714294166
0.02364863908452442
0.027679070688774336
0.04293437318784016
0.06905906927761209
0.08564325481699414
0.19516732901368816
-0.1676867311599672
-0.07715013941142072
-0.04135847345954587
-0.014387524063717023
0.00020112156580220792
0.006457170771288647
0.014716842727759222
0.016514399579144075
0.01924995340792956
0.023083740068267425
0.03262902884272319
0.044154946660014856
0.05499999356697108
0.03288999201184269
-0.016786384689050225
-0.02966760595385164
-0.014611595904548923
-0.005802454901349896
0.005761664202800055
0.009230849213300717
0.010315737172918732
0.013995046859584512
0.018963842086222888
0.021758643069762128
0.025960760625585416
0.030057535045923286
0.03360743231837737
0.023399842860128816
-0.00021566628714494594
-0.005552710308422838
-0.004062292834852045
-0.00017780003913269013
0.007386979952165502
0.009011200772374401
0.01180230055790606
0.015651134308355335
0.015676548458914936
0.02113630668609554
0.021290514574038567
0.02100591055655308
0.02236390938895618
0.019223345328944978
0.006010174448145671
0.0031286119725652617
0.0005793137620852102
0.00694360616479303
0.021516143445890305
0.025563674296941268
0.0033982130589217067
-0.01950529033374437
-0.0048707001402284195
-0.0016116048028984942
-0.006446071683121447
-0.012224131459743081
-0.00614317367611244
0.02056089224197259
0.004026293165499004
-0.002809198225885233
0.014254814233246656
0.044236905538149025
0.007953833638925167
0.012559002700952629
0.01071181715207509
-0.01269266086136428
-0.016818251227656015
-0.01701907223951811
-0.005456160300444672
-0.006495591796755337
0.0237759200630344
-0.007846621425947572
-0.023362807469097625
-0.004351756598143998
0.009343378417722243
0.010550030519333177
-0.014354073812018423
-0.002141253992198902
0.041472533038068936
0.012564744306269223
0.002210191557667561
0.01517545733907881
-0.007759199774056485
-0.04342249764475375
0.01881848242747222
0.024001056466559985
-0.0002739553481189549
-0.020254950102237674
0.006087475851026676
-0.006129564926941566
-0.004556915420940255
0.005063629617283764
0.012050560141826034
0.007204648862462231
-0.0257072607802212
0.020177217967916695
0.005676216448111589
0.006574195064977636
0.010060119433802677
0.006326206322462405
-0.0019054710020191255
-0.009745812454819387
-0.02303717077813451
0.009078541430507132
-0.005006540308456493
-0.0009372115983102263
0.02797872616230678
0.009441342835283924
0.0008262642477248818
-0.012870636335967738
-0.017108265513067426
-0.007427505390753375
-0.025423901186626484
0.0016932851765727964
0.005444124833817034
-0.009309571930109634
-0.031072977183891175
-0.012240728644438823
-0.0061466977740303776
-0.015670272065408074
-0.008357360637819129
-0.02068966533867671
-0.002904337677587282
0.021092821870685348
0.009937129484773901
-0.027830109383538925
-0.022347719031332272
0.01218259262249905
0.008676020036236664
-0.00021258133004003772
0.0548206841690757
-0.0020764965813858133
0.004760299245771167
-0.024229941880195293
-0.016666997908219572
-0.0013900044464795398
-0.0025974838200537543
-0.02069591234421838
0.0056532826008164425
0.05347574370661964
0.015118024382620951
-0.022235117417315
0.005674138729025776
-0.004819663229600041
-0.018568463336523604
0.005573346496417212
0.015033779987016025
-0.001914102525389998
-0.021819887959804093
-0.0075980446810409745
0.0035737994372870624
-0.007818951388583219
-0.023234741981445633
0.02875954950096893
0.04121067824501164
0.010332977449045969
-0.0016118486722446253
-0.006268552639224294
-0.019887199384423425
0.0006351622904778691
0.009143993060107073
-0.024389431441750004
-0.03369171780367354
0.0069312680457810395
0.00853479289283989
-0.023791662767364725
-0.020379433670682394
0.009987688964307687
0.0226756473847587
-0.007761256725342601
-0.007086558519602323
0.006402246958306575
0.0002690292679584307
-0.009174760087374736
0.008506698917524891
-0.029038334119093588
0.02449359558740641
0.0374413563297272
0.016521644457519222
-0.03098189847561948
0.005370935531815668
0.0006759938561678941
0.005740826974083084
0.01836104046515077
-0.011460719531576916
0.01262667982809956
0.014662704611230265
-0.012532893415848614
0.029540622927090202
0.023889728582605282
0.016697861609455664
0.035056454939361645
0.020896610340845972
-0.010019907667579802
0.0013245027975462894
0.0010186939995851917
-0.04464734650175805
-0.010583154039681934
0.007546151345854346
-0.005740903863353414
-0.008364259417276894
0.010974302299207865
0.02454224677347451
0.005498545983111088
0.004695159020297036
0.010660140563929612
0.0069872540575678715
0.00831310756875583
0.00617823280208178
-0.01248885916257548
0.04739458702953208
0.004429484965899982
-0.030256028103964393
-0.03258303089229446
-0.023890127335053222
0.003271350270573127
0.018883505046300306
0.01118438823975892
-0.024795963855948143
-0.029426586215330876
-0.01764336031251772
-0.0058120099392564555
-0.009044278057920106
-0.032739852457993934
0.018555513151950597
0.00028974203696939364
-0.011590936764654067
-0.002741313675772277
-0.0019394792218759083
0.01296408843808208
0.010266171000267912
0.009137134945289425
-0.015540393238693832
-0.03800071620751392
0.005340053830506268
-0.0068410791927529056
0.00031865913568474187
-0.00842467777446539
0.010196416282684213
-0.02067559333003351
-0.01114816420672256
0.021719721764350303
0.023477339947661723
0.0241775124722315
-0.008615574348962141
-0.018368949475518287
-0.012311591431314668
0.019129877681777523
0.021783120633058164
0.008019801674518693
0.0031523115795391962
-0.017533064972619895
-0.0035438409599928703
0.0015762615380162
-0.004695830697861174
0.020734690681122638
0.01039839878135761
0.01223849225615869
0.009478980459496878
-0.01920168872523789
0.010893977333959857
-0.009638165434824052
-0.004331430556695184
0.017704771100418883
-0.0005644929481609605
0.0215594841300312
0.014187579574965558
0.018411898995328285
0.003895626820080296
0.0015273851212630964
0.005018725887130342
0.01671405520880364
-0.018013626552613633
-0.01507150876731725
-0.01915495975929202
-0.036060081592547595
-0.011968325036235128
-0.014700531029642184
0.0004381587142809444
0.017352511987909314
-0.005032340433828976
-0.015166933620507262
-0.03892732691057853
-0.019631278354212106
-0.002147059922454019
-0.006564268258874965
-0.00566616880194859
-0.006061523097464857
-0.008362744739598579
0.030888493598182354
0.003980937779955273
-0.016711149992921615
0.0023074015086770937
0.0203520263349984
-0.01332055044142431
-0.03551242398555901
-0.0027827349069406843
-0.007728985263253647
-0.010612438552019111
-0.010348067395058792
-0.0014062568021970326
0.030823102548000577
-0.009036679389166333
-0.0026460489253604886
0.040947012678024294
0.01871205800882691
0.013377029886884044
0.007162279616630855
0.007142926833116162
-0.04627599439615168
-0.006286899958562882
0.03012005562899292
0.0008511106816234777
0.0023350305535672607
5.8387484753532476e-5
0.00963597924277242
-0.004143282217171396
-0.017556992754786786
0.007450881224805686
0.02005113765210983
0.006807367189367595
-0.017826669659033855
0.013028981369941017
-0.02029128357364119
0.0028782547647035763
0.015735422881639215
0.0245774631960432
-0.003321864653967016
0.00134354609613167
0.0026715700953802305
-0.008176831461403767
-0.02820056873839927
0.002907423010761048
0.0011426185467459991
0.029249173878211663
-0.007706499377759528
-0.009943055446451186
-0.015355157081359563
-0.00970267538749143
-0.01830099742325634
0.01020147052482624
-0.004705091453544917
-0.019501481836379977
0.005067277235499192
-0.0020526941102694323
-0.021831575756982045
0.012099797211862698
0.03327422687804334
-0.0029544116116319353
0.016434019467284445
-0.02540461082865949
-0.009995828941781562
0.009787067906343825
0.0031033716418716736
0.013256748124456232
0.01096455318290003
-0.0030882402937449783
-0.008165262745924998
-0.0388133534019355
-0.0051462783598010845
-0.04684448154304216
0.032286737012080596
0.03201069345097337
0.05025521749532439
0.010287191019541826
0.002762105569896362
0.013180306348989031
0.006655314024221577
-0.004240932563195465
0.01401720357317028
0.018185670857972056
0.01057509377262612
-0.02694599820790368
-0.009120819227752404
0.0024908077659213474
0.0006309609575848416
0.0011261369874108638
-0.0005570742085229084
0.0009878217143889992
-0.019032174793812986
0.0027230543503304677
0.0006674041127336665
-0.00740713863387092
0.006771551151301208
0.005676362130863735
0.022019705991154503
0.004174220429916902
-0.014506417868106521
0.014942869111575257
0.005421043960455646
0.03999049111217805
0.00021333366241240576
-0.004681354523178019
0.021518988589567183
-0.01189395264091113
-0.028834418317141137
0.007015598036301589
-0.003343560834627975
0.002258295728919343
-0.00022999763273529603
-0.01307467936314713
0.007047474332755569
-0.03140371301563622
-0.025137744936109215
0.006606505489646357
0.018759825447172435
0.015976855748979862
0.008430168983981207
-0.02131490547237247
-0.013368287994475604
-0.021036612540942554
-0.02323440601302767
0.015605729680777308
0.007709665774569028
0.009446266157403937
0.00863461052896311
-0.036226186664946675
0.005899620110409977
0.005297093596247486
0.010439310130526583
0.021295980968306406
0.004007193588413603
-0.011023684545162865
-0.00233747098252438
-0.054268820078881314
-0.0202441716075826
-0.02258091903228703
0.01759553909593272
-0.019440586994316143
0.007959225975298707
-0.014061330785338166
0.0013412106390541375
0.014734862974835977
-0.011104685673573067
0.00737631814987761
-0.0002297433448372934
0.010264415762259168
0.005984523979953918
-0.01745985423863431
-0.00022652232120132015
-0.01642874558930704
0.006006869814885463
0.007831891433091594
-0.008952394678343956
0.031460931443309616
0.01769687772158693
-0.00861423241068365
-0.01619411459496286
-0.005124166418309421
0.022082545590911076
0.011045291773016956
0.007344923449015014
0.015833576339031277
-0.01967520673582176
0.011782320669746334
-0.005748866495177342
0.01880626722949718
-0.026024801512323767
0.006237568394444037
0.03197279476562467
-0.00565842849190354
0.002516839068760964
-0.0041425467317422
0.014628601731616696
0.012742119407729676
0.00242474490971426
-0.0010292631325199972
0.000918748601990203
0.020583255328987547
0.0031379084177057814
-0.03162866385820927
-0.015613767772544987
-0.02416639674375871
-0.0260734426206475
-0.011820371070798818
-0.012062601318877014
-0.00599996093565996
-0.008696438927081012
-0.014886549833142419
0.015222055299000463
0.015751831687539693
0.0027166602217453184
0.010423191051959216
-0.033220983859575094
-0.004865137961412221
-0.017648761928975524
-0.04527314223315903
-0.021840462976655775
-0.031075579493164248
-0.011527315270468163
-0.010124137937411556
-0.005985210649951803
-0.009120042054722218
-0.011717829061529598
0.002099546525922981
-0.006733811901556677
0.0016267801438191029
-0.00570906021471926
-0.006083191944591031
0.003876611257458604
-0.016209720703610257
-0.006326220176534667
-0.01170081490222391
-0.005603278481121834
-0.0010362652885444754
0.006731277859826544
-0.022031261438833053
-0.024209546338700916
0.007254174212703848
-0.007003831919130299
0.036269572425511265
0.0016426134310056698
-0.0032342914338494943
0.030131244224799236
0.004503263601969025
-0.011910045825985746
-0.028217304514369518
0.010944612851603266
0.029495771170796842
0.010724503974739372
0.02045259473897636
-0.022510832849574298
0.003305009510612541
0.026331192418421308
-0.007570876251614601
-0.0023626060287098506
0.010329020636019648
0.033303132692948136
-0.015284728556230729
-0.0034442914482576805
0.0012239605723282027
0.014022147827105067
0.010423842869563375
0.02152172328113952
-0.004339719539536637
-0.009701992755598106
0.014174351375494412
0.037783959316563455
-0.01032661242335137
-0.007830643396799272
0.019683076251634336
0.00975116909768716
0.01072474220293224
0.0040992726080352725
0.006391286468518404
-0.008569883527301876
-0.0026699335051786712
0.005960747142295229
0.0017877356374415274
-0.010986838799750097
0.004503293218375344
0.016048202500437883
-0.005139120729894342
-0.006881184962654681
-0.004664787505845395
-0.002122042434763689
-0.0006279018333808437
0.01988450837769921
-0.01700747405542381
0.006288539074548008
-0.008554835200242208
0.022437039169418416
0.011968832200794068
-0.005711615373736271
0.005792645743335437
0.005506222677261188
-0.005753786848683133
0.012394315006053888
0.050963536899879876
-0.0012462351196887685
-0.0007363658853174397
0.01041635062706245
-0.022177922506892284
-0.0034171257560865432
-0.011986230938590322
0.01845344683852277
0.017716088632116603
-0.028086884958220468
-0.0027082737785815406
0.006935645158946942
-0.025460765390251883
-0.05576698657699839
-0.01928177026259836
-0.011704018887921571
0.02559763730585951
-0.004016133959317567
-0.0023687181322578246
0.016030363125365123
0.03239308112081541
0.01385251699677839
0.013895884701891828
-0.014174742670932283
-0.00047914554893459943
0.0029835172856220553
-0.01467520699092997
-0.009782068953854386
0.006825060515260625
0.018955746216214615
-0.005265490520870565
-0.0032964158923847976
-0.010164744222873785
-0.02558264470331546
-0.013635931832830989
0.015512278769646384
0.019521925958611436
-0.0009824581722587284
0.0023347986367299044
-0.014117567508993062
0.0024548281711351564
0.025391805788675205
0.006937065539959026
-0.009649733348610056
-0.031091486835258284
-0.011093939377349708
-0.00040049153533683194
-0.01406163608195382
0.009536176511758702
0.017564729620234993
0.012983153774042855
-0.010778001319728035
0.004631224600437945
0.01820366134715254
0.004667341332465824
0.019283178538985493
-0.022972517013050336
-0.005903628034290618
-0.02652563554231653
-0.003872008423089273
-0.019858425556993117
-0.028479822602738077
0.014549159431845142
0.017750404262100276
0.016742194960637103
-0.00466583966461223
0.0037481941948615785
-0.0073144184457845365
0.029056793847352918
0.023545652243807336
0.04461032657309793
0.0074790701785831465
0.022700847597527767
0.00042140536556759065
0.020978360653415424
0.0010959306259917334
-0.00460222048757268
-0.028388782132439862
0.013417351914224886
-0.016476299975062007
-0.018642592355415866
0.007002507153288715
0.007818748913117454
0.003781348336143797
0.04142452078857466
0.0322625009224463
0.006078053160919243
0.02713602768455887
0.03325410914182297
0.033112295610196955
0.01108297091554444
-0.0008753422279683559
-0.005085536538758977
-0.00023799956147751641
0.010457479851959096
0.017167645451026784
0.007924115987722377
0.015712190272378322
0.019875950174782688
0.010359894943815885
0.009828312464731597
-0.011146030071872362
0.037415322153996546
-0.008341699620509463
-0.0014589219669683727
0.008849537210395162
0.009369240994537047
0.018811437900722733
-0.0009340199897750045
0.03431058453059012
0.024081027904253562
-0.0027724780293544
-0.015700308843634898
0.024697674542439922
-0.0006231998478396211
0.0017714946126991087
0.0005527175512531286
-0.0028287879929350477
0.014941298285672377
0.02092789557092266
0.005821062546833488
-0.003179926839724007
0.0019732957076847987
0.007120001075289356
3.725605339770146e-5
0.026294616619904853
-0.016279095175264456
0.005405184478892633
-0.011908006923663884
0.002332437949730431
0.020551181869929967
0.005045449474916092
-0.020128282289482918
0.019796279585135468
0.006755904488162866
0.007258412159443637
0.003501167015691634
0.018739867898249697
-0.012862220188217983
0.031213345265406037
-0.017813214836775434
0.005620048218845021
0.011191151680006239
0.01290895715218466
0.019273406028571114
0.001698523515110047
-0.002426971084954161
0.013749141270464582
0.013104638352257548
0.0012741805130878675
-0.00611418021686489
-0.00701694250885786
-0.014328294525068088
-0.002833393219381846
0.013041318641319865
0.020919967216095903
0.033584733305649844
0.014814434878339043
-0.01602572382561773
-0.006505320539719831
-0.01735313809575134
0.0505611803466249
-0.0005322283141050502
0.00562639939506693
0.006898499967450941
-0.005131392626709766
-0.015789383366230612
-0.027775666501998805
0.020702561507050955
-0.0017709419441789666
0.009268060991878756
-0.009599984105298838
-0.014234807633099197
-0.05252807121996347
-0.0006896074922989066
0.027050977676718733
-0.07387458059693718
0.0023733275027009292
-0.002788833317810011
-0.01576623330726982
-0.014378419733061608
-0.0061392250245972625
0.0069612002081986795
0.028125119998495988
0.02574885052517415
-0.027414707395714808
-0.030429476291912328
-0.025245204183916358
-0.0848883883914496
-0.337637444590676
-0.06592330992144123
-0.06315651254109232
-0.027020943860073882
-0.02113278518385084
-0.00043292235079899107
0.004269482677270056
-0.007522683997690897
0.006213081157048616
0.013417183197386193
0.0011442799383378824
0.007961449375849984
-0.08374171034649174
-0.20894464277977107
3.55976138664954
-0.6650441926098826
-0.16386563500272952
-0.08722591852850478
-0.027004474776365035
-0.026657913805131918
-0.009609772386197035
-0.003440706004322579
0.0011798961817439141
0.014912369523052027
0.01583936516341073
-0.015185906687438093
-0.020537213068806705
-0.29264677961455016
-0.40353389073657664
-0.4526995319096383
-0.1740657693743963
-0.07508315645699008
-0.013896806644891433
-0.006993155300777747
0.02186266069878054
-0.014148633098430447
0.026505615307876148
0.007706892042074076
0.0011938238628816924
-0.008251685089504367
-0.03490856069362043
-0.007279334793369797
-0.26881140708076817
-0.17044153490294778
-0.06742749983285633
-0.04902750734306745
-0.0158787305627785
-0.02480701304044504
-0.002859682880512076
-0.0007342728894855549
0.005552092385665944
0.01901871271467242
-0.006141852587789373
-0.016234736419608316
-0.0110447709239151
-0.0347048303128964
-0.10729617459292934
-0.07050826839224418
-0.05082482990204837
-0.011654482360037889
-0.019013047617742286
0.004688788530584633
0.018489511375598077
0.037153506225089845
-0.01581355241869717
0.02623074584988154
0.028523781677029486
0.011147159185897287
-0.0075602346417885
-0.03175499690257088
-0.04282796777207591
-0.024781325300034657
-0.034225075377775874
-0.016751849894023976
-0.0072428291198018135
