-0.004867293425907757
0.02544223182104486
0.016427778089134235
0.009916007330281498
0.001155363044829404
0.00035796066551493965
0.012774616357505184
0.017746256668737886
0.02617425823086998
0.032859221091864496
0.03269974041644139
0.019194186968746696
0.011413637088303523
0.010220665953947265
0.002886003139069988
-0.00038116921712953245
0.008892791399886298
0.014611134214141756
0.01902310038397046
0.027117869566856998
0.02730381479798625
0.022851504979120345
0.01254031840295306
0.012394328612931963
0.00692527157933362
0.002807469105465611
0.009300103051395439
0.016303022196537023
0.027665505408371493
0.03401291188097795
0.0329857026786466
0.0403215315386423
0.023739187974084846
0.013281882698634145
0.004703319997306365
0.0065778990053456474
0.015753653586995164
0.027845717860711834
0.036562920594667724
0.05787163357904858
0.054934717001526696
0.07394815379382741
0.03836337551579487
0.018114548813125582
0.010493436804100361
0.009390442412199747
0.018106331181978047
0.03150321124618493
0.058016645459186916
0.11576113306809363
0.1206090636285606
0.12402652975609367
0.05374405900965036
0.025399726711091784
0.016746090441387005
0.013457093233805166
0.017374008465802206
0.030442067367448554
0.0644491474156205
0.31805438955983933
0.24876601336710863
0.20387547910906548
0.06417262090463415
0.030892270966013883
0.01876862107237951
0.01684783536485007
0.020528624204426426
-0.04158029531299367
-1.7313573771475355
-4.7829995191128685
2.335610142537991
0.1304267346042795
0.06013129514395374
0.030456885064111545
0.015802783131553932
0.01872447526456565
0.022558362355135038
0.03651505129964602
0.0696704239434133
0.3276533732341316
0.25268383333887406
0.07165142827095765
0.041765424909487134
0.023289533995042584
0.013992001370668028
0.013740309981121362
0.019513286717762673
0.029941790961557614
0.06372442631603903
0.11977677527621856
0.12502823062389337
0.03745883387203043
0.023034125914247118
0.01590323102863066
0.009396117999045259
0.007321148258842722
0.013524554399140246
0.026281546066000937
0.04247777247958925
0.06240103208053826
0.05941721444294696
