-0.06173866864724406
0.0016077051652079808
0.00014623215020627376
-0.11043244800049397
-0.12411968527899853
-0.03717951708515565
-0.043123582353534105
0.012607537619391363
0.014540888615466142
-0.004579324877442782
0.022750529098736247
-0.10250184296488511
-0.14012344583972064
-0.06187698355499179
-0.02067511751821637
-0.001999488465956732
0.014684990902760235
-0.007215892034411971
0.027915496164553473
0.0022373274647806488
0.008457849574383915
-0.026101078636950038
-0.03923764523168708
0.0258997447277475
0.03573267245226495
0.03310035997436258
0.03040598794396155
0.015785880956924073
0.03580905941484327
0.035516453091289195
-0.01631953178939788
-0.009937246347025057
-0.015834998145579034
0.009177856675561471
0.03090579428598453
0.03244694940705796
0.067300177969117
0.027495185123610242
-0.004025128030098234
0.009227394328894032
0.007837130860367171
0.000521518777949234
0.010296107611017407
0.02217806844548003
0.030434559062755856
0.0110855740289874
0.008750644891663098
0.042129204655019646
0.016296555740741674
0.013393715728945092
-0.01735718210749281
-0.010270318473651986
0.0007043639256254226
-0.03966365013871702
-0.00430809662264111
0.013993483724873145
0.01650290069030725
0.047060197041748075
0.02750023475242447
0.013297382673691212
0.02475626370595606
-0.0029809252991294154
-0.009572506564612544
-0.00905815029235783
-0.11173218339198265
0.003908219008730169
-0.0019001180929028938
0.02589551822590132
0.052032962130756796
0.03680043348216643
0.03037637071726228
-0.005296481269453034
-0.1795041746313704
-0.5587002617214148
-0.03508552333449884
-0.08553707198136858
-0.01473155291557631
0.023879282523287033
0.05638528429144403
0.03629746523233522
0.040795392743702724
-0.038290556688785525
-0.3929198057392319
-0.6604216802683384
-0.3849547751280008
-0.10703123272665654
-0.06915848779022973
0.009574470764782761
0.05293617877939345
0.06246845183319062
0.06218018048016157
-1.2737948021141605
4.988050605778717
-0.45001199494617616
-0.15605468957692092
-0.10699516784170054
-0.04344750272319691
-0.016212765849527473
0.028578173539700283
0.019701871629023218
-0.07965573218448353
0.07378658161829671
-0.8973531304487716
0.03203821026015668
0.01733069084686458
0.008246014762945042
-0.1750775735857672
-1.2762088521588748
-0.16782908302372165
0.008568394174418521
0.01508200144122356
0.03164285732338936
0.030177931847485708
0.03839533818298471
0.057969011944409655
0.062253911454218144
0.25564927104292234
-2.2640683152847494
0.24430150130583603
0.0612260814235748
0.05533876437703907
0.038827722344462266
0.040793732287112
0.05201822086113057
0.05953286753039067
0.10093498084951469
0.14893379227330344
0.3330153512984091
0.13978373438509478
0.09591293650623416
0.053861185681237746
0.05074665672637668
0.04321652135422591
0.04796042009129198
0.06269712391166252
0.07487169705551361
0.12102771520339342
0.13198563567063137
0.11719614124104936
0.0714846502294901
0.06165808581085868
0.04791013331707689
0.049188346457509365
0.04953948892079324
0.05017811290510576
0.06154835150568064
0.06826765001906855
0.08568354797221123
0.06842341878273127
0.0645298400964045
0.05098588958579295
0.04848306614951002
0.04428866503170554
0.04076866053268798
0.04126685554146529
0.03851674438623045
0.04838530169632983
0.04748928739412932
0.05105627820688033
0.04476326692752209
0.04581700532293178
0.04145423819713332
0.04123571116840955
0.03621302543448621
0.03090180184111666
0.028917917929107043
0.019802897609077934
0.02617394031267753
0.023825833974130545
0.03261101309410128
0.03059153528148231
0.03535592016765778
0.03329087448980798
0.026728542160968177
0.024004094319573746
0.011346728480735816
0.003242721650010545
-0.013727852492313055
0.003656153470430177
0.011345140774673164
0.023862496695629395
0.023953238336485192
0.03135720360842193
0.024202891080749994
0.01201165263568625
0.0006201722090800868
-0.04513357838526884
-0.05639134636677658
-0.0455563073043718
-0.00022530791913997475
0.010817178816084917
0.02102310946897997
0.021969675092152658
0.017894023196080598
0.013868189951698886
-0.02712077683117612
-0.07537855678785646
-0.2584814539349018
-0.07222951692784108
-0.02594160288250196
0.013539430621423616
0.019465219224923613
0.027918489738240092
0.03823504518127492
0.03601422527551335
0.045529645858494255
0.05088049280144412
0.06147364687073565
0.060532978334835466
0.05977897478510104
0.0477556242717607
0.043985122060767254
0.03778190442051868
0.024330774812960195
0.027599470243410192
0.029934852489506447
0.06563680220317551
0.06878590237679756
0.0740441660664333
0.06290653893481392
0.05681914730399216
0.04281547410237931
0.03545919232838296
0.011448530286534588
-0.014639867534096776
0.022613781984669932
0.07287295492747896
0.10949934701083557
0.08635080831774933
0.07311140385660693
0.055545266264289336
0.04401764849148841
0.021520463151830063
-0.031851555298082986
-0.05699533299931106
-0.16010403129839545
0.25341240661830083
0.1579711265906446
0.1306366751792808
0.0817571222103392
0.06250583367541662
0.031036751184825375
0.01738655256400627
-0.04310565600273094
-0.24799615841173184
-1.9096101065894153
-2.8912456602423964
0.3389605061958381
0.14115768804721965
0.09896818899047416
0.06081063146840153
0.038477402079949874
-2.8502141904035525e-5
-0.03306826885568964
-0.061526061133012316
-0.16821786005370462
0.2657830523386325
0.161684473162842
0.12906334792733012
0.07930147435321905
0.06307035603703824
0.03766115670604468
0.016614110510230057
0.011556251211240515
-0.014226717780698188
0.023160781093090426
0.07323572602669982
0.11326110093064619
0.08630864605040489
0.07440854075382654
0.05386312979185736
0.042518158174105224
0.022500962203248254
0.025512490290549125
0.029339162152560667
0.02932624257640859
0.0665815622298897
0.070860750819825
0.07317702146366621
0.058023963762784604
0.05218255168471982
0.04268638701333399
0.034667061640986985
0.03847217140723394
0.03374223189440885
0.04411496479294651
0.05142127826527021
0.06319934929303558
0.058340369175102005
0.057398312817316846
0.04878913254675547
0.04560166496372896
0.03766913531650851
0.037749231783320195
0.041852151038942076
0.04231300870984724
0.052697793708108114
0.05559364447371128
0.05893037043206175
0.05418023012186332
0.05234380106972835
0.044389400973891886
0.043108007884770996
