-0.0009407667663276406
0.004025464265409554
-0.021843488486893523
-0.0019446762413623973
-0.04882061004764734
-0.07001294484711507
-0.09298490028664325
-0.253636750042843
2.4434058169604334
-0.2443956335752213
-0.05938119962431762
-0.052801493421845355
-0.044573004753856275
-0.048725499365738154
-0.05654294524703452
-0.06766347651254909
-0.11353362045831816
-0.15133083092554608
-0.3079210088570879
-0.12212152642491156
-0.0967627972802277
-0.05846564431638954
-0.05177858525265666
-0.050957582510666274
-0.04830955837434448
-0.066224635236991
-0.07763344803353778
-0.11489685367992682
-0.1181840439335933
-0.10722327664366711
-0.07302463136442561
-0.06266446478504306
-0.050882351186462664
-0.049771072398706054
-0.050184431644674156
-0.05138007803911467
-0.06285662866995496
-0.06822635539158073
-0.08259266329018798
-0.06815166811627112
-0.06251988003345971
-0.0526702957886948
-0.05058459209591295
-0.04572274474518895
-0.04376000103580176
-0.04384828920580754
-0.044660535866849795
-0.049831380087263594
-0.04784563077857147
-0.05064183978777764
-0.041021391853247505
-0.04266413643078464
-0.03956746590960068
-0.04494348690360012
-0.0361011867776753
-0.03488739755234376
-0.03542757915957905
-0.025759392987661972
-0.029665139506939886
-0.02577015221683789
-0.031241846034225956
-0.0309036530334059
-0.035917686246824045
-0.035442360629970374
-0.028587107150707232
-0.027470083588121256
-0.016513699056776368
-0.004984370639229419
0.011087399879512292
-0.008071699887974326
-0.013198497304503646
-0.025182353212783108
-0.028575479069555196
-0.0321406140518413
-0.03153919825958223
-0.019130587136827033
-0.006473617332248604
0.038398706853090464
0.053272741566492796
0.041122225730995166
-0.0002896656410722051
-0.013274088396180045
-0.02536884765169484
-0.026881090682658985
-0.028815477584650237
-0.02440892276354862
0.016552439803716325
0.04387091475590623
0.2760518484102527
0.08137292731930569
0.028326008211577852
-0.01271688111935395
-0.02016964935372954
-0.03293721867560144
-0.03900385298584397
-0.035270558527421086
-0.039387486476280174
0.15514015984319351
1.4349045803241773
0.15024878681761755
-0.002382089375254454
-0.01902093152905286
-0.03551466220680754
-0.03543155592655036
0.0050300348420822365
0.014396532871600724
0.028930423432204058
0.030614011061299417
0.05600811549389811
0.07449946443236766
0.10341900945245074
0.03071173715968584
0.012584191245468326
-0.0012826969651174175
-0.003538218631869503
0.009036146337379484
0.02316360834304147
0.04805822972120937
0.07955706827260518
0.130075196675588
0.19437062572385486
0.03989844831362845
-0.02399948107245081
-0.006324512466939735
-0.010932792405156445
0.0019102774755575765
0.02936864976625828
0.04107708251928592
0.11620384089358628
0.21935343115238418
0.3899143795989199
-0.28556098851877326
-0.09643819888973468
-0.059933274225052124
-0.027893026902800603
0.0006041154066427182
0.016744811926364688
0.03921506260408556
0.05266215158871142
0.08462905224789635
-0.3575795260358394
-0.30661995111414
-0.15659694678415875
-0.05374005242592946
-0.017501564192834343
-0.008693737304112242
0.010873864023290615
0.008491346429333566
0.01654176512416416
-0.02255973598016778
-0.13102875524803378
-0.16369567801039683
-0.09045504027644533
-0.050478128301390396
-0.017816782623160263
-0.005811458675614269
0.005674995506081507
0.004655834134866539
-0.0028811811394661596
-0.01284074812886518
-0.07383965339590763
-0.06012743004552777
-0.062083508541782295
-0.0269594115014076
-0.008971427886184546
-0.006735959211152996
0.007232382843329802
0.005070793084064698
0.004810927066158654
-0.006901191429374542
-0.019967726224468265
-0.025091501778586482
-0.02175733849443567
-0.018677536057024036
-0.0020807918485708857
0.0027885849166631622
0.00623874104258975
0.014432850786069155
0.010875625320942434
0.006014440505010058
-0.007224438443380411
0.00020725232156443946
-0.004813780449497216
-0.005745922440016327
0.00354572231006621
0.009708314900935253
0.014154216963902918
0.012593967127386432
0.022128389095849507
0.012033123495339398
0.013855550174653385
0.006676160722929841
0.009669667102604081
0.0010225479164787553
0.004008644465801453
0.014768956692598726
0.019474046024611103
0.02540538286152429
0.026196767551688486
0.04610648074851654
0.03321186617504286
0.02601209893388618
0.008093316184904538
0.005169772173538328
-0.03651195269898701
-0.0035318324826648373
0.012759936651667532
0.09880454100888343
0.1584229249044944
0.4360247528790201
0.18324710227458488
0.10321657493219283
0.013357930643865154
-0.004495964589058016
-0.007909217413361789
-0.04519657862382821
0.0021211205718995674
0.05330350603934264
0.1046747668458661
0.11614536279561216
0.07765604850969433
-0.004542469561869149
-0.004029176792230623
-0.008301236930245655
-0.028190031189733723
-0.01810646978156857
-0.010241777318058552
-0.0034637739181717976
0.017757687234465067
0.007719189615669251
-0.02173782110404243
-0.018204365278241527
-0.027457526011850412
-0.021400369430432754
-0.03022246103864601
-0.03831595590997231
-0.031444616423729144
-0.02756380955511693
0.02073110911500801
-0.013029509870454615
-0.020932083026865732
-0.0025907995059078785
-0.0033868727341898053
-0.025967610293838976
-0.040266712329938455
-0.031063596208208363
-0.03167896439334502
-0.009841072899345884
-0.009148080469940041
0.016438885007908577
-0.0036986623380118634
0.023443389963296864
-0.014305824237008524
-0.02588046049456341
-0.03276995489518292
-0.05662734652820814
-0.04365293951487992
-0.04433986501286695
-0.0385924463787732
-0.04996807834136592
0.042095851787630374
0.021235144210962204
0.03664195694218693
0.017413222467539943
-0.004929311178057349
-0.02996776164652944
-0.06377920092960407
-0.05270893176121288
-0.11948751593347466
-0.005418538016815822
0.13386964619900493
0.13262738265971924
0.05772526609416376
0.021204899824289566
-0.005006261792026328
-0.03254533918178771
-0.03724789147376508
-0.13981006108222468
-0.19100935087751034
-0.2210386715582804
0.42581928378813544
0.19216176875394864
0.1254507732252519
0.0173382571369939
-0.013404932377184396
0.0039077372247193504
-0.05214220198457005
-0.04641942256015057
-0.22142851111959172
-6.471091813581721
1.9110768002297944
0.4814737442936772
0.12195197113738751
0.019122872626628446
-0.004671705843425811
-0.00721930793540162
0.025669086015594398
0.10362208209822545
0.38329967444574276
1.9279822234522672
0.750970013062117
0.19916655086989357
0.0764879161488298
0.00819606381671279
-0.06201215465761087
-0.04137048967568072
-0.028816076679664543
-0.010824125538417065
0.007528441355307571
0.037927642172210854
-0.0007124506581891789
-0.04883107471870537
-0.0891822113704684
-0.06830334221321277
-0.0489753790070266
-0.03819369374461192
-0.027313713528217484
-0.025060936803039353
-0.0067786118518607715
-0.009518795792586868
-0.015934783863341687
-0.048643633760470546
-0.05376134807725538
-0.05602945412417605
-0.045281008250415304
-0.035982817637705465
-0.032848921227337666
-0.02891631931544958
-0.023249563011737646
-0.021856940885584805
-0.03398275747717079
-0.03923801072930195
-0.050284717627568844
-0.043621843780728246
-0.04106315097232292
-0.04279662070773743
-0.03167279607066137
-0.03047543831974267
-0.02771252818603967
-0.029015743841416437
-0.031029475564747375
-0.044295950751968904
-0.045282133738682055
-0.04732550750844431
-0.05259149613575244
-0.04087286078506517
-0.03683474352843858
-0.028803310297809175
-0.02927470415823228
-0.02855844146523334
-0.04037775023815328
-0.043627964804861405
-0.05334808600687978
-0.05208710476273123
-0.05284073831313351
-0.04635322216302237
-0.03540622008437434
-0.030501801715556064
-0.022176161485276954
-0.027231255449876136
-0.035149730779105916
-0.06558924222692572
-0.06548373878810848
-0.06528675969783392
-0.06839759787245084
-0.0501643515306934
-0.03811618251546389
-0.018321578648581596
-0.011828075535117
0.014373892110712378
-0.046519037878561084
-0.09289037931295994
-0.11506395161967067
-0.08010761816461587
-0.07078150526295707
-0.05370817134252602
-0.024455496646994906
-0.005402362389005346
0.035484527423686955
0.03161285722939423
0.14459029543631338
-0.2625255235665896
-0.15220180780394282
-0.11747487864584039
-0.08195286522001304
-0.04765119319854055
-0.026100191024727017
0.011963188525749215
0.05586100844922881
0.27334525104086443
1.3860406330237307
2.4645532883950647
-0.30046401768064585
-0.11908601973299461
-0.06714066426436395
-0.04655673559681978
-0.021867775489848168
-0.002801786437876906
0.053624585743266326
0.09390793386893088
0.16685127790059223
-0.2272006818957216
-0.10858409330848649
-0.10461040883377185
