0.0013625955473642987
-0.03159254101941142
0.0007198371656322238
0.011416098802861537
0.021435298858065485
0.02734677461665751
0.039035626685597326
0.033819512906467675
0.03593207340122751
0.031331292654528116
0.028508618763548675
0.02220950916444574
0.020333034464211964
0.01049791014033208
0.013856773112620178
0.00633031675646615
0.0051634052366287
0.04292284047532713
0.04604774464787191
0.04726016726270836
0.03889614435656062
0.03313786969202834
0.026368837584202796
0.019937548690532512
0.014279781979918905
0.01255161574590721
0.0013741888832708158
-0.036283763079987506
-0.002977946518377093
0.046743758461785835
0.08656717665688898
0.06121320205420098
0.05359193516271071
0.037515657211316014
0.028358008876261866
0.01646725299554516
0.010216679534949095
-0.00601161201877374
-0.012200671467848277
-0.08197479123744056
-0.17672113940699144
0.23341138623224858
0.1325729474244737
0.10491468012988729
0.058934608476600696
0.04505520472101219
0.0276769531369966
0.01868476468610415
0.0012846153089998375
-0.012109157389745676
-0.05528312700175365
-0.2596319717011517
-1.2492237024573063
-2.2223048127526694
0.31465948340787625
0.11681119739011019
0.07643468521411632
0.044353835904613545
0.032954166102082565
0.019987986046753906
0.0035105915568559285
-0.028916808716877872
-0.06719367938737991
-0.0795003702096664
-0.18443669912818392
0.24259604521253988
0.13118575324770818
0.10788123772920956
0.062230474732023804
0.04845074033174459
0.029189711845161448
0.019266404275263264
0.002176746955145576
-0.008933906250231409
-0.05509537156241228
-0.037054757268294
-0.0018377397990988714
0.04959819394792335
0.08681750157295143
0.06120428133745097
0.05059702075556999
0.03878533727983329
0.031918718838450405
0.019056660047888658
0.010454819773363514
-0.00369482766628485
-0.012973992454183706
0.0033711478473333976
0.005880645845908795
0.04280734719935422
0.04453673345611041
0.050502674868059566
0.041151911966525935
0.03637247459572796
0.02738709090539285
0.023012062850338272
0.014568464133956726
0.010543466836588232
-0.00021833388307382584
0.008880142433926236
0.02240331245484893
0.026561725299765023
0.035806810715109244
0.03652694688205234
0.03718018774013959
0.0306553439153149
0.02852786380282727
0.022275913700374857
0.01727642508161468
0.0143261139895682
0.014880216305630332
0.01881447661314807
0.02131847174809988
0.027214493215306442
0.02921610552493793
0.03625517586143335
0.03318349396669633
0.028368519552753716
0.02807207540661104
0.02415745610782038
0.020029524033891893
0.018109764187671157
0.012520848369154118
0.017775273489070934
0.02285131397089942
0.02359320789121022
0.02922117781183101
0.0311705557749932
0.030891116492697834
0.02750552508005866
0.03042250520645504
0.022812184522738154
0.019151379285098327
0.017395706138277973
0.018003618332382506
0.019636437920850933
0.02001105527949564
0.02930568924126832
0.031289525898648564
0.03619671018634877
0.03156350490960324
0.030686513872663138
0.026931948760321647
0.024062920167760796
0.018884794814561234
0.016130015119702606
0.016267676703082226
-0.027846294969775094
-0.019016081081349064
-0.007499275771269723
0.002036300333732026
-0.004351029183775863
0.005485806555186708
-0.02456105275984678
-0.005176503021474304
-0.02593342246913021
-0.02143721414008171
-0.02129444422529653
-0.007255091045448747
-0.03246489417550488
-0.009757626760738068
-0.0005379942208020927
-0.009911036054936316
-0.023548452633442934
-0.03061968517532771
-0.03514242411015715
-0.023848833915356686
-0.007002115639566038
-0.02384493058533462
-0.02013569533311778
-0.022450176521343478
-0.011125368143947602
-0.022991752159647813
-0.026415258595476304
-0.030226213187992613
-0.033671661277146596
-0.023260170814910282
-0.029363955917410138
-0.022618053761749583
-0.018094889627287388
-0.01091225560052403
-0.010043887215677071
-0.009694157346222941
0.004827255726403492
-0.018451308796728173
-0.031803264838360254
-0.052196289656892776
-0.05326323296010509
-0.03807690700879627
-0.0043522242517683
-0.012145480618533131
0.007899386492432912
-0.001055512819213681
-0.013028253831219722
-0.014133592301671228
-0.008332717492286843
-0.045333282983974696
-0.04563751947882407
-0.0531737362924489
-0.045884729539162804
-0.017325720501898827
-0.0036528021552470324
0.003467603571067873
0.01927170983361438
0.04188623301979976
0.021484345481780236
0.0022416665265327235
-0.006783264220109327
-0.029130404700044417
-0.02462950358792114
-0.0486420334734717
-0.05757195614618444
-0.017343177666378367
0.0016169975755198967
0.02923678500820042
0.07834590499652995
0.060514422019984575
0.0741009370923739
0.002004522482741031
0.004823885751292013
0.006177440109329882
-0.03785229921221412
-0.042924901132718456
-0.04073189032181121
0.00865237641658262
0.018270894946908218
0.11167279393394541
-0.009102899645048514
0.2995891872544003
0.0788634807210389
0.04828973075569074
0.013873673693390697
-0.010227598490971978
-0.04591175529874543
-0.03631257938755341
0.007603833015482855
0.016542359939896573
0.056161979402263994
0.016738653477824435
0.4910658765000415
0.5158565333641072
0.23548761380022162
0.033079228607229005
0.04021654841482651
-0.01233047366004835
-0.04267817836023556
-0.0138444609206814
0.020062740877499537
0.038812413049212235
0.021535610513436408
0.23761581645362842
0.5095392649506675
-4.204683204740137
0.7565752990771328
0.09320905222187356
0.019923048089486084
-0.02320034615578731
-0.023575759665935975
0.006936936273780462
0.03418058419133167
0.006958125303396673
0.06432299416814971
0.0966126346587117
0.2726515766063408
0.861602486192113
-0.0026908262985473105
0.11607018340088869
-0.002833178975969147
-0.014850985516088882
0.005838591537003498
0.012139202963085745
0.009261952839098215
-0.009406175376369714
0.00783408475316106
0.06048583600896427
0.05378880897560813
0.03292470560554116
0.14335232004206278
-0.004719001477694615
0.0002303667141230776
-0.01893239073675648
0.020843446153235516
-0.0007738526239744596
-0.012697873737647188
0.0010748571146528534
0.010003720787391888
0.015603151904969966
0.006596412075326554
0.0026917169110489345
0.003904470172721825
-0.016988937573696378
-0.022323647477692003
-0.02014547616598314
-0.02280263116890712
-0.022654187472614787
-0.021574808721714862
-0.009096345481395745
0.0021688902474333053
0.17579832200677892
1.3608516088318676
0.18564028512193503
0.0017996233202026138
-0.009280780821558875
-0.029709119701102626
-0.03017757917198461
-0.027380138375909562
-0.029330391264199302
-0.026600998028852213
-0.04458588578830407
-0.0498182450604144
-0.2337894384902402
2.3368887604644786
-0.2423979505245243
-0.049477125173142136
-0.044894874976628696
-0.042633481845991326
-0.031918389744797555
-0.032061474183820354
-0.031120259614466284
-0.0390812914457563
-0.04595437679945305
-0.08730843005480168
-0.12844408127158358
-0.31634666563204955
-0.13341204082937022
-0.08516619738123367
-0.046437295656574604
-0.03925596122320081
-0.034507119734854604
-0.03285884397723613
-0.03307012328152766
-0.03664281517775081
-0.05059064219420361
-0.06232510001687123
-0.1051170965099248
-0.11853576846825076
-0.1080251030832574
-0.06307193324124197
-0.052943035327983536
-0.03821199742590976
-0.0315750929426096
-0.03596941291299149
-0.03188839792734666
-0.03620579576007047
-0.04008957267770717
-0.055022247767590265
-0.06234974293743083
-0.0801734740405437
-0.06209464412135458
-0.05326110416151828
-0.038971437150989136
-0.034265674966428086
-0.03214906082803233
-0.03266364777943399
-0.031187428107421946
-0.03316615225976139
-0.035197942924889584
-0.038935123299515935
-0.04941066319514519
-0.0507418434167757
-0.048527150619604456
-0.037083200316295466
-0.03510740804408342
-0.028991584239482095
-0.026770865379034472
-0.03008406826914399
-0.026621154395838405
-0.02601940269349657
-0.02609929179160187
-0.03162708532360593
-0.032717938673533294
-0.03536006532942062
-0.028212375488262168
-0.030691539424714847
-0.028015437397373066
-0.023276845691339705
-0.025742082338942946
-0.025478826280318695
-0.02450870575506669
-0.02183520860224747
-0.02110376952348525
-0.01903344110704744
-0.020435320137521307
-0.019490891630912867
-0.019212089852169868
-0.022730960069907408
-0.020885129593490148
-0.019494575917071492
-0.021852494090622974
-0.02200757111579226
-0.021546043869669136
-0.02053205176937741
-0.015284143601481384
-0.013433468509725781
-0.004509432538533676
-0.005731230540679881
-0.0051456637247440686
-0.01479632179669679
-0.012816720920922649
-0.014625257228179252
-0.018768916008456735
-0.017477523664112083
-0.019590918459725618
-0.013950832069851574
-0.01227009059391195
0.0006795845309477289
0.010038165291991237
0.026547461861264488
0.012508766270255803
0.0014013360027007717
-0.011740526962668425
-0.013212017605000199
-0.01863396236661068
-0.022460609291047068
-0.018867693376174447
-0.01526722121799651
0.00034014168396632235
0.010535006328378402
0.05656266076382385
0.06700895670421182
0.055354287180065284
0.01307147496281078
-0.00043107121075528724
-0.011611821608778277
-0.018460492854836082
-0.019300667197075377
-0.02171052484016026
-0.014264502182515033
-0.005726505551623754
0.03450893261411992
0.08433979951459447
0.25857121703940955
0.07987810650285279
0.0352459137447581
-0.007258971137124463
