0.0017243340924948934
0.0015750069257167531
0.17834949833238217
0.09131279584167978
0.09755112674593537
0.7196155536136617
0.9300290546609357
0.07881416990961998
-0.687984748223028
-2.6246697102594845
0.23130686022220504
0.10097994631280202
-0.016962031886855692
0.48914999623810074
0.1320994959346175
0.05244955905078688
0.042272347056758246
0.13548608651540756
-0.1419361222857278
-0.1883411901181441
-0.4685931771835561
-0.18767449481518705
-0.2029215545198093
-0.25657539543033187
1.4508819791825274
-0.5312404381717523
-0.05607056772765862
-0.06030877642995368
0.8877884218173839
-0.024726605565596728
-0.07225665074114052
-0.07065557057799343
0.005391845925707494
-0.04676170319653507
