0.0006545042614654267
-0.000329915773426187
0.00033858671877987176
-0.0008975157243923359
0.001108373351154581
-0.0004733268914865775
-0.000641699049118009
-0.0006648586055926088
0.347145983272707
0.059164980579627435
-0.23208159815197965
0.8654682827891751
-0.07698126814457336
0.03707265361513906
-0.14700229725732172
-0.22970513252830035
0.00531646555534683
-0.031115781173070737
0.045564002631541686
-0.1578111315527905
0.08153062077068349
0.14221153583042637
-0.06235980737737846
-0.6606175084667091
0.06850097829293579
-0.026925286948432374
0.06923795650450783
0.3144717896513065
-0.28234153450867633
-0.15671151156901902
-0.12632497564179793
-0.17616773900561508
-0.40055937848488754
-0.12851070761376882
0.028185701912616705
0.43229767932189633
-0.03716781814999119
0.024421673410454117
0.01171014808833954
0.36328302467425566
0.07882182725354715
0.08565249723489624
-0.18512007929849114
-0.11053302413714458
0.12646079204305763
0.0221991651536755
-0.2726595025542406
-0.2220349811736788
0.35710716472298626
0.0544446779037927
-0.2762833619438394
0.690410441886137
0.14468104035571802
-0.07749400216771551
-0.18287000010712035
-0.2233826550936989
-0.024411981124048385
-0.02529553438119978
-0.10643257670690703
-0.02870449007359238
0.22246046210542236
0.1222001967090917
0.08299315242651437
-0.029573312962761018
-0.13210739535935848
0.04422394846559023
0.9016527363557096
-0.23131232287909897
-0.07330305646377684
-0.2879628449191674
-0.4029538343300503
-0.08487314699077549
0.004411696316525139
-0.2887593808128472
1.419527643604539
-1.1089417860740498
-0.06532252137983853
-0.07166824951176098
-0.002651134399293917
-0.04357881365558218
0.14661642459233654
0.0612402268457971
0.013519177763450373
0.09442495096378029
0.13148340914381967
-0.11438342799176503
-0.22757431011552826
0.049556094863928195
0.27742335137041696
0.25743264195081905
-0.005635420727461315
0.10405970847199583
-0.5325909087252598
-0.9109539122902622
0.2875791689032311
0.1874914676232389
0.06867250573963422
0.08208064842403266
0.20555553965394135
0.12006789271995393
-0.017935825371086938
0.004654711223471886
-0.09766387503245283
-0.03183769386148687
0.3463636669837382
0.09345603876679993
0.06739699481289653
0.0630883164420474
0.6270497087511859
0.20593001528831162
0.04416891679709219
-0.475434570046556
-0.3818801480694457
0.03687342465799803
-0.05904708970986221
-0.10025121591502621
-0.16505624263187144
-0.20211948858571327
-0.02794937640028395
-0.06488895111758966
-0.00020399406216139494
0.20524135572691657
0.2650753230925195
0.31449237781256584
-0.25615893019818803
-0.12990073407422906
0.5524440297986257
-0.6968210021065274
-0.12112172351501038
-0.028554646822762392
-0.10578718390729172
-0.31190078619529216
0.06405445403998465
0.061030425170250764
0.16697821277099598
0.018932822359063982
