0.006695864287064392
0.0010420635123144174
-0.0005865202603547059
-0.000406692885586448
0.022217846199292166
0.018892221903637398
0.03429730619650614
0.005488065435084246
0.005789222461098335
0.02452887830286245
0.0009602859349271009
0.020041576101481898
0.021900656493402986
0.061889008350479946
0.048155974268223864
0.03570685152430165
0.01812180832793763
0.02678658202171407
0.018135663557347692
0.017219885129603648
0.03336101237122933
0.0030237192937481745
0.008714957168787995
0.009796038287352957
-0.00877689629535745
0.003565564693228469
-0.02718513056699305
0.06854506421935415
0.08908901267269592
0.03500440277322527
0.022577034599161768
0.014217505111773703
0.010279212103740684
0.015465479538099076
0.02472016807963799
0.0006565933965586952
-0.0034147303705287318
0.01604656373384311
-0.018443621690299297
-0.05148645100046023
0.1205362969132857
-0.43011763014834653
0.23355584087358994
-0.005214222866380573
-0.025648895891025696
0.0008735447232969004
0.006708255930920785
-0.007286535296589004
0.013341892668209156
0.0167258700880687
-0.016845039512240843
-0.03231598667435854
-0.012244965758937158
-0.017359995730103918
-0.1622075627671042
5.611251438074596
-0.937347584141271
-0.09733633993973978
-0.0810297311162349
-0.013333767252658245
-0.001554899308666611
0.010528629378423929
0.0007344976259493086
0.007322344275320553
-0.011765243536982797
-0.02756078786972995
-0.050651748940733446
-0.11863379946522756
-0.2895250488245863
-0.5521507157551574
-2.4113314606666028
-0.31328481901704397
-0.10419153451550292
-0.051012732757428556
-0.002079121570876051
0.014180483798166266
-0.001201246086172134
0.012053097204140963
-0.007481378115500783
-0.020716312762160027
-0.04817737325378255
-0.11664153996853169
-0.19673150617603966
-0.34926048582119656
-0.39515469785822577
-0.18680298777926121
-0.07473908411146833
-0.029837141342427313
-0.002041057477860009
0.016206477747445533
-0.011074032631876587
0.011012288552193796
0.0033423829979499064
-0.015310520597641349
-0.02333280525999274
-0.05395404299048506
-0.10849986759773426
-0.15580175958618997
-0.1585194706224919
-0.09761008261110624
-0.04512680261219369
-0.03182855047864299
0.0006794619248087758
0.010375329604099032
0.0019243649739229098
0.007499248367004244
-0.0009278763491807288
-0.011559807424793248
-0.006147881651480538
-0.014745255135067508
-0.05722538019764089
-0.0739700210109091
-0.07344174294270141
-0.04315199578258927
-0.01183863253507906
-0.007700790341741219
0.011831667213028106
0.018369159494789688
0.00771299499125692
0.002473664927814417
0.0014035720841983055
-0.005956897163291084
0.01265383165512968
-0.002824676520052894
-0.003669302487924063
-0.017151868837894393
-0.02518232890777721
-0.01288621842304179
0.0011356566004467397
-0.013044494771820396
0.010245905934986876
0.010212552430728102
0.012379693051165423
0.020650648979606893
0.020258847488097538
0.014052539239239811
0.020911281644087724
0.02134238405218644
0.0013376196390416082
0.006111183498212285
-0.009568942793578911
0.01823971815087795
-0.0005775811517147213
-0.0011188618243354754
0.04008033062538612
0.029713032336274207
0.012236925548865693
0.0038561026140733986
0.0015237845905265541
0.029125017635920257
0.032351876945961526
0.017616406946929623
-0.002436960433272532
0.011602154661883076
0.028235622778852637
0.022941741058319358
0.0042985190961489506
0.015916287852517124
0.026550293978790395
0.017430770922992056
0.025959475395287646
0.022473455100759387
0.027058176011671084
0.029774133223411547
0.026776933163269963
0.015334228684009403
0.025848068875832887
0.00873823745531406
0.030630935637811506
0.01400728385019472
0.020614177367739316
0.03363412933874936
0.030301008493031488
0.03063196800393279
0.029998979070906748
0.023996496542070908
0.025101850859896368
0.036051163033856075
0.015649486683988918
0.027490878210239007
0.03573589309570949
0.031185960146280525
0.02646326124009137
0.02939403616851525
0.014949358607609499
0.03525853401467569
0.03755412576330035
0.031654037663065175
0.03348054645430525
0.020521689276610317
0.021140467568744006
0.024542594556109597
0.0032171122439689868
0.021588574011287907
0.039606742792755466
0.04335816639226834
0.04778417626851829
0.013904246471941354
0.017628173676059743
0.03332079674384367
-0.011925635354444165
-0.022382077409193703
-0.026738804590997988
-0.07229160486642228
-0.10055441888665485
-0.2379634482885215
-0.13065676518984676
-0.07804833567175551
-0.03391612875447928
-0.026666743883620662
-0.013017459762113421
-0.010217233781927012
-0.011310399092459726
-0.011361151155776366
-0.010510368683371917
-0.01346731776801109
-0.03052667416021855
-0.0434621728110848
-0.07655936358813646
1.0609924937523059
-0.19191741309467783
-0.030917692669043744
-0.026669306874303397
-0.012206407478754781
-0.011154634280783695
-0.010309532569445206
-0.013988565904929253
-0.008233593571217404
-0.007969012642608641
-0.0037305185802876755
0.010843855633213096
0.01618365295646847
0.12002006106056166
0.5209399369218366
0.23274810377389998
0.030825558717182167
0.01713993203898397
-0.0031615149113724313
-0.004775456136269944
-0.009193933362379725
-0.010266410451089492
-0.010624756057126426
-0.00849204226007171
0.001092761641916904
0.007302266014072641
0.05035916792698279
0.08194456067057346
0.22648715869325792
0.15645395837263232
0.07428457636542675
0.019329534076699715
0.0072400152161736595
0.0001962937823871097
-0.005220274359783941
-0.006389876641034647
-0.007833782550619547
-0.004950867111194397
-0.0001240146776075588
0.012279008297926455
0.025860511771799523
0.06594689986808354
0.07254800072758542
0.09288866268050984
0.040068740976038214
0.019007023828906136
0.0021717139000645763
0.004511758843101043
-0.0023340814068054066
-0.0016986520447927573
-0.004000732718416505
-0.006868252610870997
5.040324369462418e-5
0.004676956177190387
0.016844516741912785
0.02684290700592034
0.044007581767184355
0.03351311303109088
0.024345361184896806
0.009464152916745294
0.007095573870788362
0.001245921589603473
-0.002735444396926299
-0.008050241436815977
-0.007667081453837833
-0.006825688960569596
-0.0029458222513184984
0.004232265923437945
0.008752489242416605
0.014329103781201755
0.018022488484551718
0.017271958992281657
0.011066288043894824
0.0066717042487307214
0.0017029822193564594
0.001084130471258926
-0.003944564504133794
-0.0034524029877963974
-0.007356050142076821
-0.008786003571061062
-0.0036094560303080664
-0.0019844850077881024
0.001630325699790314
0.0008057355099220019
0.008300576130019669
0.004179653580466205
0.00016299690957754295
-0.0032727991828767197
-0.0016296710582320046
-0.00350728053132427
-0.005691393197379293
-0.005715466498670466
-0.004828497293540394
-0.005057452105751383
-0.008284429909944612
-0.006578396803862736
-0.006564199569501985
-0.006210161032355592
-0.002639648383885024
7.423420286023236e-5
-0.0037506723766418055
-0.004656596033254724
-0.007450659821118059
-0.007646698811975397
-0.007819776202176014
-0.006147956018057198
-0.004614194366774242
-0.0096090023790588
-0.011973205718052781
-0.012176445802856033
-0.013241643818373242
-0.010452654503817065
-0.01032396072853669
-0.011206488177497646
-0.012726724755176062
-0.011633159273300095
-0.010591258822408847
-0.01095882260724894
-0.010668822757257716
-0.008388161114552846
-0.005792994640807743
-0.01278269526441018
-0.016239123858881387
-0.016048424533368494
-0.020117549690018863
-0.02115707797462711
-0.024212133943847303
-0.02208395610701948
-0.02253413819426624
-0.016251142352634994
-0.014893837467540192
-0.01443878000437605
-0.01337061282294976
-0.009769879897386757
-0.008531845862524845
-0.015797244903268514
-0.021545829207879733
-0.021283218297966876
-0.023489719385525833
-0.0349274118205322
-0.03434749921825604
-0.0346147316016715
-0.029187779656690147
-0.02357161878392042
-0.015203877461954049
-0.014321220646697969
-0.01198123014889665
-0.011280735079482856
-0.010148985023789123
-0.016001454174731963
-0.024398603938384503
-0.0227184937931984
-0.03842677599272039
-0.047299588921847054
-0.06403347157811189
-0.0519767210788594
-0.044098148365520194
-0.027630945754044536
-0.018983981057515083
-0.014906309191546011
-0.014867047060638804
-0.011049708494553351
-0.014052306467242343
-0.0187378146092431
-0.022061925600947427
-0.030627961422642846
-0.04588247359022945
-0.08558400456813404
-0.0968640864219881
-0.09826112242928242
-0.05298530943836232
-0.03704923741545345
-0.021230525101859923
-0.015189861982371738
-0.010919595546054539
-0.011527737986602345
-0.014268149636956868
-0.04395094991091614
-0.02578844929747636
-0.030931077915012713
-0.02702457060095783
-0.0233239207887144
-0.026039639307645263
-0.0263906503808534
-0.01852578979674306
-0.01819240383110908
0.006925223810668838
4.86513340269127
-1.490006855015776
-0.31185757135949277
-0.061334159243877966
-0.028624404458543185
-0.02985224298252312
-0.021874275157575118
-0.02293708093279294
-0.021858419062242104
-0.020777823182266595
-0.017957681989742753
-0.030937407653818347
-0.019816192274368892
-0.02696566153801677
0.25965770108213976
1.6326315380876926
0.10651655360447378
-0.04145175006774485
-0.026224327396473738
-0.0283333715034383
-0.022739822811521995
-0.02435089282948039
-0.02363582764667356
-0.017194252578459114
-0.01670644974548076
-0.019006767083195424
-0.019917088144901694
0.006089466755518426
-0.0015780553880142757
0.17565904284515182
-0.013245812584272437
-0.01064332488371901
-0.01460461474741038
-0.019051246659946307
-0.021522664122431277
-0.02116503501902443
-0.01849871493325121
-0.02017203701375477
-0.015667908886992436
-0.014792719309014582
-0.009372913701248263
-0.0028850496828486307
0.020826571122134076
0.01833244681775514
0.005374093559549275
-0.014554641529331412
-0.024612897963584162
-0.018078070953036506
-0.022892628732927855
-0.019645005385247855
-0.017808018564020058
-0.013280486842694013
-0.01779661707223545
-0.015953042840633272
-0.011323065995390041
-0.0049917832209829234
-0.005574906968699663
0.005561971204379857
-0.007016558802260946
-0.006554334160481582
-0.018575039760940753
-0.023408659691625838
-0.02246574468972319
-0.02349964823892172
-0.014856657557977503
-0.013950455712524098
-0.01580774182342629
-0.020233198716704415
-0.016163702565495104
-0.015792995947323547
-0.004956556337861029
-0.017426710927289254
-0.0143476460227334
-0.017891995607651184
-0.017448153012304634
-0.02082179420564822
-0.01884273882099214
-0.02434760376173828
-0.023094956607572336
-0.020376820995005172
-0.02260615390511774
-0.019800749168260592
-0.017510539399485287
-0.01392039828841025
-0.010316708072288634
-0.012824817824736512
-0.02072440234457259
-0.014928398229148083
-0.024454379494353508
-0.020800165720272108
-0.01679980839405971
-0.01639646224175752
-0.022767862513378458
-0.025652326722236243
-0.02312851151061942
-0.020405219961178424
-0.020580222884331117
-0.018480768866929627
-0.017400950072934074
-0.021553332336467623
-0.02608372393078346
-0.024122636796314535
-0.034249655895411936
-0.02898887338514052
-0.021965796288560265
-0.02098700112559879
-0.022803357814398517
-0.020162688614704667
-0.01762849283004152
-0.019703215483966658
-0.023427822708689997
-0.021473988916716574
-0.02905718685969917
-0.030271013954979515
-0.032001896105517076
-0.03067496033183586
-0.02820111005068196
-0.029613073546633114
-0.0252605570996129
-0.0272992993900065
-0.02833761067771192
-0.02632329335363672
-0.01813902301123066
-0.025192960078808044
-0.026762231188945187
-0.027873193213456268
-0.03710588719505248
-0.03885012931652202
-0.03131947262197658
-0.02714574259499996
-0.03460732951478737
-0.03826860375260666
-0.03455449990709848
-0.02924860177217917
-0.02654588291641181
-0.02494391141807284
-0.02358956997516051
-0.023952149833228745
-0.034151660320918396
-0.027986268124452686
-0.037930649932278744
-0.03603172872582961
-0.03854269726792365
-0.028002174063127355
-0.03912144471022173
-0.03570050053386544
-0.03079706562780527
-0.026442876209130488
-0.02480090594039162
-0.025569165965088198
-0.022456333766470264
-0.02627426243796922
-0.027126880998178213
-0.04107138257247609
-0.04077506358320371
-0.0663100739528576
-0.04816703522019708
-0.04540324468227918
-0.049384454449446495
-0.03444759356118854
-0.037243099195353936
-0.03433464542521853
-0.03006559686781785
-0.02605971546479898
-0.03174981598006927
-0.021591694675637173
-0.028431622855386925
-0.03581934141956476
-0.07595337431378191
-0.08781415591733742
-0.08178789490945557
-0.04768740920090259
-0.038196360315853904
-0.03672201682975144
-0.03438044899445013
-0.03462638780510896
-0.026260960898325813
-0.029319553309512324
-0.02630203481586283
-0.03180072124615755
-0.024073124535946858
-0.04297613865404595
-0.031152550356818142
-0.42095699357579364
-0.0826416985572845
-0.069359795553614
-0.028883995215558227
-0.025085661799539413
-0.021846541102738523
-0.020441976579774535
-0.015991286811215175
-0.016877909604035318
-0.015034504800026043
-0.025845193693522853
-0.031422232256276425
-0.03932772931380623
-0.03670524484446055
-0.038893180897682615
-0.03539223417869401
-0.03256289150284211
-0.028380171529009478
-0.02341188988582498
-0.022233567128193445
-0.020633561984597235
-0.019127939651842885
-0.020452763017163735
-0.022124354990261316
-0.02267757876248905
-0.031086908997624965
-0.032626170964791604
-0.03503098512233707
-0.0328313248706523
-0.034878720528465676
-0.03129941962235456
-0.02625383462518214
-0.025148273215318012
-0.02209502830299975
-0.021891608561587547
-0.021599579614268626
-0.021979153571505154
-0.022178703948201293
-0.026243281871413303
-0.02806190724610294
-0.03161321742521874
-0.03383396284965158
-0.031650360929921274
-0.03207635004207767
-0.0313511196418585
-0.02579741247108516
-0.02382061596310573
-0.023512990062880715
-0.02203677695406494
-0.023117014388228767
-0.02199720526134087
-0.024799099065323738
-0.025848791108620577
-0.029633714801568203
-0.030450702971822927
-0.034559245896237066
-0.031513127862616966
-0.029943951647463867
-0.03012740593194567
-0.027084725117930725
-0.02375175907653854
-0.02239795389921665
-0.021757795041137524
-0.020640038843615444
-0.021043688180999956
-0.023589025186193442
-0.02492338244640482
-0.025815163611247145
-0.03239090960252257
-0.03234883331420943
-0.033043095849695045
-0.030021145834807115
-0.030687201795922176
-0.02858934737280301
-0.024691870481684516
-0.024468027084338834
-0.01920001609692172
-0.017277734684703613
-0.017419108316727175
-0.020173224278063864
-0.023336587597380925
-0.03313618555201505
-0.03359652758579318
-0.036405436458430175
-0.03707685629070307
-0.03299555956947338
-0.027636841317832124
-0.029967356342874455
-0.023693417452509045
-0.021041202240926943
-0.017563725921060782
-0.013604332726342198
-0.014269310184293905
-0.011699744396020123
-0.023270486269374856
-0.029606875852775383
-0.04120613135752374
-0.038349305011518696
-0.04015630151939081
-0.035456739690380205
-0.03362209744624477
-0.030487997883615364
-0.022587836859247996
-0.01860896881797977
-0.010873581502381421
-0.008752759095257969
0.002541623637796636
-0.003580950405933268
-0.0046859932296944296
-0.04429036890369117
-0.050191850200320805
-0.05612383895045757
-0.04627395592394351
-0.04095893979424252
-0.03434245530688869
-0.03212789486330932
-0.026092122205303526
-0.016111833649226835
-0.011369333945767373
0.002837227973478258
0.016517573523575222
0.044787744430276735
0.004840203293535144
-0.05098917263651238
-0.09006791658803898
-0.06755524259235972
-0.060751955990568825
-0.04376502917476903
-0.037243503779256906
-0.03290628887123241
-0.024762235089044796
-0.018018498921056565
-0.00402668369658064
0.01118467465350248
0.057180482403064066
0.08306478439071796
0.17728772467998666
-0.24436146009347998
-0.13694634511754422
-0.11071276475291317
-0.0671392327543428
-0.0555710655255763
-0.03967583318369616
-0.030122515097844294
-0.024798191327394036
-0.015009027367256223
-0.0035512901666326906
0.025755195852879647
0.059130023460210845
0.23699710352381825
2.18945135875337
3.027976751573724
-0.3187307064634215
-0.12076565461593097
-0.0827999066475006
-0.052857787541855376
-0.04038848060359675
-0.03194756149512439
-0.023258197881763382
-0.018734674092698925
-0.0017799009267566602
0.009831484562102056
0.04890806471871594
0.055144735160849556
0.14788091763080802
-0.1917501994362824
-0.10951914498271835
-0.10224193175244337
-0.06435643576221516
-0.05398802426088975
-0.039140837793796054
-0.030503277835768065
-0.025851645728631974
-0.018801822957232317
-0.009750311034289031
0.002745369633195054
0.0075872038644388675
0.028591752012754778
-0.012672894279160917
-0.05028205732615507
-0.08599147877517267
-0.06267193557161488
-0.05615831743005153
-0.044050884902975714
-0.036470703481237564
-0.03031327509831946
-0.026469766795609185
-0.02285387047827391
-0.014971792848913179
-0.0092836009798623
-0.006649059974152713
-0.008329225532676812
-0.012569359290027272
-0.04733366443367087
-0.04681286581844189
-0.04872858435582672
-0.04139775444883471
-0.03888038236029778
-0.03460363744141184
