0.02058554243440073
0.0002619260764748303
-0.0008378155763884705
-0.11203362335629438
-0.024832143865838617
0.021267132458262086
-0.002379114776136919
0.0018035197686559045
0.00479661472933012
-0.0005111106236930581
-0.013151226936885075
0.009506429724894383
-0.009249435349223076
-0.03593801315466986
-0.11425839307787161
0.013550828528353471
-0.2418434019462275
-0.08886172810359366
-0.03819880838591205
-0.02198028524645928
-0.013383253456835992
-0.034708232999238746
0.002813023781824809
0.013244840412790806
-0.011787042304678688
-0.003520997804501535
-0.0157772644450196
-0.02377011641939742
-0.01814968505232021
-0.06498424811269142
-0.07961586556708258
-0.0010076834287715691
-0.012003691470869392
-0.002617463841256988
0.01935430853884564
0.04405445973291498
0.01462878679850244
0.0006421024581639147
0.002010262084922358
0.004134185703754139
0.005810912888059904
-0.005110743718042353
-0.002387249551587741
-0.01170109129768505
-0.033723437811624346
0.00633574215326216
0.005379481956917399
0.01836731914368256
0.011118088024942312
0.06733630046153774
0.015075698883890537
0.012246925305322447
0.009619894071357526
0.009608233404677457
0.005626550674053021
-0.015437689990803508
-0.0027799543136103584
-0.020215688877985468
0.012562897097453354
-0.011833073161270134
0.022308293584818464
0.058944403445249476
0.01633095488288829
0.04349115528055623
0.032306826374955654
0.02064845767341158
0.006466966625463656
-0.0014842120104601045
-0.02019597248397491
0.018428904136084112
-0.012626638839503485
0.01638327710134144
0.03200163036752337
0.00043182108207311803
0.008265307554260892
0.03559467816092509
0.0411769932879502
0.030071533359129925
0.035274469095539884
0.0248583824205844
0.020682257014092535
0.02160660711411339
0.004165989679808651
0.007461535454232868
0.031931124534580815
0.024273933689208244
0.01305097211824957
0.007582835079192454
0.03792713813734471
0.017928235220578098
0.06434912452757968
0.0529114962180239
0.04784471962445989
0.03580397224453527
0.021100371849563333
0.010024413201966781
0.021729083739571345
-0.01635046846792352
0.00880610165730521
0.04034962500998267
-0.016165449482238994
0.023193986118791345
0.020608279762066823
0.03684505945991545
0.03433444328015361
0.0337416266299808
0.039231130427105514
0.03648377885952278
0.031589692831149194
-0.023200477245796037
0.027098156186182897
0.005990092418218976
0.017627695790238485
0.00655910360633149
-0.005249779046103294
-0.0021417773021886856
-0.010829643490141271
0.018963396854584653
0.016140664316770643
0.037995595353019856
0.038894081144166426
0.051412694724524054
0.027255781708885467
-0.00831088265667396
-6.905699184471363e-5
0.020080849008932415
0.005110981635077655
-0.01227843892047114
-0.00504302318687907
-0.03130380910936739
-0.012824878217751171
0.001494715711571086
0.030068735042055574
0.028563458254186415
0.04765285783146325
0.032261324496485846
0.04016092108158343
0.0570447785003315
0.03187253542056677
0.004206790729418662
0.0076557731812309385
-0.01198610621888254
0.0002441329774953158
-0.16695376245397617
-0.008132893367817935
0.0007703288433391908
-0.0035306607793083086
0.009158413035032786
0.03971000021095501
0.04107057488294364
0.027596377388351905
0.023768807624745796
-0.010825546734352378
-0.05651103389508187
-0.10075959311563981
-0.035530701070893574
-0.10915700990174848
-0.00035607411963355963
-0.061295749354809796
-0.0014526067643723245
0.015336573107847584
0.012038364455476116
0.027915624875699988
0.058441979543011384
0.03926292278535157
0.003043885577675716
-0.028977014033372814
-0.08588825334617509
-0.14866199824766882
-0.3349023043663774
-0.8852054152131879
-0.8357963479504398
-0.04191769017609658
-0.005342605782838044
0.006122717999391543
0.020026505278416137
0.011725082451959919
0.017078496914714233
0.006372381535533796
-0.010448445352409273
-0.03946944318720763
-0.07283514283060673
-0.31391562341906737
-0.5614665768895947
4.27170066874586
-0.19457309432648312
8.844250217986046e-5
-0.009969092967046678
0.016906569132749634
0.0035237645010746475
-0.010663467806059174
-0.02895463381396255
0.0011973302619143044
-0.007934926685478183
-0.0272043130819073
-0.09175004428051785
-0.0930193522179867
-0.5274490821918403
-0.48128415897607657
-0.015673472589663458
-0.015069193872224306
-0.017450962558645703
-0.017578515791961485
-0.021351769502984046
-0.024535855974840152
-0.02581188691221415
-0.02533481799772138
-0.02219976754531593
-0.019814669652988837
-0.02020114532357508
-0.01702245300150339
-0.017638680252081852
-0.014730587865307438
-0.011702489676641867
-0.015960301429755203
-0.015601413619981463
-0.01890517818858681
-0.020135638928560465
-0.023789928524448105
-0.027068331427507104
-0.02553932275100862
-0.022807689668794102
-0.02187658835158671
-0.01950497391197064
-0.016694103401476913
-0.017064945768821362
-0.015495022960351492
-0.013392475462368988
-0.012219742320003052
-0.015379364045032888
-0.018946730669272948
-0.022104331250853766
-0.02507654388509829
-0.02815954481487087
-0.025160569385804733
-0.02686053238938075
-0.022123026741256206
-0.0189492873429754
-0.016628335774993275
-0.015932080872220106
-0.01441088574552417
-0.00528816534185934
-0.006957832912762297
-0.005850529033474352
-0.01547184072458781
-0.021582353994385663
-0.03337719507582856
-0.031030524148234283
-0.031119087409137453
-0.02723118031131104
-0.024636299548908877
-0.020967373838600874
-0.020125889789311985
-0.013995508511984757
-0.01094777042119775
-0.0029944763477800637
0.005131626729207066
0.0020580448305205514
-0.0018637178481843617
-0.038394126399000354
-0.04236624847897075
-0.04645002027426762
-0.03384697186739937
-0.030766945746955345
-0.025774797719370225
-0.023778935548372505
-0.019320061866298914
-0.015494014185987936
-0.004999389461921541
0.011914468569982097
0.01920540083814959
0.04262387952577445
0.005052959509578114
-0.04404093344268589
-0.08150096315144487
-0.05913464245181846
-0.04855015577439467
-0.036270652812754156
-0.029135615941801887
-0.02107414340229013
-0.016720297908816902
-0.00901947837582533
-0.0018893642143577908
0.019405626785570583
0.06179101876094763
0.08836174516844024
0.19319854524193625
-0.22936517731674097
-0.12555459195026938
-0.10098834222795657
-0.05990263523890373
-0.044764569325610036
-0.03017517076219801
-0.022227515490155815
-0.01185329719822006
-0.005811758936302592
0.008490575637440413
0.03402462530881506
0.07295641686203713
0.2740214461046156
1.3658770224560712
2.335410236038081
-0.3031010509485531
-0.11136326301566246
-0.07472024982437234
-0.04602351725859935
-0.031458839980090574
-0.02031098979200946
-0.016648620237499485
-0.005086212537881837
0.007169837810921793
0.02053003126966155
0.06281354108466275
0.09009744055322916
0.18941265422941134
-0.22257699852079804
-0.12337585999848974
-0.09932433485798944
-0.05712405255931969
-0.04443544631557023
-0.03181569561642916
-0.024771712793069018
-0.01768244023678069
-0.00855687797207306
0.008040589807929571
0.013083638590714795
0.022498628290716464
0.04218519968005427
0.007146300489058223
-0.04428106902677027
-0.08065863255809298
-0.05898226601955629
-0.048919240548859516
-0.035459160787616927
-0.03210106514927649
-0.02521083621641842
-0.017605801337272863
-0.007125499653931803
9.207143564353125e-5
-0.0023385170256219247
0.006044076830892953
0.0022562130217364494
-0.0004873067382104853
-0.03775009826803283
-0.03964887936500807
-0.04559944269289951
-0.03739166678504433
-0.03390186700806407
-0.026772623503013536
-0.02341414530561935
-0.015513078117153066
-0.010029619751167566
-0.0044034928530107586
-0.007254776953983589
-0.007024360055114054
-0.0059825026780301
-0.016048397440290917
-0.024752778827413696
-0.032614985150407796
-0.032702262893911246
-0.03187065359754325
-0.024912672918854715
-0.024210469206109246
-0.019916239845169124
-0.018133600301824412
-0.013691031351151626
-0.013783604606727206
-0.013970991291042663
-0.010162562146105242
-0.014479701549564322
-0.014302279487344678
-0.022006111372262802
-0.025185247901915415
-0.027058197460958028
-0.02301237377548319
-0.023912650172013074
-0.02314681545836827
-0.01951789923732475
-0.018651179217759266
-0.017075916007121567
-0.014616515583782306
-0.014623529276836722
-0.012430658919017817
-0.012424928353659517
-0.01869697294689835
-0.0189453491586148
-0.024237780524593015
-0.024134075763987965
-0.026229054251381455
-0.024551924424098155
-0.02470640571317048
-0.02131349466374408
-0.022480545727549348
-0.018419665826381257
-0.017218541847201164
0.0035088360215870806
-0.003079463228660185
-0.042788785176496924
-0.09064466557190305
-0.26670371898565104
-0.0850170565131276
-0.04154103934238382
-0.00047406603167800515
0.006450754831720025
0.01731175603342963
0.01578370309146274
0.017755871192085205
0.01634687369553415
0.012210351009547251
0.007344308569737723
-0.008864045605968152
-0.0196655733480093
-0.060235045184440505
-0.07257912915859656
-0.06437220852668532
-0.01792038442121839
-0.007074758565893141
0.007009506025930275
0.008438623913808785
0.014202258693273153
0.016375787529789812
0.014406785489915684
0.011085849369994521
0.007395741545274044
-0.001037652974298908
-0.014538044195562117
-0.020820880795569523
-0.03790436550181423
-0.0201641421460534
-0.011452908339260924
0.0018296784826411037
0.005944396059143049
0.012524606445946225
0.013726601442001836
0.018868002800345157
0.013766066882798716
0.011733117388554572
0.009077728681591337
0.0010151542940912976
-0.0018937156034356099
-0.007477168694635562
-0.008667582263628916
-0.0032861824252510144
0.0007283079399788637
0.005138157718287008
0.010307156675411646
0.013806488265054578
0.012926903564984738
0.015828220503683554
0.015721472237424042
0.012360432826772447
0.012799724010656268
0.011193386198752615
0.00587587499609278
0.005177464574943716
0.0011522708749208519
0.007956637039869336
0.008855405113188013
0.013642303742142257
0.013246430496402003
0.015846802417165403
0.016739219709495445
0.017487141497932103
0.01700429146578357
0.017144431356231567
0.016817753450571068
0.018101090424801288
0.01640367790002052
0.011873718128456102
0.012267430633037693
0.011223859854489454
0.0180927125565748
0.017003594419284316
0.01778337951658116
0.01983529994691396
0.019715633058530694
0.017713102033367754
0.020215081490881213
0.021263209898629325
0.016736237939967827
0.022153919447521226
0.023035028868844794
0.02302472488977617
0.021291599196486013
0.021368839416863288
0.02008603988505214
0.019875664097214942
0.022256712525666928
0.01908921407437714
0.020530983775557655
0.020834327819272656
0.02045250585774025
0.022752120104127128
0.02602013213114661
0.026505129730868406
0.0314556227133162
0.03131802661584446
0.03361153554213142
0.02956051033285963
0.0285386784770183
0.02631552184284357
0.024541650301802595
0.021607630315449423
0.020760186038635685
0.021403657051699526
0.023333483318444807
0.023306517008773765
0.026832260144115928
0.034669615054747416
0.03863262578194378
0.04557550352728969
0.04567977777556946
0.04547615438128446
0.03625305492628956
0.033726145920430196
0.023890137658394674
0.02676766814036268
0.02167996197984405
0.022831039469647887
0.023835328255478017
0.02312129018943538
0.03244233196114856
0.03532715997610985
0.051394490792613094
0.056842666986808926
0.07560925231924841
0.05712922486881925
0.05159525118309009
0.034942610745775766
0.030776921870183476
0.026580775809644012
0.022546452371725825
0.026244782378042356
0.024605685358541858
0.024063464146838874
0.029213753241732327
0.04239142586357813
0.05724100548738891
0.1017641496919407
0.11336489624437562
0.10206631952632966
0.061118552826534375
0.04822431363341535
0.031164464498342734
0.027272063069776618
0.020978143048052872
0.025168359930784156
0.02400395656965712
0.02742508447697599
0.03270274697217639
0.04025098827397399
0.08040100658246806
0.12344827022488442
0.3110165551735656
0.12445318288389234
0.0799847337443203
0.040779955233441946
0.032518676371252025
0.024617834238264722
0.022563323535272472
0.021395056530732485
0.022820014641072785
0.02307175160812154
0.02026415552523186
0.03740291719156076
0.04385118814350131
0.23390111940084712
-2.3213553200627626
0.2325181181475048
0.043732957687300525
0.037595751322915795
0.024633963218545742
0.02310450247767509
0.019938749498000008
0.021045873174094655
0.01667191290426362
0.02124024108991336
0.016694528863364724
0.002553436035436318
-0.008475722304197797
-0.1932734864678984
-1.324725432282669
-0.18819974545885956
-0.003285289351422273
0.0019255645623721073
0.016979941015926578
0.01818702174688667
0.01995238807114241
0.01757743091810189
0.017516483049552257
0.012610503498116045
