0.0015167843579418925
-0.0005278169999371788
0.020869948205970077
0.019165140853974947
0.017422189218607526
0.020075423543640208
0.02216164510589391
0.0191163786698942
0.02034276075655397
0.01904887170116472
0.01963302650438252
0.023755264042970913
0.023141943133219513
0.022679309608987213
0.02058620854636884
0.021164362820742622
0.020484394780636787
0.022979676299279612
0.01786185063706798
0.023037723520553968
0.025125786242029456
0.02038830896092544
0.016788333380215566
0.01761573944632217
0.01845491975703659
0.023127354765788984
0.02031210032872292
0.022089766082637633
0.021885500977448562
0.02026336339338432
0.02177057571796345
0.028609517987205263
0.021401000427609153
0.02235463142951548
0.024479851012318872
0.02414284123454502
0.019309588599316703
0.018323567058978252
0.019891077164392215
0.024100312960829783
0.019269186206718258
0.02299979462569855
0.02199256426593189
0.021620243675089402
0.02935162782948644
0.030790856805293712
0.028991715414700997
0.02656558467666478
0.025586451119621843
0.024961678322501082
0.019540490372911792
0.016955371079349583
0.021094994933991258
0.021523727736448853
0.01918600965366921
0.022299230249775245
0.02045364006846759
0.02387444539526503
0.030632375194729007
0.04030284040161988
0.034451721542966864
0.032525956812144124
0.02932192609688533
0.02561310159737233
0.01875077760457308
0.01719004303098556
0.01744775157186485
0.019852164296094037
0.017941006388665887
0.02199471287985744
0.022054873373171004
0.028983213356153226
0.055190390487929744
0.06814095188664902
0.05590989380358264
0.037105421718618754
0.03054638183168311
0.02565819123722181
0.0227250802947659
0.02195711161901624
0.025819653382416773
0.025675339944300213
0.022689053727684007
0.02351201580698185
0.031103358369551064
0.035714670724081424
0.08526638116600711
0.2553389514589035
0.08626372542263938
0.048161092576919674
0.03232951790090405
0.02778177756905927
0.0223308534318193
0.028505357681430955
0.030155026014356507
0.029470926704775458
0.024738231888888473
0.030571487024029422
0.0343212779762522
0.045750617022553446
0.46881048933077757
-2.1711834634505913
0.45285615930235873
0.06584001908723962
0.044829603143412146
0.030091154412153546
0.029327451959273946
0.0265379126633291
0.02606455727447398
0.028135185721196273
0.027556135301024097
0.025292110212153374
0.04040490528949169
0.06188399139895029
-0.11989596584718727
-3.932473959491993
-0.11205710418623592
0.03549095157348818
0.03729302292082097
0.02858217968288085
0.026144957599234055
0.025250836252304242
0.02391423164374656
0.02623112835204053
0.025040143238978345
0.029500806276620294
0.033359446405159775
0.034390088483816084
0.03464820022702316
0.04522210296819125
0.033845847077759006
0.03211733443347287
0.04193854263770657
0.0313976127687911
0.02494259547004572
0.022921745855078782
0.02149405454887958
0.025701633571553792
0.024265365368643144
0.032001197636415436
0.03361439204893571
0.03327141161579419
0.0369485682352728
0.06150976140798336
0.03773341332091847
0.03779185374883786
0.03512206800399768
0.033908522352073873
0.02233599035436405
0.019369443540371668
0.022155817489423548
0.02423170879795342
0.021492113147462244
0.026230147586872178
0.033999020754563763
0.044422624530857484
0.037287847035699116
0.04039915881054956
0.03782055062644625
0.032361855511304716
0.03216325328472067
0.02604355204308488
0.021813039540214477
0.017620500921456027
0.024649309802174106
0.022198695687627723
0.020552611573918092
0.026907248696547478
0.034340860010034516
0.03314561900865216
0.027845571298669807
0.028780839595140755
0.02642092637774767
0.026703289259003705
0.027885091087235754
0.023427591006034653
0.024078370465825748
0.020645208780181782
0.022730933178527753
0.026578186138228384
0.021151936788939
0.025322557733460684
0.0249656998444836
0.025745543349151228
0.02239621057132665
0.020042993770023637
0.021543408197790978
0.0228741956609381
0.026229355656257513
0.020938451107484088
0.021427720219310237
0.018280839215910737
0.021600684085609455
0.024032164496295774
0.02210554682747412
0.02212909832315061
0.021652224074029
0.0220981407740415
0.013819469338456642
0.005669012661851549
-0.005703709872928489
0.00846058836924709
0.005569598081903961
0.008134761718952855
0.014187912656975827
0.016428774229021125
0.015076326033231406
0.018100454074211295
0.01388488123100061
0.01283431833466208
0.012992124373213407
0.010974202945063658
0.013828973613649641
0.011650731449522203
0.00867647198693604
0.008917708470666813
0.008910384254187598
0.010309067621150716
0.01166437237092917
0.014170194682916028
0.013746576916336116
0.010132540092486986
0.012024186201712686
0.009902347728868326
0.013578162623954811
0.01338207692955914
0.015387937384170528
0.018490040728970494
0.014418846782899009
0.015384363016786785
0.017450877043671743
0.014444780982573539
0.012824309070304806
0.011923668221073047
0.011351737497973895
0.012728198535382675
0.010437796051777196
0.013533233380868103
0.013953272257254363
0.011877576092594383
0.0245569948950997
0.02260376701281919
0.018761295413495856
0.0212582096621708
0.013135040702154458
0.01214672632565508
0.016040826639380962
0.017404180652964906
0.018816767676818617
0.015683536106150295
0.009721750333686555
0.015786295675291613
0.01606316902177968
0.018743171901805657
0.024964210203613054
0.032188317984551414
0.026016061384825526
0.026499240302291713
0.02518889161307587
0.024505883104943685
0.01595418732842679
0.016296707609409978
0.018015864133955988
0.017304246334528116
0.01636975622991349
0.02153133123906666
0.022415381731139834
0.021914576771137548
0.03812793236475742
0.04043350690667713
0.04183100565083686
0.037353595460992366
0.033804395049698
0.029525969123367288
0.022420523819598782
0.025512208172661133
0.020448822839220917
0.020711931551147176
0.02068824834516044
0.02297861823830649
0.028147412315870146
0.031180374065068434
0.05144915972812277
0.05787594609536628
0.06508739004909107
0.05554980662573899
0.042859323923834576
0.038528266934047865
0.02954621622649178
0.03124330425020206
0.02100950318895328
0.0180827619443271
0.023637454236406938
0.025581632773292413
0.0322555815504382
0.04373308133659991
0.07147428227572261
0.09113619327950645
0.09392107906207403
0.09065724233848409
0.07045558476570302
0.050186464199910186
0.0390171175159546
0.03300082588011041
0.025347265148808633
0.025153188728574482
0.022466193072239373
0.027852026000627115
0.03799459812072588
0.050070001114668104
0.11417336775083456
0.16286740750918957
0.13319186070148256
0.163489902381831
0.11244236172060947
0.06850607381464355
0.04781203189940664
0.03862040864024413
0.02405687348410895
0.02665661804946568
0.02361382855168633
0.03354175912440351
0.04327272973089018
0.06710470032383961
0.15146152032545454
0.1208983138515013
4.913615647159889
0.125807348666734
0.1505971813757552
0.07424654480477923
0.046135981646974876
0.03546552783354354
0.029476002240083617
0.031130332332592086
0.025237554828801967
0.03659659042811311
0.055882903117142585
0.07919000771222483
0.1373829709519192
0.4268300190015345
-8.58078140152375
0.4391736149820278
0.1322021408723275
0.06387894337594324
0.042867814810603415
0.03069512507696984
0.02410838355626131
0.025457066998230134
0.02655177383824061
0.03306880909908737
0.04493927704042246
0.07153565669325287
0.004083939122900059
-0.2015145105459433
-2.192637015971601
-0.21133495821000942
0.007964199378312189
0.01863353724124473
0.02406620754572572
0.022288220679899173
0.022266038398161835
0.016184940968736145
0.016716710621602945
0.02245956529754722
0.029048105426075124
0.026905365067739148
-0.017099483109175563
-0.050897305131906934
-0.17506911110017265
-0.0505470887596916
-0.01078917854962537
0.010759305921961055
0.013112869585437318
0.0210170013577818
0.0189177195680442
0.009836568043982485
0.015438054224639076
0.020544425414969578
0.019488252024134973
0.01517752343038814
0.0019305528482403962
-0.019063196492049666
-0.027951001655221394
-0.02111372848243838
0.0007580466600702494
0.0076766881107659096
0.01623875262823437
0.019791148649272918
0.01852851773253663
0.006501000313007601
0.014446877531068308
0.01655274211229901
0.014375351273837387
0.008455238548767266
