0.00037976833438337207
-0.0714444895652558
-0.06884365555987354
-0.059109285200707636
-0.05166682337847442
-0.061245406330952455
-0.07010430156121816
0.016431903113701695
-0.0627547289225598
-0.05126287079124149
-0.049070099483775234
-0.055003302134497195
-0.065839345658747
1.7729320907010222
-0.09850203242805598
-0.08649295192669085
-0.07368448513791302
-0.09021497718736964
-0.10318981135666383
4.63660460854268
-0.3609580685202733
-0.15214959812871215
-0.12282052237378642
-0.16091122921770334
-0.36808484441209516
-2.4318953417749265
-0.26802137610960525
-0.15594383325154274
-0.1182325470133873
-0.15897976728902086
-0.27150266131283235
-0.19207600849635476
-0.1320075247600884
-0.0917571994881811
-0.08459202679909675
-0.09441269793904909
-0.13359479021929135
