0.0005768975190189109
-0.0007996618060787126
-0.02033400867616444
2.5897380057397106
0.1691471602489033
0.0644455213529262
0.013376404955592119
-0.024778234936453026
-0.00833584920706891
0.08521034821915204
0.06316226698967493
0.030099389199555716
0.004411069724990633
-0.0016156727461210754
0.0067857584445288645
0.036976672303634585
0.04395413608437921
0.016628075229194066
0.0013612024313983263
-0.004005200241328491
0.010434737232112818
0.05772014812301938
0.07007860145327505
0.03222293608087562
0.005973515147062678
-0.0009006196824873257
-0.034085918952716454
0.036535737521829405
0.14789060695389802
0.0673508998067199
0.010995139005841873
-0.004324816336134648
-0.5752473351779739
-3.2569233454638136
0.33850527460397023
0.08231053871098691
0.015663429355231812
-0.021826572765208992
-0.0818493845013604
-0.1051745435232191
-0.10734346542991775
-0.09510702822206656
-0.0819605606865638
-0.08539995413515002
-0.031583116377327324
0.0025226528717779005
-0.1071244399345322
-0.09066260480612731
-0.08015305473870243
-0.05813667962440109
0.01511069819082414
2.20038809533192
-0.17277429397351932
-0.13318034835563403
-0.09269534321336992
-0.07009520357422808
-0.637926124041669
3.2667006694642042
-0.530731735325617
-0.19335302540868088
-0.1461906193708055
-0.1613397842888861
-0.2810506456010752
-0.5486913653711607
-0.25777520491445616
-0.17252128834001476
-0.13698634761042205
-0.17192252185246104
-0.170276362112015
-0.20727868074637887
-0.17479419518849612
-0.12033925486554754
-0.10518332992601889
-0.11412160966773
