-0.009303806130906514
0.00019228244061002855
0.0015131522954001794
0.010637246964492551
0.0010045836953726192
-0.00508823705306597
0.001044081879329131
-0.0007113241013668702
-0.2043782790554231
-0.24835710516913062
-0.6169781082478409
-0.20116476670526037
-0.024022203202162997
-0.12266665674187213
-0.3178050132016223
-0.44602990346204424
-0.31295772657051457
0.060469826558110985
0.03412551579352293
-0.20051766670979312
-0.1758265937993648
-0.19285094049764126
-0.0017144275598882067
0.15260477043916554
0.1421664171951324
-0.0223541594876392
-0.17430172797880428
-0.1504322796676075
0.0751008583962784
0.29873715527783495
0.19005027324743345
0.0065039306245055495
-0.15119556927130778
-0.3692415211666151
-0.127535577206295
0.18642726404242088
0.25079177741059433
-0.03167918609339048
-0.3556499443067302
4.043180440981609
-1.052180762135113
0.07907995760869509
0.10274115998350869
-0.08523923216807483
0.021596139998195898
0.17510515783950678
0.5613392671738273
0.08543216113005349
0.011080985727506206
-0.01200035656034813
0.026239651437400886
0.09464143571122156
0.22148247614284244
0.11071843479735435
0.023898483378825906
0.0014191210288629899
-0.004125057905648164
0.029753707601126715
0.039428978101170076
0.01789526456449996
-0.015933904370115083
-0.010294065730268299
-0.05446827197623929
-0.058917939067732274
-0.06766611770819701
-0.0877721826653645
-0.06366833762650073
-0.053526363221903794
-0.09166266684874742
-0.1657105482003128
-0.24134277999054118
-0.23023554294720594
-0.127906574050033
-0.09135618459192174
-0.11119585069090492
-0.2759268899232156
0.8526458545196846
-0.2674485902372159
-0.14260119138353447
-0.08371770272671471
-0.0042232226020216925
-0.03315941938681621
0.055968002230089214
0.06204250243239036
0.06186954370618635
0.008786902059271112
-0.01524842341438928
0.012190116601574265
0.11743829577365902
0.23747437465957424
0.10067217944246395
0.0589504398871003
-0.0038673584306653246
-0.08227605862777104
0.5355013364060113
0.2684301630784846
0.18048018360177157
0.02635035145546496
-0.11814162075230109
-0.32970703832121384
-0.6337777742437256
0.25007603441149323
0.05233828691748777
0.01730902615196933
-0.08603702569395222
-0.18070477982720431
-0.23867798885030692
-0.0478330325059669
0.009681684733469793
-0.03812373918008855
-0.06467840381024267
-0.0766612664101674
-0.09787328770964834
0.005407218001758456
-0.0038450085449992753
-0.012231193840041251
-0.060907361891465193
-0.05654288384860922
-0.03952534727316849
0.006501885455430657
-0.04189401632296998
-0.04067922662700183
-0.05824156355253741
0.09077608111030959
0.1066381382642702
0.15391781601169738
0.04572354441622407
-0.042914492716694
0.023082558007054253
0.15446271449373308
0.6760388925030932
0.5617676721351259
0.19054363004892977
0.06498680794498682
0.04817911313787853
0.006799199376205017
-2.198057650587484
0.13232341957760485
0.14232984161989098
0.0647968253727265
-0.009529678767868435
-0.013950308504279644
0.005954716294680767
0.13559724964861836
0.06526337473670622
0.03251764593768677
-0.03122859135966313
-0.0720362624694409
0.0008931210301947479
-0.0073509335530155704
0.006740082334344206
-0.02757601143952378
-0.00313693679647395
0.06093283524608605
0.13079367151194357
0.24503512624291085
0.04379023612709149
-0.013077747168467263
-0.05075771653356621
0.04814563292601333
0.23300714901675143
0.1294969466754816
0.6695577448378331
-0.12208980664206902
-0.11187565173204028
0.03665096833028634
0.1880131324619952
0.5607243296904285
-0.8476124861127301
-0.4130507472352958
-0.10634905371325741
-0.024509103880062482
0.05107987608495778
0.007450639060611946
-0.3807499618585106
-0.22241129625211406
-0.06417446964593125
-0.006143288388685002
0.022612319647319395
0.0034174726832658237
-0.11113841205979326
-0.12010398882794389
-0.010212147121862275
0.021849155228137605
0.07938675159118923
0.07462342318539196
0.011810827882737893
-0.033285426868888905
0.0001463862344686243
0.47584117234807144
0.2784671985019505
0.19080055723724068
0.0653940472982089
-0.008995797706643896
0.053158086840046755
0.15038034141482515
0.1991088198268899
0.10937315708226264
0.0724902912634646
0.017864446479148914
-0.022701143734284328
0.05767190800035062
0.07316473267529744
0.07405395032147899
0.030799250623143
-0.005752099760499662
-0.18710994841687878
-0.02656357249341981
0.06761117341961533
0.0481997610945889
0.01281243784906526
-0.0806178777221071
0.4223000810687342
0.036968883691409875
0.1432595690624961
0.12763008328699826
0.003080503749020413
-0.1609901622220784
-0.7954231066996619
-1.990764637031731
0.525773975494938
0.1600238262258464
0.030357905522924725
-0.21361419969465367
0.024290970452782504
0.034451863340424015
0.0437708468105326
0.11464740467192906
0.17754595076283403
0.1369756051471706
-0.0018006589676110908
-0.0306902613995327
0.058372026361364515
0.1513296899392677
-0.8486115212595475
0.7486684809851673
-0.35706932137148606
-0.06592736702427614
0.02683916446171005
0.24432645515683135
0.6491985615171347
-0.829678839904059
-0.1548249596268854
-0.09546223905839696
0.003832653238305411
0.06108537431588275
0.10578482269222404
-0.339639488487795
-0.09918653297378184
-0.025622329354336882
-0.0035127895163674034
0.044700255344222214
0.016472632375785255
-0.0495604037982777
0.01451255319337692
0.003827100695476845
0.03445880693423436
0.05752343498655064
0.08392507295432164
0.02264698482664711
0.058016410788013346
-0.04427012295548691
-0.11412448520034058
-0.1392137990416934
0.31389146376608923
0.14643175450082388
-0.007603989789098834
-0.047272929474384384
-0.09368608094121321
-0.0677119391207703
0.024124607210438773
0.0660926148162909
-0.0490105397230546
-0.0860560121724492
-0.12765352350501782
-0.1529338298099151
-0.06840512043849811
-0.04610512709444778
-0.07357154610147737
-0.11018311179850641
-0.19822927134161497
-0.30579094526079365
-0.1652398532377045
-0.05863601788117813
-0.006347846845642322
-0.11895568980121812
-0.2803318471050522
0.4462271843366708
1.1664152847974487
0.00934779831345928
0.040689381180350204
-0.0850001388098786
-0.303693510718223
-0.7354254558954307
0.8808030279798672
0.34721320654329885
