9.19809344393251e-5
0.1844346281332027
-0.03867681156665971
-0.0855726448368469
-0.0809943621513857
-0.054475413994571086
-0.015011142236263115
0.03410704672212424
0.10315740125318242
-1.1344346711794528
0.8617218238456138
0.13929854630090135
0.04308142695018907
0.015360787914845216
0.0045681630145547655
-0.022702209281666358
-0.16616901923231084
0.19028996341664853
-0.03864589619675665
-0.08564176482926728
-0.09029358706060306
-0.05484874747042227
-0.018570796013928165
0.0407001808471403
0.10502517628164758
0.0957450362032996
0.06488755517837008
0.04088695747451788
0.04530892758313065
0.0501188168791007
0.062148347663126165
0.07563585154185237
0.09428110150938693
-0.07016312384021574
-0.07252574165944349
-0.07570903391708403
-0.06862941349798946
-0.06879341947164647
-0.07144721330835328
-0.07315132927086292
-0.06902034610519073
0.03979741891563233
0.042094026063313604
0.04579080361883249
0.052888294993892214
0.050666199505192265
0.04552212613367781
0.04385788768353591
0.040484121914294575
-0.06868605160269863
-0.08060424442884616
-0.07728004721020026
-0.07791725405983757
-0.07438717659714966
-0.07655800533377156
-0.07334155238640883
-0.07639987315698742
0.1031491695253672
0.06144614042182137
0.038714157748058683
0.04198261861716796
0.05027121736910072
0.05957520390691741
0.0791472148473732
0.09870655368759436
