-0.000873848586857949
0.007699081767235905
-0.04565849977744389
-0.04747907495515697
-0.0502247684693523
-0.08135182703406878
-0.07951582478112636
-0.07258684927528435
-0.06115061748718242
-0.05382933607852336
-0.04344661262001466
-0.026523243139561538
-0.039567855984926716
-0.10742217023775258
-0.1155877137689524
-0.08005564736317933
-0.06590632945428257
-0.04944513716176179
-0.017433808575517275
-0.0063871498027709426
0.05471586663764506
-0.22911628472775097
-0.15480812820745346
-0.10552535633397277
-0.06686081352096557
-0.047273104238186855
-0.009405982666471933
0.10850652924325296
1.918862401565925
2.397876983184723
-0.3422537732629079
-0.12076669057447367
-0.07891767559619216
-0.03841628121213405
-0.009455525494373621
0.02663744604853715
0.08849116263231209
-0.369398325992671
-0.20589378995288085
-0.11476107661576287
-0.07068178439345921
-0.05046027549017223
-0.04075307827632116
-0.016618929180381933
-0.026058731144413767
-0.12335846352306419
-0.13137391973438753
-0.08430497253638437
-0.06673791916039636
-0.04951875499974097
-0.045609522401514994
-0.04575675395225671
-0.05128829737633558
-0.08835126908720918
-0.08424992116647272
-0.07523787084257023
-0.05907297365873985
-0.05489529881961228
-0.052829388313395745
-0.04941749186197039
-0.0582641361943715
-0.07066658560615637
-0.07940700083040449
-0.07132503195646642
-0.06325897484629917
-0.05276776700225762
0.02326312494455013
0.017173131050320246
0.029456439659986015
0.030282871252893667
0.02739181701680039
0.040811019545353086
0.0989096141074059
0.10740207999970307
-0.052858021560006796
-0.024632795255980965
-0.006412486219204137
0.02395938150147652
0.02301894759965842
0.026588344237207285
0.09814266219279016
0.44178702912454887
-0.48226604725878486
-0.11415864308365604
-0.019851117880133697
-0.001360332446037617
-0.0011834288377299798
-0.04841084036062812
-1.721383846017448
3.837168658725602
-0.3071407388155834
-0.08015730656853502
-0.03238279939666956
-0.011358317136769195
-0.017359869329189603
-0.08381879535621638
-0.2665945219090993
-0.7690747984099539
-0.18402664646671169
-0.0659602849880648
-0.01221586190325843
-0.010077409219061443
-0.020646458699723348
-0.06266313924112293
-0.14587274596173352
-0.2591877928389577
-0.07929852118013889
-0.025081196466768957
-0.0011031715291092378
0.0030317863423677148
-0.0027160295814041458
-0.01914773583646439
-0.05726365037768483
-0.09275107632325122
-0.016071014237075947
-0.0023572195155124307
0.013960214268330435
0.017554148252570498
0.01923909573572518
0.015044534105903142
0.0007994760781624662
-0.018143409664656378
0.012780014195475595
0.015701035638157175
0.02429530868719912
0.029658495701918922
0.02233644344028652
0.0292868318759364
0.0440706805739034
0.035574884804301404
