0.0014345568737636535
0.0002679179698722421
0.019320661779637212
-0.05030671582918959
-0.07302990636468033
-0.08147928390251623
-0.09998042288044352
-0.09657198274307334
-0.10111097880743934
-0.05763914137646144
-0.055616202455676014
-0.04598152690684641
-0.06313298590942615
-0.09368696349242675
-0.11030978919944472
-0.13633874258939527
-0.11263844846277012
-0.053989983897761926
-0.017892741907465263
-0.005163037096413881
-0.06967951820408652
-0.09808564589449727
-0.16268465773101215
-0.1731248307280568
-0.3112943004471444
0.096551519976653
0.013392690864341387
0.004232210507500707
-0.049128677666167714
-0.11628412370105093
-0.18183962101074522
-0.4275865247612396
-2.1893525343898976
1.7301028921986792
0.15833433684974532
-0.0012608911453738192
-0.06186932070378616
-0.09621167685641896
-0.16352723868544422
-0.16426468295223864
4.964155836219456
0.2295343121067917
0.03548402907337932
-0.04132060706248234
-0.060416564186281475
-0.09531690091932458
-0.1130913071805568
-0.13332605010874174
-0.04875508258255217
-0.04192560944555617
-0.004737753339374318
-0.050048918706086895
-0.0736395122496566
-0.08105230081472428
-0.09970320873292053
-0.09687581388716977
-0.0960758878924302
-0.04775803611077231
-0.04338534436748467
-0.06146228022258248
-0.06875219732082899
-0.08227022708818366
-0.08538699363327579
-0.09469414147977749
-0.07901304450066701
-0.06779183202060916
-0.05132511867543258
0.07154702643681278
0.0631724902129403
0.025056339886042254
0.02444178173723761
0.03354035462725805
0.06863626163485244
0.07337508723070009
0.08509922253077007
0.08893954618272612
0.08002028826043125
0.07963864951727967
0.06632506351747598
0.08429530771554763
0.08207688029047892
0.09171347655675727
0.08357063344263274
0.09795186214003858
0.11048310949992886
0.109201679209212
0.12613883812332508
0.10744313939624389
0.10956540302594082
0.09738813195738226
0.10198635877102105
0.11942793727193313
0.12547524770794835
0.1620534916228395
0.1684280775147388
0.1578075266053446
0.12085067662461368
0.11793698073435145
0.10663420560237516
0.11810942065198582
0.16234326203413074
0.19728467047851633
0.3336566895195222
0.16628850548172813
0.15175987466233573
0.11554894014426556
0.11674183838145882
0.1190604600657103
0.13405562365098495
0.29264657680392386
-3.209085966307351
0.20220110903017782
0.11825722481195464
0.1165176430211777
0.10119950769968801
0.07504152221329209
0.06128343444805912
-0.18101616932752462
-2.5647105749876187
-0.11321099144817734
0.06540062413222408
0.07406035453591733
0.09158978088121515
0.07306639539277224
0.03166897958368699
-0.004990840502971833
-0.16137428865247996
0.02045313552350999
0.039093853647337404
0.07669278148113365
0.07534554518037263
0.2713238653657952
0.5016573743197034
0.0711867968514345
1.7193558741481798
-0.06452254120944198
-0.03104015380466466
0.02801423271796532
0.1077233202003946
0.30489644164808954
0.4971045027759597
-5.397613333032591
0.16923734306592006
-0.10364123728205171
-0.07197627106877834
0.03416326069901195
0.17876733048161603
0.38907663439313117
0.48443937451442487
0.8491524747491335
-0.45264661043431403
-0.20246641175734972
-0.06382480457332888
0.028528822132625805
0.14683207431398065
0.18410676120858147
0.286743843778315
-0.08202284040266994
-0.08610176474285572
-0.10447082999083682
-0.053229009814011685
0.006193690665227336
0.09129422808496968
0.07094309941186344
0.08978415567592485
0.06205043943993335
-0.05570387047548386
-0.06769159086603019
-0.03663179444115205
-0.01536037631677934
0.03671015329408925
0.013221834775954445
0.017574859271671024
-0.009913806137534894
-0.01879493430526867
-0.025181322372766702
-0.02507101710939156
-0.009077820637729985
0.011980988612441654
0.05074689590215977
0.04596921084596459
-0.05000896370450041
-0.030069650409961145
-0.018310791817216284
-0.022840096433684204
0.0042823240611067105
0.01803646089463643
0.1093389612674106
0.11585220236868654
0.12105625069122011
0.002949151996818178
-0.038462781718997
-0.01862449149512712
0.002783794680713188
0.055220088497657735
