-0.0036070678429277964
0.0007218573255068565
0.001558119344226667
0.002531009627448406
-0.06949746855520524
-0.16213131993168634
-0.1167972538977858
-0.04566485735776754
0.0022117667338693732
0.018890753120331977
0.07619849139379808
-0.0027265130715772423
-0.022360319032599912
-0.02119957026110742
0.0056484265053025305
0.10143884300455591
0.11930336443960156
0.1516281828844618
0.07514917654947134
0.01079968784638609
0.043440111743232826
-0.02345405512381612
0.10677263462358921
0.1791983062403721
0.21109216690261445
0.15309231552362507
0.09029833458070204
0.0643221641917744
-0.06657245455968484
-0.0894181054742349
-0.06104484639250701
0.25460729882718397
0.30498232270633163
0.194214383671342
0.07676094079531405
0.05168472281109995
-0.06402524112453528
-0.5145303114829282
-0.7631240343037103
0.040625075112989587
0.2653143642781109
0.22795237841556265
0.09112289111632482
-0.08973776076006966
-0.4414010891265944
-0.763189715223244
4.896974784608924
-1.1591002711272365
0.10996410093416824
0.10043817058437828
0.005338958962073726
-0.0939777933024359
-0.2824914435054286
-0.5735010737562166
-0.8009205089374583
-0.2800854604095781
-0.14841546534304156
0.02237831303718535
-0.02545394173989881
-0.20562012706124805
-0.28178901797983175
-0.2726661635776554
-0.3430630952432999
-0.1452827654826468
-0.07471044373314656
-0.005093761552088077
0.018663583369985283
-0.05376077048155247
-0.0873532625823435
-0.08948150587845007
-0.0760818047253187
-0.06287513338999759
-0.049741455873270404
-0.059754699431161656
-0.06297609335071314
-0.08060602450335376
-0.0956576289297916
-0.09964098424441127
-0.09314438552565013
-0.05355301205002722
-0.051066470799112015
-0.05203818974892942
-0.06956447484744634
-0.07551767573647826
-0.10686350119731793
-0.14268580471936276
-0.10984953452147683
-0.05562487463643214
-0.02016030107900234
-0.049007860752207526
-0.06315858920082464
-0.09036981410708964
-0.15132339402058345
-0.19133226624349367
-0.2744834355333015
0.12695273919849084
0.012197383834205546
-0.008938151512855236
-0.061976489256434834
-0.09528711129753782
-0.16128499039442823
-0.3792598361653115
2.7099102506086066
1.7383833744670547
0.19904671731660895
0.0013615889640850127
-0.04422128431918126
-0.10276730786267212
-0.13863477072977368
-0.15678117453700635
-0.2696346245866709
0.16223474320504053
0.04396040774575839
0.0021574780365087136
-0.05258572579033175
-0.08697511637250563
-0.0994353923654988
-0.1267388595724007
-0.07786744014276777
-0.01334405410825705
0.0032374470547732797
-0.03417751232764752
-0.05320402829031058
-0.08298723348168703
-0.09068884792513839
-0.08768374883661974
-0.07786223802415836
-0.041433736122857716
-0.043693120219462346
-0.04600636228802576
-0.06475697486607722
-0.07570382038048229
0.02806201283193186
0.047035874394817816
0.044242047743679916
0.04091602209322159
-0.003669028020744676
-0.02808576860141301
-0.02992664524792724
0.018994447079493642
0.0489355511007149
0.0483260771957305
0.0546266717629111
0.04949906886433502
0.045824931154272955
0.02312522337326632
0.035576663672719215
0.03523016527732877
0.05776714556578438
0.06283613665696872
0.059546904222193935
0.0734581999145766
0.07615363262638641
0.08452695228670014
0.06395822753219109
0.06369552950507334
0.07143489059783509
0.06626882149432173
0.08104527711680275
0.09482945880397455
0.13582755145056113
0.13529855599364743
0.12052082866461555
0.07477679677766051
0.06969363007130254
0.07393644470572767
0.08382428376545001
0.13334201988666994
0.1734561401732457
0.33103180912794505
0.12697826790669056
0.10454943448798291
0.07174649520941927
0.06735629521297393
0.09090002929552075
0.12164451749436576
0.3256369940557769
-2.393126092329197
0.25024075003857865
0.06361149967064071
0.03044116472115474
0.05527143090944635
0.059287458436682074
0.07099229238749123
-0.12024675526777853
-1.2632776497254605
-0.1631812822573489
0.022561524757853665
0.030344709525149203
0.038289964932230726
0.04807330108348223
0.015617242054119431
-0.0027171043292777176
-0.23870275437105348
-0.07150333079413586
-0.020130955245133954
-0.03763978345256486
-0.02196520566509127
0.0006347260370725002
-0.02675849092254105
-0.09274735533956438
-0.14843740968210908
-0.10893374443200554
-0.08398453363386046
-0.0467673124798701
-0.003285586294188578
0.010763621397037654
0.017087611785931055
-0.2445304919495573
-0.2631540440521847
-0.16132270891049863
-0.08093463198465627
-0.012181817599475321
0.023285459324527323
0.12043690669512523
0.22673837221821902
0.4754444221104016
-0.3333362459468878
-0.1280913175424943
-0.07787390580530357
0.002372197769702721
0.0480068708078611
0.08802689750582884
0.16537363809839073
0.262870383086287
0.12931805111222924
-0.01620853549320558
-0.010675119531491584
0.011035051525099992
0.032725739146674974
0.08121746818831194
0.11125928434249595
0.15256097114847728
0.06258197457191018
0.013072714128911499
-0.003560480510531187
-0.00012064102655209873
0.02741655122394668
0.03520132403893569
0.06319974290590218
0.04069957039013686
0.03431621666614121
-0.005715700144796975
-0.004136561077132812
-0.0049696620239249424
0.00014678251067560936
0.014981152248878991
0.0038328012977416294
0.008813696651899707
-0.020441308681874337
-0.01449280803704531
-0.015377057622525498
-0.024608529144604843
-0.005810278400149322
-0.008236017176407498
-0.00655296550844086
-0.05695669985366897
-0.061465670548282156
-0.06711728150409142
-0.04173029752280354
