0.0008723028633691037
0.0009578185478002925
-9.320668533454117e-5
-0.00016839901369055147
-8.150592833387131e-5
0.0013987722736694113
-0.0005616756113062697
0.0004923500322706688
0.0004497854719694583
-0.0011205184093361668
-0.0010543960574651396
-0.0009093728092684231
0.0005297359927822467
0.0006791714127147368
-0.000949100862314104
-0.00019932147553108329
-0.007958804463086678
-0.002660591643159287
-0.005864844518949228
0.001403344985003927
-0.0002374667620784923
0.005637216957039397
0.002224718859512575
0.00494273333203129
-0.0019327519149899336
-0.0005461507522475678
-0.014219337329990618
-0.015127954884351843
-0.0059816744487025
-0.006301468673830068
0.0021438776384833935
0.0012428991108152342
0.0066581863717523546
-0.002995951311980558
-0.002607443958961554
-0.02206120492407001
-0.04931208714233073
-0.021588684615329343
-0.015342865357749707
-0.002930860766896296
-0.0006205993951901489
0.007677884932000987
0.0023697301826702136
0.004057922811221954
-0.017724772720190796
-0.038189315757247766
-0.10201502362958871
-0.05018890153241665
-0.015526022460940054
-0.010269626683925394
0.004879010331738538
0.006310600289426541
0.017713506354109395
-2.8617676465437364e-5
6.724693531759337e-5
-0.190817075897947
-0.175594189175577
-0.028266271544693383
-0.017439684849098667
0.0014267647627159976
0.001146726288046221
0.018972285324769723
0.018498526911357532
0.09801484919411514
0.7719848246141164
-0.7035595847818067
0.1436250285161916
0.015139835269448808
0.011165540300981791
0.0018428688716373978
0.0106599408455192
0.011714391861395994
0.0362372980906179
0.04396496254023571
-1.3720574349941144
0.7763786566074814
0.055042297263175624
0.034714871730068625
0.008206545790004852
0.00972293768917831
0.00471613632992998
0.014814424287663046
0.013950465952510368
0.0457122431890685
0.04035372309710052
0.16048468522624126
0.04369741827945448
0.01643945191571616
0.01489047421464348
0.00508797193946204
0.008801226245177556
0.007253644943057282
0.01903420193962979
0.018965930797235714
0.047811912294930835
0.04546045631208926
0.014849376963557119
0.015039076704304623
0.005907266952311501
0.007869840401399892
0.003005268677730152
0.00936925039767015
0.007633595427785471
0.018941002020506432
0.017728723196278023
0.03024529137904801
0.008688305928700237
0.0004287733697984251
0.003526539037425494
-5.589357219430889e-5
0.004335705078273753
0.0025009430137149296
0.009441210723772402
0.005776485659247068
0.012995285387258353
0.006078819572201219
-0.030975888868772665
-0.03703974483251162
-0.07079128105747177
-0.11928629832354153
-0.25922134140141767
-0.24007286584503396
-0.1290543220029322
-0.06512469029929106
-0.043325070607654115
-0.031115979422056177
-0.022135589182970712
-0.029875541205791816
-0.03724908063328903
-0.17360663625457082
1.2883438148994344
-0.5927211306797963
-0.15700898717306835
-0.06519238857562308
-0.035668363728609064
-0.026388437584845683
-0.009212454976614035
0.008155928974261947
0.0311981488434742
0.14445551004176635
0.8094181623337262
0.33534290095850755
0.04624093039576853
-0.010025664366974758
-0.01837196946392631
-0.01321908194219892
-0.0016202289582783243
0.011478873019837703
0.04345441090225346
0.10732662480733163
0.20067162499473154
0.14771693105865857
0.04995288639512108
0.00303218458898589
-0.008251414284929637
-0.008526872283915394
-0.002155735872976206
0.010658151282307276
0.026802723684779938
0.05631954407933264
0.083275247419729
0.07374569133346905
0.028571223898361912
0.0058490430068316775
-0.004092746861718524
-0.005682188986634909
-0.004328601072330235
0.0007705855021430823
0.010396868381191835
0.017475993216183178
0.03221805045612135
0.02620114327412786
0.00947852497501573
-0.002123569623643932
-0.0061309530962921945
-0.008264214298720715
-0.01151207563646308
-0.008234651267781173
-0.008953044870266188
-0.003922455060133294
-0.0036970834035411895
-0.003365285206543537
-0.01025136254142905
-0.013944359762645015
-0.016180125494875724
-0.013986411294182786
-0.017934742395720075
-0.019058947585732282
-0.022349977151157305
-0.027772151634466134
-0.0272273153190268
-0.031617627058544616
-0.0256289690804512
-0.026056720866330128
-0.022247232128336413
-0.0218371898691299
-0.026046959439611567
-0.02809626734236927
-0.039074056984871514
-0.04692064213894823
-0.06117425731418952
-0.05646733917671379
-0.04979744198256469
-0.03691201606684619
-0.030585070776543846
-0.02588897573208472
-0.02821423728978513
-0.03823449281973944
-0.050534104562115024
-0.08580437287437398
-0.10903415194554579
-0.10850086262703233
-0.0800600187393348
-0.053761521668073
-0.03545919732586973
-0.03004867374372456
-0.06402947176317006
-0.057015548276722124
-0.054664016942707
-0.0257074943654636
-0.02103709415570464
-0.008489971122309738
-0.011818621788810746
-0.010243038319871552
-0.027447043523654856
-0.03323343085862174
-0.08369996005337525
-0.15006695090645772
-0.07219308775088445
-0.040275900852860744
-0.013789307863000007
-0.013270803196087998
-0.007877011125429881
-0.018983297510545474
-0.025030685251449053
-0.06617538463089688
0.010829554332160167
-1.3516340464856929
-0.2525748341022109
-0.01996156586820398
-0.01279676680773236
-0.003767524695820617
-0.011886375997359195
-0.010856114079917644
-0.03546494441989028
-0.04947500326708245
0.3322445207836513
1.447936281579422
0.32457791165055305
0.03892868795175584
0.02283296987758471
-0.000831114403595655
-9.202307298036285e-5
-0.011585637879198064
-0.005622685488328748
-0.02128599106484606
0.02932039354705674
0.21334405644342172
0.0842733724491525
0.054046331339233894
0.016701231536174237
0.010079750660226535
-0.002648256617453753
0.001308266060851864
-0.00685396623124139
0.014381453827456304
0.03202241065292273
0.04317528473237309
0.057580229669951515
0.02616812910490004
0.01812800154846959
0.0029627727939112326
0.0029012192761716992
-0.0015284150562306794
0.007692345336991337
0.0061007578049061435
0.006849360667788453
0.024904391228709098
0.016790938219693855
0.015339231886160973
0.004770298090245921
0.004139075164477471
-0.0015138506128973951
0.001889467560104522
-0.0004065227899498805
0.008354628722889194
0.0009421725673006584
-0.0008507318239715858
0.004452660174020108
-0.0016545223192146344
-0.0005091858220514145
-0.005201637586940844
-0.0023899286526946387
-0.004554342800114936
-0.0012529397705010278
-0.007442484711598473
-0.017356464325210545
-0.011983592970212169
-0.016108286277645836
-0.007157917913621504
-0.010605447653201868
-0.005672879759883771
-0.009993932239456563
-0.006060478278651321
-0.009810778207029868
-0.010480199198926376
-0.02496329226634321
-0.03804334289772365
-0.021900260499327286
-0.02144059648210983
-0.01236656244532914
-0.012301167116359864
-0.007868588186608797
-0.013522427371429821
-0.014100151558233713
-0.02574225842576593
0.012239449470280607
0.011045483267358849
0.010813233176630448
0.012094017815397613
0.012580178806821394
0.015278194689305696
0.02007369658929426
0.02924901588667933
0.022772529823742716
0.017780199966849534
0.00903638885747419
0.00613548557295616
0.008594319801259402
0.009140656668249189
0.011689732727686208
0.0097936991570629
0.01350943967770477
0.014566109811680581
0.01466782582833571
0.010216201716397862
0.004398624098559102
0.0077862630459025525
0.006341480630159929
0.008529489389293366
0.00818335865303943
0.007424933240875376
0.006628154875007403
0.00968223535601175
0.0038445778899428695
0.006717198153010414
0.0036233737604913813
0.005072734464200035
0.005943745365743761
0.006357366284355015
0.0076005369021958
0.00441183283634039
0.004934555855053293
0.0015918146648026435
0.0020739121587919915
0.00045578883225004627
-0.0038859960594023264
0.0026249635209431694
0.003942812889878988
0.006964769209277057
0.004203430877168548
0.004321936806868376
0.004224714701671989
-0.00912230473721342
-0.01815121230881111
-0.007965402646054444
-0.003767195331691991
-0.0005778032144880567
0.005202453441831831
0.005150338196047639
0.006866494603339993
0.00517289228414152
0.00017336965541732064
-0.15278800868633788
-0.07642705145091258
-0.026458353253739495
-0.00835117517942728
0.003810599656855063
0.005645884874284376
0.008553984613884154
0.00028623913789168763
0.019639634459198068
-0.5517400488452452
-0.7651813815158278
-0.25076315979671854
-0.03681086610395407
0.0071918867754215245
0.008032307844132466
0.00847945267397623
0.01157361599627681
0.014665380287963966
0.03332946808243466
0.07572209926043458
0.32815277119770947
0.2737280615206935
0.02996085198750627
0.012021367258340592
0.010779724299208458
0.01016677533224614
0.01186639353795199
0.016023993476152576
0.03130043905415063
0.081907899004156
0.09090206144697914
0.07138958196613418
0.027738380766212916
0.016076324602941283
0.011297726731679997
0.011392869072829413
0.012202329275522238
0.01575305033429541
0.02101382873631747
0.041768570647404094
0.04989530578686626
0.04083292089967614
0.023162166716808104
0.058524089529343334
0.10908238394593593
0.21723110965173398
-0.9225382650386846
-0.35088787567910984
-0.21233866277963742
-0.08976533263110999
-0.042305980062758146
-0.004195270959716253
0.018323952511867105
0.04165837844393156
0.08248245893669852
0.11089000177870234
0.11220756849434338
-0.1482819958919826
-0.1122562634713037
-0.06970143115993827
-0.027226115565725167
-0.006897280224177311
0.01813316314700567
0.03187319990429974
0.04263825793245918
0.06145933274873357
0.02246111197261036
-0.0431679190899678
-0.05449259810018933
-0.029303418073453033
-0.01863754947335002
-0.0005988474976443014
0.011977667973225135
0.019227863617770236
0.030679843681873674
0.02835720581410266
0.01676564180344212
-0.01754570420661348
-0.018404508216885492
-0.01786538138655477
-0.006888779497627152
0.0008912716453652906
0.011147412330093736
0.017608111962115917
0.01932246265309957
0.023729469959973683
0.009979338231078536
-0.0009053628950102257
-0.009170977081509749
-0.0074163829981523524
-0.005801952783690955
0.003517707175218449
0.008839215286163887
0.016090482233972313
0.023273322884133887
0.023072159807009173
0.021021289604989286
0.002524053891736329
-0.002103192477068085
-0.00734540916287
-0.002044190980222955
0.00289553919929628
0.0099568776909565
0.02502899639058741
0.029158902141145894
0.04331613766460185
0.029896588128127847
0.012919901313317666
-0.008377320729054288
-0.008431680358342564
-0.00544801152844589
0.00341131864511622
0.009693400066211735
0.032032109893535644
0.0575495897989571
0.07357313215454873
0.08317354469480925
0.00873036881198531
-0.017535584959217136
-0.024214554924087018
-0.010831370412844543
-0.0006683625381723988
0.016333492054223086
0.051310966230876734
0.08452487993561987
0.1433858916110613
0.20363833236093684
-0.016558380023654125
-0.07029879961775427
-0.04222372608554238
-0.022304008716800716
-0.0007882778029083905
0.01881400915283928
0.05654080068469519
0.1221348003706293
0.24287685962821814
0.5100010468263858
-0.40510190026070503
-0.15177358345093758
-0.08634470483833753
-0.03374013577622105
-0.007456951512681411
0.024496985993778336
0.22387320699011382
0.2680078241510233
0.10666108958692101
0.012747261651564033
-0.04321882824866527
-0.05294472830555701
0.06939585814495601
0.19564729920812593
0.21340285784487495
0.4192612426160486
0.27393904563556287
0.12605825781802427
0.0478254876051507
-0.03243121566319221
-0.061410914751234946
-0.05620231578556518
-0.0002674833641944859
0.1709239169043669
0.2593804431030079
0.250773095164628
0.09859862711088575
0.052376731891940184
-0.021411564217671042
-0.05290895295469598
-0.06962321204385821
-0.06847221527393
-0.022352967026778015
0.01607962189272331
0.11555532075459288
0.1324504124683364
0.022827453255750196
-0.010022768963501027
-0.06320651881090411
-0.0819822682215411
-0.08835934629478202
-0.08703008188468009
-0.06843761908737708
-0.024664881038105692
0.009251659875835013
0.050555603454655706
-0.027859222005524778
-0.04991319014983195
-0.06030260985805211
-0.09374038174113916
-0.08966930139351642
-0.09545214296134032
-0.0778893511803724
-0.07468268904112674
-0.022424228948554843
-0.025267352674419163
-0.0397869571773196
-0.035044725495589596
-0.06972945127939542
-0.0633168874882404
-0.0964078337479306
-0.08136715754769529
-0.09871329139494563
-0.07669531447466757
-0.06796671728955063
-0.013785103919947217
0.02629695215811505
-0.013643153451561406
-0.034900657108882065
-0.0742276989616854
-0.0737832948961927
-0.11259255569018563
-0.08697956128524235
-0.10493736609467633
0.013341834478455123
0.029287867320022365
0.11945613504946453
0.08472564375802757
0.0010658268744994622
-0.023082297235545463
-0.08184008725593074
-0.08446767049279415
-0.11979031269086218
-0.017161352153034982
0.09230986847474797
0.2944210122202647
0.30395030012611235
0.21593633632027273
0.06772740983131256
-0.006832429740722308
-0.04614766912026412
-0.1077598127938683
-0.033958871202463645
0.033499307413006045
0.31236526438708606
0.34642647748929534
0.4539800787461705
0.28769832809917784
0.14100511891244055
0.02958229720440429
-0.047766043299884695
-0.04368919081605004
-0.001856872673669836
0.2761367019345127
0.40368981298858775
-3.4839162017712413
0.0018418237685764454
0.009310133821350793
0.00619999010163809
0.014678338057355148
0.007752690782701561
0.011659219281228074
0.002869495177016089
0.005457405571779494
0.0018453821652255693
0.004727617596732932
0.005437209522889812
-0.000961764434233586
0.009073156435348497
0.006411341271063454
0.013844382311098876
0.008731649725206536
0.007957694139256835
0.0004316670895675513
0.004382339770446174
0.00023943498210681553
0.0003461860975681205
0.01830972085459628
0.0007436002460911623
0.015220000203982089
0.01153144555742925
0.015081344723075908
0.005023072189856531
0.006536700844288881
-0.000697446008040708
0.005865245665060067
0.014429106416453537
0.02166614450491816
0.02353887138997969
0.001256036552677845
0.01773458688684618
0.012342195636274913
0.011454238091303123
0.0033984837695243825
0.007291250125936832
-0.0026159903743984657
0.031826894567196826
0.1938012028226775
-0.34584623821067045
0.037669004397400306
0.018932069888641524
0.0245986005903224
0.009449179405631117
0.010760406143548442
0.0016132661048526052
0.01482974879227094
0.08447726761573089
-0.7080010346355999
-0.4777027501740484
0.13839568692196802
0.05247404925544863
0.021886034094234386
0.018824265127649512
0.006773021885290138
0.014625693781348164
0.01611201747130299
0.009618581302819229
0.11724118688666997
-0.0175779551494569
0.04931329144561643
0.031189511452258213
0.027266540532822778
0.013207829401589127
0.01441833062293801
0.00493559809387788
0.023686599939310573
0.01886779323187639
0.005884290796018595
0.036075242924158
0.023031396720374544
0.030902209909293654
0.014387521978868483
0.01659009079657537
0.0071449718580728185
0.010241331993408641
0.0025400424270366657
0.007744442415702728
0.014466180282014176
0.007171052846466994
0.02329315554017777
0.015488632933459714
0.01581796833639636
0.007797670302470722
0.008889606075211439
0.004122089062903577
0.007703988248281801
0.009733432360865676
0.00397591774905588
0.01364107513925521
0.009936868379745823
0.016561290825725623
0.008976192573850288
0.007078295183210905
0.0034339373418418835
0.004556334118849448
0.0016050765679132128
0.01862165548075213
0.015284697583319292
0.01461455892932217
0.007330683763470328
0.006532384002941388
0.005300486965644895
0.0036673985856319298
0.0050988250460151955
0.007992283010025386
0.013296472090132858
0.034230593333032876
0.024579513214461262
0.009676095277121948
0.008689303608309783
0.00459564348904655
0.004906028100359209
0.003123841919596021
0.0018524175430323815
0.006470994974128969
0.010068243311770773
0.0957524325849185
0.018167472065618667
0.006483170105405136
0.00542597527967603
0.005103228477346543
0.0007067516662684921
-0.0010489082923232078
-0.0056033309573981244
-0.01117471324120535
-0.015949626560250597
0.7281867051718338
-0.035465127145818856
-0.015934723228608946
-0.001289400594192105
-0.0003804614584172686
-0.00030547880123690574
-0.007950384078162802
-0.024129448137625346
-0.058060604390014994
-0.1601526563915637
-0.4093722406809206
-0.14217304899203506
-0.016555984057666326
-0.001291732152073988
-0.0004536075420357134
-0.003074462991125455
-0.014588480349570943
-0.038061956757721116
-0.09415392104863368
-0.36785330647528947
0.11530086028637354
0.02780933020125114
0.009540636268428306
0.006888760631233554
0.0027196299103835796
-0.002559587827811364
-0.010592821296555581
-0.029826003432847126
-0.0430921024445227
-0.06681954456948129
0.03465563032141991
0.035191496035992524
0.020883670268328706
0.009216306729983803
0.004069988203026045
-0.00018327976359620347
-0.0043182971589036025
-0.00961373045935056
-0.01637257667865692
-0.012596746634073517
0.015221038553926012
0.0194101772138626
0.014070706622799212
0.009159524123953287
0.005095270904367237
0.004427218361059609
0.0003636039332563187
-0.0031633627513822623
-0.002466688250309178
0.0015075702866982363
0.014315181449991847
0.013649025407132025
0.013520400891122
0.010260696132938132
0.00794394379674396
0.005759804937717788
0.004378145216277207
0.00486783816339811
0.0033822298810528614
0.006153553499348347
0.014218888544264868
0.015575696073400837
0.012475414318181579
0.010381431484758726
0.007515805104990982
0.006756675665046675
0.00638084654707618
0.005716326240131598
0.006411437007866726
0.008575730482946601
-0.010791287660007353
-0.019163579003898944
-0.026782411552257558
-0.019027649835000368
-0.013356090487999937
-0.00627895831383425
-0.0015435119450284166
0.0008842350474231964
-0.0002738285249478018
-0.003879664124868644
0.0019233382708500005
-0.003711958060350459
-0.005289491211910958
-0.006598875553292657
-0.0035067811924423464
-3.793077297544339e-5
0.0024680261753939814
0.004166281073339733
0.006375623771233694
0.004679345072867357
0.015285800012064808
0.012459539475368934
0.005993398290577362
0.003809253982055181
0.0025726581955100537
0.0063817737710638615
0.007113159243287944
0.009629721221323584
0.012382944045252987
0.015959253467699514
0.032721571940300474
0.03198864984648079
0.0164620886268551
0.0078097301200066365
0.006445241984496079
0.008003339089424938
0.011758643251506082
0.016465379515004114
0.021123449947896222
0.030833476064800434
0.06710244599900902
0.060670643415267095
0.03214884119361788
0.008278775376284875
0.0018649536998627371
0.004545493034063626
0.009605225696377381
0.02026770997636429
0.0348290428771487
0.05189296857333928
0.1063496877194285
0.10079776255575403
0.023730108942409324
-0.002753992605471906
-0.005461602646110584
0.0014260265203012643
0.01062808956535346
0.02215198173267246
0.047506101535567904
0.07693669703762492
-0.12875655925872365
1.1149653638032666
-0.09458786332715473
-0.048024701353366187
-0.022393391173830855
-0.005238364500777242
0.008129213143442763
0.023151308492361494
0.04732449094148806
0.057283257252491206
-0.7749571294211955
-0.048672555836495345
-0.19497879534576848
-0.08286275706323605
-0.034568533731853104
-0.011739868863071871
0.002573901974949291
0.01297637211751415
0.02370865136231328
0.01462395690503683
-0.08366915352476119
-0.14098450447384603
-0.10885181389651828
-0.06605435509328912
-0.03539168447778017
-0.013879021033164948
-0.0035744660585496388
0.006480952357220841
0.007683122159993397
0.008904466596015168
-0.020782933246003752
-0.05629425678077408
-0.057778985141212436
-0.04234481572208643
-0.022214455729948342
-0.012076327832241116
-0.0034978058894344485
0.00014942899130586303
0.001464821700040373
-0.00401507249406387
-0.015277088438760966
-0.029397560083117287
-0.02709764667767091
-0.06694250238917147
-0.4853896806395162
0.4599701281009812
0.145197315985426
0.016831187552079997
0.005682007038123092
-0.012163250792588735
-0.023132935532363907
-0.02856608316498961
-0.05420685315209443
-0.1469838249642712
0.47426460800119774
1.1459832355685298
-0.060502515849068905
-0.019691481521234202
-0.01966702095623203
-0.013868425671429147
-0.0192814030804404
-0.029919836022356976
-0.03859967172068265
-0.07746565711310976
-0.09985932982741055
-0.14116064126535496
-0.0472074082306574
-0.03771580286435393
-0.01841570698640799
-0.01994821735333681
-0.02126005453311661
-0.02443267197823355
-0.03716721795997009
-0.048180188889957024
-0.07190733758548579
-0.05156974939074244
-0.044933178384150146
-0.02391361916288915
-0.024183638758948998
-0.01680355452544729
-0.01703271540565249
-0.023103068942384317
-0.02487751138692427
-0.03561299770336378
-0.03689782178751006
-0.03916468884995798
-0.02305140830240909
-0.02373786510626402
-0.01700552924334852
-0.019241155228597144
-0.016948352757551393
-0.016699196240611437
-0.02171192582448649
-0.021393087571337614
-0.027488859530864076
-0.018552869826505787
-0.019245235092977517
-0.011098295812741374
-0.013968256159771073
-0.013010260062004104
-0.01263314088260586
-0.018637532467581375
-0.01595688963614728
-0.017588074643750645
-0.010400363560278474
-0.010402123607109477
-0.004591055925121286
-0.009065345541540195
-0.006632265404306508
-0.013071395077335991
-0.015308188535921719
-0.014578105367830801
-0.01824524488896908
-0.009733842989474727
-0.007269324182168675
0.00594677487004485
0.002103209584649024
0.0024386502876064513
-0.0054376643881754875
-0.006614932729537052
-0.01402733668241466
-0.018987640941281723
-0.014028350352232688
-0.007547719730671894
0.01034911175718298
0.021427784827768033
0.02928750260904225
0.010714861454377472
0.0015568145314829736
-0.00889767920029908
-0.016856823027521572
-0.019610462844470187
-0.021031157820874478
-0.005238699493087508
0.04515497188549201
0.13993464864830457
0.07292656895747622
0.03414838514204686
0.0040856646240458976
-0.004559215507423249
-0.005764351865903263
-0.002675434056862165
0.004673687208971802
0.010566408316095276
0.016137117585441747
0.026130891234719685
0.028735066794730327
-0.005411830673449797
-0.004166837499966569
-0.0051691838256201555
-0.0030602659219563294
-0.003194063571157835
0.00432388947854349
0.010838090301970488
0.023545259460022967
0.026177338729592187
-0.02535216147189392
-0.3979357793212233
-0.11889031198232333
-0.01496214639842632
-0.002995502193370537
-0.0013455261532038516
0.0018274525795864036
0.00813296757766253
0.008612718249541892
0.02106301117825635
0.7028297275437702
-0.6254511161529228
-0.014014603995757711
-0.0036087298186839372
-0.0044341402324842285
-0.002688499173339862
-0.003633125123204957
-0.0032400641963684657
-0.003124309492360741
-0.018825157453078945
0.12023588768723507
0.2083071871453777
0.09423975535622482
0.00030407911058248107
-0.0053883970797017405
-0.006241666828372723
-0.007200245139043729
-0.008709305023013869
-0.013144088593296308
-0.007646103495130361
0.010252508961808437
0.03593429994038917
0.002441945104411661
-0.004153637984880718
-0.0046755373386400505
-0.007238051928927087
-0.00584852415214816
-0.006379765599921874
-0.00946660183093776
-0.009324635486790724
0.003211349588887891
0.00759613215007317
0.0027011255451438294
-0.0035478558951902496
-0.004888710830336273
-0.005408064908865303
-0.005307142116177813
-0.006568020283237822
-0.0069144051052935475
-0.005748865670393643
-0.0037993245239571535
0.0026746874258430225
-0.0027922700804170505
-0.0013651222219497991
-0.003392813441373956
-0.0044430231873087405
-0.004769055812533105
-0.003599608087070122
0.00013454653369204426
-0.000561067952379639
0.001673205520520941
-0.00034355171404435207
-0.0017158494885221242
-0.003188731878923291
-0.005081951360811477
-0.00030769213514051806
0.0007645482030239204
0.0028866361156788295
0.00467960370110664
0.006309091678933631
0.0038783356077515332
0.00455227440376478
-0.002450628144270609
-0.0038739039794874666
-0.003880144684658822
-0.0005875232698691786
0.0035288154914959132
0.007456024332212562
0.013074129900622854
0.012865137957710585
0.017789457039591686
0.00860146134867041
0.0008170457201950505
-0.0030078700951390713
-0.038867079546815314
-0.04745556743469442
-0.033498754609168596
-0.029029043255591306
-0.015236003200827608
-0.01807942196463131
-0.016656213697412773
-0.027076509072860966
-0.02700124277530473
-0.03805018922532897
-0.0693264478942632
-0.06998283763544473
-0.07350340787272361
-0.031302639012469796
-0.0256853829672178
-0.013171326006531169
-0.02243715645202544
-0.02415735786167677
-0.03946354003407169
-0.04625902282646734
-0.08729977230233721
-0.13312944247701816
-0.09494064678411102
-0.05314091770109898
-0.007803987090706215
-0.013122279774549994
-0.01210819866387779
-0.029290313640045206
-0.03887689614467301
-0.07238955931772635
-0.1392745606072106
-0.1964297694329731
-0.24956501569702677
0.018292633702110248
0.01307190925870803
0.014822766027361664
-0.011168178589263798
-0.020400651063505842
-0.04931893117565988
-0.07306195906963246
-0.12692800370478521
-0.40939083565492984
0.7331995862723493
0.2911615884287972
0.10691576492465485
0.029866006140745423
0.010152717548763197
-0.01983507207260014
-0.03182180125913027
-0.07745811630272739
-0.02543281728472972
0.1951659977056354
0.3571437392059648
0.1935536263721526
0.09056516706337003
0.053701093458386945
0.009901783894670285
-0.0022373990335465216
-0.020355010276060737
-0.007356806619735512
0.025359558946213674
0.05724528447694039
0.1320105660773615
0.10085662292944568
0.08076455906199362
0.03134530405666424
0.01512113200414914
-0.004791734800686603
-0.004646106394008292
-0.0068465647283
0.005364447683508991
0.03468264929552472
0.0387199051175015
0.059704713694891644
0.03262830648553645
0.020989593739435482
0.002475150328828608
-0.0019774452470459553
-0.00971545982539807
-0.0007221172735729894
-0.0027472070973552074
-0.002270746490956433
0.015524704193703082
0.012047667677685376
0.01474870828104605
0.001345097438419278
-0.002025295160249009
-0.01303313912178484
-0.010113946477662155
-0.01431121811754496
-0.02605083925207068
-0.01636782670966679
-0.017130295018817143
-0.0039015341467722744
-0.009193343917267434
-0.006127093581001481
-0.016313173389393188
-0.016453866737099702
-0.023747913910587542
-0.02168539866953667
0.003751228664108119
0.005078899488728641
0.003580046505352111
0.00020506965244274712
-0.00017886082106534633
-0.008431451919432493
-0.030053719843186763
-0.033314588421859394
-0.019450530881594985
-0.006963702223882036
0.005449933233735937
0.008688447782439301
0.00335562372742075
0.002629200488135663
-0.0014619834879582999
-0.021270467116545844
-0.11467874717782697
-0.33765717880162527
-0.0568813861862599
0.014378049295749136
0.02293386101360561
0.008848590893120557
0.007741409395937236
0.0048201497040891005
0.019660244194541893
0.061222138760104135
1.240553530117601
-1.1149834147438529
0.22409200004734098
0.04138820559835135
0.016268352178956506
0.011246249302926429
0.008046126194746605
0.008958615045152149
0.011561803208124204
0.018359165513068924
-0.10709705401504412
-0.05583997954460972
-0.009858835269999332
0.0352731057343206
0.013839148180181953
0.008065882135528456
0.008577624429205887
0.007438849760120815
0.008405999603322223
0.004963665421116848
-0.016390604316502088
-0.03907390174009192
0.009014071985890826
0.01087175792120875
0.006434253813247499
0.008134895885841356
0.005379197707802087
0.005182473692566103
0.0055443256539433276
0.005457481943594052
-0.007356310718046691
-0.008086357141764172
-0.0035893432752779997
0.007810966590128457
0.004766636356157213
0.003072457462117454
0.0044951590734430644
0.003473314170370624
0.004040969038123976
0.0010004257570670762
0.0011245191069907665
-0.005734534296233744
0.0018885862472314387
0.0009095163025069484
0.0021883588615951577
0.004464275254528485
0.002494717170847593
0.0034873252101855845
0.0016650766015901329
0.0014506023397996266
-0.0024904982190119863
-0.0008625158365738106
-0.002037060144305735
0.002758669325546771
0.003504841261378246
0.0006823045261338016
0.0028649332862471896
0.0008850477454204922
0.00169529773242484
-0.0016184349803091377
-0.0029256326607332407
-0.00763675048722634
-0.00012773839532970107
-0.0005261077643917356
-1.1251983865791346e-5
0.0026626176005445598
0.0023648211399812705
0.0013626847877294072
-0.0022603912333882324
-0.0042187723459676685
-0.009820063542823304
-0.013770921512819428
-0.012175551124728673
-0.0006791536321401663
0.009323145908401007
0.008426361980248289
-0.0007484716309395324
-0.001864153234226635
-0.01538990959502275
-0.010457833249016899
-0.008091173699341888
0.028915235055951786
0.015423877264163303
0.021789723081707534
0.01445278294251376
0.005091375659261902
0.006873672138027572
-0.0036747027314060657
0.0016161872719566489
-0.011007674660184496
0.005723899898107731
0.0062288372462445596
0.016814338488220167
0.008978911318523387
0.007536729771967998
0.011472187976855562
0.0021740010693650563
0.0029321514877364797
-0.005389071335277271
-0.000838862567331966
-0.006285886061076256
0.010372525664291315
0.0055529897313405865
0.01613977610073573
0.013737725437302813
0.0049678935307760266
0.009335018881214891
-0.0049012487741073646
-0.0015609392058033523
-0.016253072592075472
-0.0034517878157108526
-0.0056494912713410134
0.016623366954458783
0.009652541836796069
0.011189868248420437
0.014734422324860878
0.0009472029479092146
-0.002148005159112358
-0.023947447301134447
-0.02550251057402927
-0.04942117199463381
0.0014213131304981921
0.0073126951025796055
0.025836501758183007
0.02669604549664084
0.008679073046423595
0.004456142932668187
-0.02136720399329163
-0.027946347471941795
-0.07637012385490712
-0.09409373702398269
-0.04370455727222163
0.04321051345626738
0.026484915866857237
0.02363838061227879
0.019244747223099747
-0.006595711427494573
-0.0177277054615529
-0.0681198199260426
-0.13810416856849275
-0.2539961490397341
0.4670506301055785
0.10350430006873522
0.06648661141127964
0.03994872702245397
0.00758447717570107
0.002612377621614115
-0.03349080558126954
-0.061671366525948776
-0.14972079102573785
-0.6576388372754216
0.44294663567996223
0.14934783952294575
0.059615827042324106
0.021534940032041806
0.014637073584875348
-0.006434355193322266
-0.014241545221480526
-0.059984102983803224
-0.0578931480141347
-0.1784423154888058
0.12693347801674507
0.09002079611569418
0.06363776619568133
0.023591913028294574
0.003986030916425267
0.0035796416195539027
-0.01682846486333078
-0.018218703557716664
-0.04237011426964285
0.00011189767641675055
0.028373763039150558
0.05344770607643391
0.02258397689472981
-0.1919795365369587
-0.12512436122796913
-0.059893886077809766
-0.03678770078285861
-0.013369411378870152
-0.004353043671561703
0.0018323558158050964
0.0022554373373852724
-0.040829937207041124
-0.21621594042229642
-0.3146457536614136
-0.15294552311914592
-0.0788934510180607
-0.028442186252657098
-0.011895219446156369
0.010879372130523594
0.03131145911037017
0.06216199474367579
0.2061248164578481
1.2672063240580786
-0.19231098162249102
-0.0965623459216221
-0.05134595538018026
-0.02763325935235525
0.0018663035729559717
0.023001961223473665
0.05920721644453926
0.11997195614297133
-0.021130185575438536
-0.06702935769884141
-0.024387482065685157
-0.02721165888222951
-0.030529038153378138
-0.012413431255296271
0.00356714231495197
0.02453881002317664
0.055206212266904295
0.10236877879670334
0.1472600854596811
0.11271478306051148
0.024157050500722522
-0.006149617960068588
-0.004197550252656216
-0.004499077167990868
0.008508459633685052
0.01992931720571083
0.041863632723287206
0.05800964511619602
0.07176023794915143
0.05097014547753557
0.006453948113059237
0.00039298237045839844
-0.005221746009114789
-0.0015357474688973672
0.0024410227181640484
0.013521686687025327
0.02205913198073783
0.033986534933427015
0.03271685288407684
0.02502916424686598
-0.004934835240589809
-0.011997989369001162
-0.009079030886663352
-0.008022831117501683
0.00023005599904051037
0.004738755961297323
0.01224532806070179
0.010360013083900532
0.008692963860579658
0.0017843951035833496
-0.023894879094952574
-0.01883516022176267
-0.01946486415766287
-0.007281132093936096
-0.0023972761472708104
0.004347003073596094
-0.0006792716051342166
-0.002711447442436582
-0.0075515936554899285
-0.016138523639814065
-0.04300759501907821
-0.04194858939066959
-0.028457370742294055
-0.019819180892010835
-0.005913281349442464
-0.005084757872485777
-0.007397049252489583
-0.01153494422784714
-0.022962604713792432
-0.03867158655009642
-0.10354937187466547
-0.06862334894618961
-0.04603509447909028
-0.02328704880930819
-0.014054158926789588
-0.0075841106372853346
-0.005149418408823934
-0.014406741256299597
-0.02886735927978911
-0.08209750396396506
0.10733377497799494
0.0786235894680704
0.07571910722203418
0.03375894358537181
0.017294143704512
-0.002678616280224167
-0.011488004388823414
-0.02546023930013799
-0.008485968717500866
0.0037850080923029273
0.3052917533673977
0.22055920356082617
0.10719083337668235
0.06361529352445335
0.019749144615151374
0.0020570483611251065
-0.02430246149446715
-0.03306494419544459
-0.04537090678994838
-0.0008458079653972462
0.7335562087660962
0.34648536288998255
0.15720662421468184
0.0557008544792458
0.023498692026089004
-0.008846091897407943
-0.028265919586020795
-0.06987095977818633
-0.10629883184723161
-0.25264738790176067
-0.407747030859357
0.20050665286761454
0.058614340678879544
0.037950422158441036
0.005628736839005599
-0.011596359690627275
-0.04155341845352305
-0.07331264279760112
-0.14723412821211096
-0.22248169835413062
-0.13079663579591086
-0.025270199282670967
0.01099085921694328
0.00255218050419298
-0.00021241942542597474
-0.018921863657004566
-0.03340298995583955
-0.06889770481230921
-0.09659266120990827
-0.15349152285928663
-0.07427384336519521
-0.02616425867199261
-0.013837219971701389
-0.0029591061345761453
-0.010808864591719763
-0.014461843913067473
-0.03174321787783965
-0.04413730212762722
-0.07007081157978678
-0.07579671276387254
-0.03188818603870786
-0.021693159652044606
-0.006148977886497213
-0.0071031641612042985
-0.0075510912637993775
-0.01575043415791948
-0.021713075515816922
-0.03394232716065135
-0.038022836874771954
-0.047089838245784214
-0.01679999460846728
-0.0019406584011098156
-0.002317925485038697
0.0032381286242229384
-0.005168088473367505
-0.008834647457576714
-0.018551548441750415
-0.020229562375692674
-0.024912987128342255
-0.0194699940983004
0.010019909888038015
0.010532032146937202
0.014715813694464442
0.007904458041275288
0.003640004734190544
-0.007550009764882443
-0.01189958808238206
-0.017891849064548666
-0.010058201583453658
-0.008700340960942392
0.025492295974671737
0.04547791263244827
0.03175693987988976
0.025369909219890484
0.007596828040608629
0.0001726764232490559
-0.012089899822185937
-0.012150264453075064
-0.014007244612455772
0.011380804545110713
