0.00041311943835659114
0.0018691182055432481
0.0015631146747712677
-1.7144372348876528e-5
0.0015936843649527498
0.0008943468222442846
8.723051160280511e-5
-0.0005860140838621012
0.0055843232715417825
0.005851587573847445
0.006226899231796017
0.00449119760575281
0.005159772993638264
0.0017205895907155748
0.0025729809022075945
-5.122764847172504e-6
0.002878651902062635
0.003035900747985256
0.003595716663481098
0.0039822421288083784
0.00422729896949925
0.006444142668621205
0.004309670634170539
0.005849510424398521
0.004285004878605049
0.0051192541363597206
0.0026467624357065797
0.004310069201792664
0.002846070624291126
0.004352046695640848
0.0031319333930215215
0.006082860443585752
0.005456746503371751
0.004637092049455864
0.0054998457103484395
0.004779004934408398
0.006516348608519578
0.005614467170482177
0.00650592345533937
0.004136567150435749
0.005592387024603412
0.004579112616903963
0.004816536838726691
0.004103453819713515
0.0043187186551184135
0.006232744134450259
0.004560464736238805
0.006959705925421011
0.004176682260375962
0.011162671720461361
0.006560795187535117
0.008728716234964348
0.00455331541410182
0.005666297010548571
0.004186628355893807
0.005306574208672297
0.0065975024471728524
0.004067800898155986
0.007013633671242742
-0.0019565273785268483
0.007240174631110977
0.010788095258190406
0.017864275889978718
0.006361665042902394
0.00720093778582073
0.005312719348141438
0.005215567161265043
0.0044240577984024166
0.006023709774079283
0.009011519818061548
0.004039026157291515
0.00875783049069406
-0.026272380871815257
0.08364446343320894
0.01969465072126197
0.013961866761989544
0.0033208801162151087
0.006267447074627252
0.004548024291353757
0.0074818150600057
0.010459594702758349
0.009999917634939657
0.01795912518932695
-0.03559826241842833
-0.8459195637606909
0.49132872219953316
0.08646185085103064
0.005634833575763733
0.006326629228872174
0.0018880633241097114
0.005364264344541645
0.005870107908231981
0.010080318286914266
0.02203413614930485
0.030808723842377043
0.09715068314338633
0.44301422583908956
-0.615698968105905
-0.1196758733487503
-0.02146212969995171
-0.011350898032800764
-0.00031001480434094986
0.0018257751426821057
0.00713881098094359
0.012146380064892789
0.01466611857559641
0.031481988124882246
0.028300995009020752
0.0629114183095485
-0.1044048693074458
-0.044289245533540085
-0.02506335856919676
-0.007740912795289924
-0.002744170946441315
0.0036392626532610866
0.00517489968692883
0.00730704905674494
0.01390107420286801
0.015008948672557731
0.02453049427125019
0.0054513538067264
-0.016813523435780978
-0.026172210757273745
-0.012601793650950766
-0.007944714569169758
-0.0010507068743483775
0.0009301312724368351
0.00503207046299131
0.007490320485848326
0.00797012728844031
0.012067826971453489
0.009802250568153741
0.0077463163628937485
-0.010455320486284172
-0.007405095347548296
-0.007696098410320802
-0.001479655622275285
-0.0016434675524194752
0.003882647888850724
0.004094312312225167
0.005841278402674969
0.007072020279114591
0.00713167061612878
0.008533103308378925
0.0037237787224179185
0.0006526930938366859
-0.00235000110644113
0.00025885978943395875
-0.0003858593006957292
0.0013658921507506841
0.002744838254652973
0.004291890694773499
0.049460068055608625
0.06190575620419004
0.06791887170409268
0.07061488642545677
0.06572676601362973
0.07133462853778544
0.03568683407783104
0.049659298276467596
0.018343292486720942
0.023306978346624832
0.033021057976388934
0.044772489247296175
0.05495123591535471
0.05707593269407244
0.05779103564414729
0.06149048787990539
0.059184193427734524
0.049325872462838725
0.04489405405345843
0.0419522819462364
0.030948718292371617
0.03232515187317453
0.04167331428691906
0.047402009981752084
0.05213307089209098
0.05571251569647866
0.055687488146977625
0.047901054285683906
0.04290922642763099
0.04942584681484032
0.04417086010630786
0.04292172877505186
0.047612203608137095
0.04867292734456706
0.038963330516096586
0.050620662456413286
0.04841006006145622
0.044273603315508066
0.04331450623410714
0.042821334073153056
0.03784564198190724
0.02140491931120268
0.03488224858093519
0.03450327142733089
0.04025717099423843
0.03477732572414951
0.04694165718029102
0.04291359837217091
0.034341790550185054
0.02579540816983956
0.019183232844428792
0.01394885682326487
-0.009209571537477264
-0.03239556989714027
-0.006094391301545777
-0.007186325567662761
0.013933632568614046
0.025818899473746035
0.027112515897507686
0.032559957781749096
0.03361696729498199
0.024038486166700696
0.01573255356855362
-0.020684135949200363
-0.06912526903636697
-0.09771925017728796
-0.1288927210972043
-0.07105026318248973
-0.050201000721502125
0.0022431846598722693
0.01732687587426417
0.026998697681693717
0.011686643915699114
0.021520160549059388
-0.010255786683776556
-0.049040293703537616
-0.13704687243054972
-0.2739290463318064
-0.047669700825435674
-0.2974480034799994
-0.1540306797993856
-0.07581947707362457
-0.01251395779704645
0.010055152148881785
0.0032782396763268926
0.0028700637950818935
-0.013807384919823045
-0.07346863060460582
-0.18168299771426008
-0.19705126445890114
-0.34671775423745954
-0.4106254403321894
-0.2811417099066381
-0.1073839250334334
-0.0346310448593688
-0.006943833175440813
0.008570912710906766
0.01588985448658051
-0.011015540030171668
-0.0074382448712576365
-0.09526206645902176
-0.35927807117260935
3.8761894737942515
-0.6323729883884063
-0.33981603828074264
-0.17457118914460723
-0.046151370270003766
-0.007568253233295542
0.028419864141283734
0.029118360204459598
0.025458006249654042
0.004568311211863383
-0.03927431817325881
-0.3828949759860387
-0.2542825428883262
-0.8662860809207319
-0.22395236197245846
-0.10693470521437327
-0.041622953339256676
0.00034403922246127984
0.03231406094169091
0.04425271892676482
0.04699102674438646
0.06897955136015055
0.015696452329031125
-0.058353293090727135
-0.05246422993776925
-0.0787453341233174
-0.10241876389058273
-0.057841316001522765
-0.02248581626850275
0.0027934899878148856
0.03470533086162649
0.04682189674929037
0.0612168491825593
0.05837232221185248
0.07141844810996681
0.01860515261133026
0.07104076306545788
-0.010164122052066233
-0.00864945858749664
-0.014174492598804503
-0.0014543589049206664
0.01906951458492664
-0.005714157645051268
-0.01561235537944258
-0.012109705925298633
-0.023780770564902236
0.38855310087732303
0.9512739684457581
0.2977309435575699
0.07797869401800378
0.04179894923444792
0.012814638833980064
0.007247704349857217
-0.0024813482468477046
-0.01196402997844218
-0.018336548823255413
-0.04903089369320021
-0.07222107402709536
-0.19461963260935647
-0.9771977965686698
-0.09472614309948316
0.029655952098130947
0.006421741579550636
0.008615259636696421
-0.0013241154790551292
-0.002989672886884656
-0.010574207275653528
-0.02629345835250461
-0.0403765366349375
-0.0844984466371491
-0.09256492940706201
-0.18431205610410278
-0.019045237407286118
-0.01329777819999327
0.0016704017101317181
-0.00197893200452145
-0.0015201303877801374
-0.007955232970343751
-0.013733887228037677
-0.02128547047198942
-0.03970926502040701
-0.055642985209953484
-0.09606820558298444
-0.07107474917781344
-0.04782000867616737
-0.014814738725210583
-0.010956867429033405
-0.0031864390708891714
-0.0063775970435768796
-0.0070645704278507
-0.009105498329979148
-0.0172691429658793
-0.02317309939017194
-0.03939000949333049
-0.04677625507039243
-0.0533238713509495
-0.026885608693851093
-0.018873933918852292
-0.006966213958986745
-0.006969422661217566
-0.00243079634961606
-0.006843567715003694
-0.008627334776378854
-0.010298543774665152
-0.015191469548241113
-0.017986385947776597
-0.02566484524976163
-0.02198416219223636
-0.017443149064734185
-0.007654609727913371
-0.007636233645117571
-0.004101182412763851
-0.005059082138387145
-0.0065872285529748635
-0.004843501351192636
-0.0073970794977555755
-0.007924416505383442
-0.012184934374064676
-0.009882816522594807
-0.011403765076237696
-0.006368390942132318
-0.006392931615362562
-0.0009473443766962845
-0.0005822576157610138
-0.0025002350198892014
-0.004457089082755994
-0.004471010248266627
-0.0025891316945630127
-0.00524565889752994
-0.0013774063024313999
-0.002559003875061931
0.0020341460714921574
0.0007610946918137636
0.00447809321415736
0.002023415275557114
0.0030909200543049386
0.0006569541875845672
0.0004714088782122398
0.0013238441769545047
-0.00020189333308734435
0.0031646030516653866
0.004471620951790273
0.01137540694682999
0.010289863689958243
0.01322278386408588
0.009516847544325255
0.009992312497049422
0.005741352195392185
0.004913905144138982
0.0010352945042081075
0.001524606395694975
0.004940503767536321
0.005505428864955278
0.014956167184446506
0.017249288685900477
0.03199092674898425
0.025967966892496662
0.024402424803726366
0.013834011704311418
0.012003298018040053
0.005905413174239738
0.004536959426672375
0.002160325560991933
0.0003158869009420419
0.01133260251559123
0.013825658258495655
0.0463129197513889
0.0513763253953024
0.06410605278190666
0.034758553634240894
0.02518148670285442
0.013713728035128643
0.007394451562843622
0.0024649500353821074
-0.0038339272883775497
-0.0007970984455460466
-0.0011047524840147851
0.019332589904162752
0.027521482925522464
0.18845473289150494
0.10182597214577332
0.06893119761974896
0.0284323280555707
0.017972201151599997
0.006191281701004178
0.00331932219956771
0.003659864683347085
0.003626183345326328
0.011897193392237567
0.004999041758511177
0.04534682650245323
0.3687825136732124
-0.21747303124325362
-0.057850690947330315
-0.014328234958150145
-0.011299727694900256
-0.0014523896955137721
-0.0009123941996231193
0.0029085367984050597
0.007756271724665502
0.008475243470787685
0.026811559299623606
0.039115280741009326
-0.812540225556877
0.0892352682928468
0.031883617859461304
-0.0002585406879196313
0.0018818940110551766
-0.0002410804595685941
0.002265505005953865
0.004411101809741574
0.005763565833025624
0.014455454716112152
0.020026440003469082
0.0407492567828215
0.05498393047857684
0.08087469819518055
0.02043712508135027
0.015096084243090674
0.0038522185844560536
0.004993929708421747
0.003093330814716007
0.003063026831454759
0.007204391972294959
0.010108997164905431
0.019976451185540887
0.024599255566196885
0.051399972680166904
0.03446070825533342
0.02674726822794413
0.01151919557673713
0.006867385392173978
0.002665119963679698
0.003563570567013637
0.005026121580648529
0.00654236379278509
0.0086981640488661
0.011140679887494828
0.02106670202778889
0.021381804581426654
0.023986557168625113
0.01404407467468808
0.01046815233567159
0.004648324370251396
0.002430145802653249
0.0026945270198674874
0.003445173500332233
0.00525050038085902
0.004223240292737164
0.009119522890106384
0.010291754082047551
0.013436608302523849
0.01124947966255665
0.008834210132370995
0.005149096368707698
0.004462221250813176
0.000581528729016907
0.003493887258156125
0.0026580976252644642
0.0021459545804019286
0.0039331547957309355
0.004378847803596894
0.0067122061422877095
0.005290185690250505
0.006689015582597615
0.0035660003276621515
0.0022941375651722917
0.0006643999833612745
0.0009432144043090914
0.0020861544313220365
0.002442134908946023
0.0036788393618248896
0.003671138934449167
0.004389319582509982
0.0018905901240421357
0.0026566534544001834
-0.002169807674099857
-0.0009463955462120583
-0.002197722930619683
-0.00041099610434345787
0.00013978596336440845
0.00021598745247922635
0.0003504520668202723
0.0012538930542792283
0.001989690691849637
0.0009634775341184352
0.0006157414145157031
-0.004254290150610576
-0.00643423855052993
-0.008012948341697499
-0.006494301510953416
-0.004050125286609804
-0.0007281905355658134
-0.000948345206072902
-0.000990348717525217
0.0017429152847709454
0.0009458234821261115
0.0004233798618548856
-0.002593944443959667
-0.0038408486142697193
-0.020496715284815645
-0.017616836186181494
-0.013194046225367517
-0.007819000721041738
-0.004733374431238771
-0.0003619585020386441
-0.0001317549393187031
0.0011111198240881038
0.0025627374091235166
-0.0019733017676687196
-0.0019031312318345504
0.002523392907586257
-0.04625800692640947
-0.041711503758126725
-0.019687341413700914
-0.01193759804161749
-0.006073545965283871
-0.003214944819042537
0.0011838719358914784
0.004339998603620742
0.0023909979799335563
0.003800655521371206
0.02148994581070889
0.21716495265974553
-0.14313301013524818
-0.06447071019962142
-0.03271391567969699
-0.012389358381994049
-0.005818354006273601
0.0001462419586570722
-0.002665404694203713
-0.00033475297536299746
-0.011029917984597591
-0.015082419024788737
-0.026283129415937564
-0.0350868233541455
-0.059797610953119404
-0.07718876527903458
-0.12453489570889927
-0.0824082709737252
-0.034410785141120795
0.00874401808770707
-0.005314399512349125
-0.010067489493422285
-0.008482085625588007
-0.01755116099397756
-0.020425065864968294
-0.0313029118805656
-0.03879056220940739
-0.05930495056556309
-0.05858846621403017
-0.06919831584652598
-0.021539242726724153
-0.01659827336082139
-0.014038134291264052
-0.00943035795596257
-0.012992196086011555
-0.014612772938627677
-0.020345799379416062
-0.024703291788295376
-0.031557810830186384
-0.033728650551415114
-0.041490311933639154
-0.03377694691205016
-0.025870572833063897
-0.013006639750106054
-0.0087739094532819
-0.010127578396953213
-0.01009986032919733
-0.014450595491174289
-0.01507761182112746
-0.021760737016262625
-0.021206853190982783
-0.026798136497631245
-0.022168770608630234
-0.02448715717479501
-0.01493395138673902
-0.014802052851658181
-0.008059039997053138
-0.0052695713655375115
-0.008583459011570998
-0.01045868219066237
-0.01606507855360254
-0.015242620443772552
-0.018469913397265468
-0.014432354808137432
-0.017145847002596314
-0.010877822562889038
-0.011921997243665411
-0.005853667640241486
1.7494774752974075e-5
-0.004767199197360302
-0.005730519770248382
-0.010613160630438793
-0.010579309440135989
-0.013538330850056023
-0.011253929438556447
-0.012964900279196868
-0.003742002440242421
-0.005171023508641886
0.0015001807737652115
-0.003243417311216375
0.0034462111320304415
0.003552606780049473
-0.00525298445880701
-0.005520257217345131
-0.011523917498471337
-0.009764026087809165
-0.011819205640098543
-0.004832045307007191
-0.0016905037890495955
0.015037029823780072
0.01134712983238095
0.013254275979492414
0.019735329944777582
0.005461200482511547
-0.0010655213501945151
-0.008932707181987888
-0.010190380351357048
-0.015981304293156823
-0.008606982517706467
-0.00874978060076307
0.020748013966312394
0.025421071697402705
0.05120420830799199
0.022771166723995633
0.024399277069199525
0.015285993753910529
-0.0009366168833464792
-0.006503903086139488
-0.017207565013786306
-0.01680401896101252
-0.024212440458233404
-0.0012642245472279103
0.008782455333459465
0.13224886763174007
0.06911990854910313
0.07024491729642454
0.054334297646660056
0.011811216791681556
0.003390313235989216
-0.01260947186925974
-0.017031647397019723
-0.03350247009536551
-0.033034158050480475
-0.04455425636117017
0.054644206648146565
0.5863724005890504
0.15568953377172992
0.0832758666917192
0.032079130875403414
0.019460050118739438
-0.00312243157393141
-0.009755069117392663
-0.02576803292205374
-0.03690388534802586
-0.0802369217530341
-0.11349168447796003
-0.26449687997567384
0.9531155649826009
0.3289078340426417
0.1258524603499244
0.025367626492758134
0.002664294229412359
-0.0035636946346470546
-0.0172962841670118
-0.02326431892755949
-0.045028255857704286
-0.06180218358573347
-0.12199949868730246
-0.14774153733376338
-0.3089853866217334
0.10575486499910763
0.019115679787969946
0.017940654528858065
0.022576137939727767
0.02464011768089682
0.02517869409725458
0.02176819984378675
0.021068368216443954
0.01660482931480781
0.01630064988616324
0.014807849022794696
0.01438733554935427
0.013677813158127057
0.015804711407668436
0.021669772999696395
0.03116196202632733
0.03928521645741383
0.038069428108207
0.03619252473154621
0.025096327015990447
0.022197472336771034
0.017427697584969006
0.014441840185071043
0.01390026900319476
0.01334316626564541
0.015270688747027273
0.020729449533505997
0.028737780095141482
0.022058310072060775
0.11711173214258856
0.05713355378496903
0.03841360283929805
0.02456932059556783
0.018869146097622316
0.013889593547816954
0.0125317385568219
0.011825345015392947
0.013536214010860774
0.01132996865205824
0.072918387311472
-0.8520176503755675
0.6238206234118876
0.1659409139054016
0.05448980963038513
0.02926726944922809
0.01686549243211471
0.013200894788606136
0.009802166560972131
0.007191535453212968
0.00563727209038122
-0.030493747695604704
-0.09661404955897328
-0.4514372177539345
-0.6220525893252452
0.000861481765311919
0.0259168054148172
0.014829309028629846
0.01398083143541476
0.010248134671158864
0.007110059296326447
0.0023773239748120056
-0.008029068971107958
-0.029588556868907864
-0.051417518155713486
-0.08302108927812508
-0.04859623280685182
-0.0049359884777218695
0.006129623863920507
0.010928770256419796
0.010359352123553671
0.008750581178871392
0.005946922196659318
0.0008141683309323564
-0.009282785157963021
-0.02056590741736817
-0.03733329845438645
-0.05704441639028543
-0.02555670475865365
-0.012397220093689005
0.002347344083336169
0.006295772273733476
0.008618675289752646
0.007436319019372029
0.005458627493362972
0.0007730886553805829
-0.007873492615774202
-0.008349704399458752
-0.016738474055991034
-0.025726244841420057
-0.015241912798638088
-0.004723468848429707
0.002408097464519307
0.00681195475766842
0.008499672839037698
0.008802017261916355
0.0062703592377804105
0.003319806375512119
-0.0012536706373950696
0.0012393645335470594
-0.0028393383536102837
-0.006646061715290536
-0.0020323891212030167
0.0015772739734915458
0.006914906756048795
0.007522871341245102
0.008923975521731275
0.007968319654660253
0.005915894807618784
0.004623990682310291
0.004020920929056566
0.0049127261848508985
0.0034082004130419332
0.003520465447501047
0.004899136062852305
0.006743021653711077
0.009202989368644993
0.011089185468869155
0.011116771161906529
0.008599506765637838
0.00856553732447072
0.007389113173840112
0.00635895373365427
0.008725792522837608
0.009521826491913578
0.009666906075429305
0.011135962444230506
0.011622448665917629
0.013826648965036745
0.012944776111961622
0.012493699774311863
0.011671538215542482
0.010195242346366718
0.008358450697331037
0.008213695719736566
0.013117422410937482
0.01642857898074115
0.017003351715015623
0.015110188622613267
0.01537767771749773
0.015856697031647955
0.015431678907560021
0.013151927552119727
0.012850024339780018
0.01197997901155128
0.012077441729921074
0.012056773779252005
0.00864428955135549
0.012802016651751916
0.01537822310024781
0.019894388057211852
0.015205110073972522
0.013379823359186204
0.00048005352774241556
0.0003030433899608816
-0.003893792086735628
-0.002303704731685745
-0.0004777925378227809
0.004908884022698466
0.010724838762260654
0.015477783354271316
0.0238240602849916
0.027405796954053263
0.03094365736209681
0.017054233961793078
0.0035421151543616157
-0.007604360090128482
-0.006621689982039737
-0.006278923043760919
-0.0005693961981301436
0.003702705805400914
0.010158609085561906
0.02201061829983498
0.030568538392910773
0.047627751411485175
0.050665733099807604
0.04589774206702183
-0.014185310174964716
-0.01622731582410437
-0.019468224139965136
-0.010122353402541756
-0.005141233912276208
0.0051092454025724356
0.013886776772459591
0.02464676196933988
0.04694972532488864
0.06772492245677168
0.09190799171520589
0.14495547587285695
-0.03660022124655637
-0.060782835742053065
-0.03140798437137863
-0.021847725197474157
-0.007809779069150928
0.001858067889752468
0.012613356344364723
0.032930008994495455
0.05081683652479873
0.10914070832686447
0.23980819411382565
0.604759077567575
-0.25207217713975677
-0.12043039988505537
-0.06937074451413275
-0.028565290621527382
-0.014675675112812262
0.0030771948465257723
0.014890272885722216
0.028683161854588936
0.060726149937536014
0.09760786107715268
0.21124428393244288
-0.8169488574998254
-0.35343129203673385
-0.1872754311747356
-0.0711956912733598
-0.0416747966022803
-0.01298837459183399
-0.0018822922871738427
0.010218970794339175
0.026688670446356023
0.03837084106242594
0.07340770224183543
0.08789308972728443
-0.05184282208443629
-0.17483524259144978
-0.09279632396629856
-0.06217543070054356
-0.028659009108956027
-0.014188367341763177
0.0011156034689658399
0.01079711626014362
0.017208930953617075
0.02897400016027244
0.033777044694240234
0.04415571168307287
-0.009456750405004998
-0.05340296734458387
-0.05617534703708745
-0.03245728786665857
-0.022728208225983128
-0.007366653667207861
-0.0009269378685125255
0.007405036993224034
0.013494489132642225
0.017388897120825846
0.02446769770394006
0.013309753482118278
0.007698925806989886
-0.0257413958665525
-0.02220279339208829
-0.021399118218159086
-0.012183714932267775
-0.005445764668241386
0.0023895430132185665
0.007624076330968286
0.011509080035621079
0.01581736634413778
0.013902407285506506
0.011754274591178901
0.002240447230313868
-0.005433229693475177
-0.010755519969032698
-0.00829130328610684
-0.00709924029415353
-0.0016957810684593891
0.0009702224258741501
0.005623605143056165
0.0119616974910966
0.01172107715503828
0.01364675800485539
0.007952834698561636
0.007451904861625842
-0.0020596056756820315
-0.002648114129612723
-0.004136560536058797
-0.0015845231156317076
-0.0013553377114149086
0.0038180629346422908
0.0075949549989245985
0.009365298631297382
0.013640141767749133
0.011988095036160624
0.011942501822992162
0.0072434360542474405
0.0031966661822925083
-0.001249549726528804
-0.001156277615433737
-0.0023868999493684515
-0.0002568575484345086
0.003383577256150536
0.024195291991637672
0.017625113265155805
0.01706850902701928
0.016130176860542546
0.015431123121269198
0.0176668793500372
0.02322228008025249
0.028395532087162053
0.03646069131781823
0.036000370831711995
0.03493564220663395
0.024727731945402176
0.013547547712981143
0.011242728153205633
0.011589081788372405
0.012620739517169978
0.01256138499704401
0.01370642973216026
0.01350184783697184
0.018364678419538823
0.017617232336217724
0.019235867222798
0.01690063416972645
0.016426404230336183
0.00517447897608002
0.004866947802518406
0.0066254035568767645
0.007185986780839125
0.00856249400600206
0.007528601556871999
0.008084895233586336
0.005708811384557619
0.0052193825805685904
0.0016077370788540393
0.0027228351862615785
0.0013742527745346169
-0.006075123605097455
-0.0007073462142239336
0.00015880413638797805
0.003302816617885564
0.0025620732190504364
0.0031487291261673746
-0.0006972957807645455
-0.004888055306139503
-0.012224424328989831
-0.013735602083601568
-0.01668984640565426
-0.009994896372161676
-0.015196815653838373
-0.009305233200125138
-0.0014864174054213409
-4.1238799246073594e-5
0.0022322096175677814
-0.002564660871562297
-0.007561269964269155
-0.020562448956871943
-0.02770936035835439
-0.04443714547572807
-0.04134769691344073
-0.030114314728055213
-0.027525212353969278
-0.012000437727085643
-0.004125793682750167
0.0007404720469028379
0.00112640139030486
-0.0014591523016550165
-0.016586870136091558
-0.02962305301071047
-0.06440704451348708
-0.08179756854547367
-0.09239164517671918
-0.05370447170946393
-0.032239795808234745
-0.01174772831082608
-0.0013969321761739828
0.001392826097241444
0.004121642453360285
-0.0006013861308992894
-0.011052773029737934
-0.04473759501787992
-0.08499716999198362
-0.25964385498979514
-0.17047961793772573
-0.08906142986061784
-0.020782068075956357
-0.0012174801815615288
0.002671887274049902
0.0074340447963229025
0.007786036453047042
0.010985731328983195
0.0001502320306490401
-0.021117791191371433
-0.08748914203136818
-0.6508064939529853
-0.2856099510901216
-0.06819532848224275
0.037692882846898534
0.01579811691764632
0.015216529255819164
0.0130513059899043
0.016127656994775384
0.019544836602381627
0.0377247501816484
0.05868964649659344
0.13484607180365096
-1.0916522194450549
0.4036151635340124
0.09521727432546453
0.04289808680226756
0.026382785464914946
0.01876570199048372
0.0184527679067288
0.018800502184338385
0.028840211318052592
0.043645795543839676
0.0831252927698073
0.13306015176761093
0.2596874742275409
0.19984817890797732
0.08568410652093579
0.04304839121670273
0.02628509102624464
0.021889893719178176
0.019596270360005722
0.021746297413842725
0.02808614178329162
0.04345054478721098
0.06188184677111766
0.10540689017220499
0.10061040143811967
0.10351068733241703
0.060311861413982586
0.031169283375072222
0.02424604741701524
0.017322130085441263
0.017693344703612824
0.018509771357342362
0.025247913987363715
0.03146959658954009
0.047157164042088036
0.05982180932916244
0.06927414582882575
0.05835794717404981
0.04543078590121135
