0.0010080137644619834
-6.248704466955339e-5
-0.0012194627782226382
-0.0005296465136832904
-0.006512995800778294
-0.0031786613062454263
0.0012180763984680348
-0.0005654926183645988
0.0007727357798114691
0.00017814195880059734
-0.0009249132113847542
0.0008185700169635688
0.0004026083478599796
0.00041526154273778163
-0.0013985031776245814
-0.0015372322448729456
-0.03268799131327487
0.3710694448346753
-0.05486358716830223
-0.028269089693630005
-0.005524744461475112
-0.00020471317816172152
0.004229606768065466
0.00802145858789914
0.009672816184995738
0.008842114288785974
0.004742095775177283
-0.0004619241183318228
-0.09275027718390476
-0.12958928096448968
-0.0791569244345188
-0.034480060681105804
-0.012197151568124438
-0.0025930436047850677
0.002504898531174268
0.004445046761999039
0.0036930783669866757
0.0006028159939365198
-0.01207674605029432
-0.0435413517848261
-0.05838794997867769
-0.06621385105885644
-0.04802658168575344
-0.0265825737715727
-0.013176991978407498
-0.004832779435445639
-0.0020675600866637794
0.00040294285078123875
0.00015735872034307959
-0.0035292867784371645
-0.01307072093488125
-0.028384870746364747
-0.027183235958142433
-0.032042766263906376
-0.023755046934312615
-0.013850715454562653
-0.008308080484465833
-0.004475320569988017
-0.0006447609574494976
0.00011249854085787795
-0.0020447674393166398
-0.0036298895263339563
-0.006620611678327587
-0.018386467261848272
-0.011092446927279518
-0.010988213674760114
-0.009657279149184498
-0.0071397956894222875
-0.005820919908573561
-0.0029161341564826167
5.638453918729988e-5
0.0002707642687195534
2.0894586712916024e-5
-0.002117366471684764
-0.0029144643384707955
-0.006512683898123082
0.0007742966860361058
-0.0016521336064026912
-0.001298304455040706
0.0013305576289699811
-0.0005820394111590066
0.0006231063751982518
0.0007022971445052017
0.0023393893074035556
0.0036945277448624542
0.0010764758798697737
0.0032666235833801625
0.0021083297431651353
0.010221622623705098
0.009179280093997943
0.009259560737957919
0.00719012226080545
0.004465743770622253
0.004471464488412514
0.0028661888028043746
0.004269060895976985
0.0051616164371218725
0.005682785359402085
0.00884611362397946
0.00978983612286371
0.020546312390966097
0.020127287975057466
0.014596248238326243
0.012584400661638859
0.009252018589016158
0.0078044234366377125
0.007969671757403405
0.007484431711413931
0.008244392493689771
0.011031773777887482
0.014526631982074163
0.018379144873512353
0.036113868243026835
0.037868495457949854
0.02875481757422569
0.0184472833828301
0.014001949975743399
0.009562049176995862
0.00822071944518842
0.011855513019440826
0.012661375962047642
0.015472547619628966
0.020230146198679102
0.027417908344149415
0.06298692538479597
0.06390376280459646
0.04639392972583433
0.029533397344656348
0.016882041658222127
0.01054610366403182
0.00907368454971685
0.012576284303963325
0.012673045603518188
0.01826069380870834
0.03220518870471459
0.052347559163653946
0.11499406771057698
0.13816303040737987
0.07395875362154897
0.0330741901293699
0.020157185529143664
0.011643179146292416
0.010182869864514941
0.012205639134808684
0.013518647924417504
0.024992197961455707
0.03913511854398226
0.07292117184330203
-0.6700522572490487
-0.36888354370580434
0.12187935379646352
0.037871354707233594
0.012318962407246286
0.008120384455886821
0.004893501430266449
0.008865060681047135
0.010753253259197309
0.01931709014554543
0.03854976131403357
0.0910252764129966
-0.008546417559719905
-0.004763729877748424
-0.0002255200744636838
7.878473227825977e-5
0.002281168717341862
0.005428774465439909
0.01723555420328933
0.024760532632385833
0.049218474887073406
-0.09872003477866895
-0.04364696746791935
-0.027089247913448473
-0.01097549095544812
-0.003446968614967548
-0.002177047479313275
-0.000317685492248675
-0.0006783489820011538
0.005098608980931499
0.003468365246970272
0.011577407747555106
-0.006905044559955469
-0.028724715709176053
-0.0310699392224311
-0.016092095213168404
-0.005887352456764802
-0.004801045061744971
-0.0002272621732803807
-0.0002844654556787416
-0.0004687768172502363
-0.0005142182214022872
0.001569053328096673
-0.0016795259194625663
-0.0041237331472446705
-0.02003739467393034
-0.013408483382277504
-0.010121907955703485
-0.004631925892544762
-0.003020692566971879
-0.0010602296804448823
-0.000619305007905751
-0.0017320068315870088
-0.0003409866678428292
-0.0024829393762023687
-0.0008869943425488611
-0.005868448028355581
-0.0068400148843034275
-0.007394403501610484
-0.004238085141359927
-0.000789454431486998
-0.0024758555007357973
-0.000677357800461926
-0.002387887048018953
-0.00012666643481945046
-0.0022319112179869033
-0.0005190855639579673
-0.0024964597191395963
-0.0029858841775509924
-0.003335650228520213
-0.0008362879120347513
-0.000298775884693545
-9.751401188112002e-5
-0.0001442520731784845
-0.0019519055003999974
-0.000450696270262487
-0.0015407251915538697
-0.0017423500882340487
-0.0014657592364964692
-0.0004366718756292102
-0.001322613296352682
0.000912856326453952
0.0007732030025373919
0.00270020784225092
0.0032696776101587104
0.0006969475391014372
0.0009721536720725681
-0.0002006490625085724
-0.0004900828843196349
-0.002372331196895453
-0.0009591592264136921
-0.0019519039175781706
0.0008818459796718605
0.00254008900985356
0.0046193496417842135
0.003102852216604593
0.004352869191322324
0.003025269351912885
0.00023431772015983568
0.0009302085918192087
-0.0010590047850008379
-0.0007762019408236424
-0.0033788633105671334
-0.003975081050548039
-0.0022354126326119854
0.0117161567258439
0.010297199616670737
0.007723132206184352
0.008002339089292267
0.002398371784612563
0.001689235395616421
0.0007754325520391936
-0.0017030143558082148
-0.002391897604204161
-0.0051762735675729525
-0.011951492554637656
-0.006466193584718034
0.02083131474661687
0.025839636598280116
0.013578539438783305
0.009987062289325045
0.003742189418722881
0.001770158687765899
0.0016817255071010584
-0.001519568013932816
-0.00013330850272135386
-0.010466052847705883
-0.016771598721870833
-0.06576654727225797
0.11975248384837418
0.046637417946172766
0.02471519111635555
0.0076512205858600985
0.00198966262356537
0.0010625971950431693
-0.0007925533463411603
-0.0009227144615056068
-0.002108529207491089
0.0006742894915306861
-0.045063577094013964
-0.617454126696734
0.44710111769085903
0.10769555389750064
0.017006344546003572
-0.00847287314639536
-0.0002841461015351318
-0.0007422133680604858
0.0019134539684229023
0.002248779405537162
0.009743241315713063
0.017293938350786135
0.08525065046028674
0.48487960351628573
-0.2902518837572402
-0.09354869855071334
-0.014227446785790462
0.019004834199101536
0.07234211597382323
0.15182831009337802
0.16924460453835494
0.09785153240769139
0.04270658238592382
0.018513158255442756
0.006212486592384329
-0.0008343877664573152
-0.0024206252981210145
-0.00276467422240795
0.003906634875320835
0.019661184756423224
0.04468738800828617
0.0784796097552202
0.08067477284807598
0.059988344201674905
0.03363584458108873
0.01742232600419751
0.007902377627234874
0.003028586748105871
0.0004758277714576333
0.0026249300018099777
0.007506181293654066
0.012264054750422264
0.02593910175868619
0.03835357229613573
0.040971631677525634
0.030574445701456236
0.01978547577730181
0.01245619344195854
0.006794838010618405
0.002009203049031436
0.000934187422363972
0.003912828365848882
0.006484415482886206
0.004890346016129127
0.010307010494112773
0.016014496651543735
0.016699556763405225
0.01316418993641078
0.010033678607508837
0.007356828753585123
0.0025567738975135657
0.0008281249961805773
-0.0005382078312937705
0.00017142885543350002
0.0023524893756260196
-0.003859288744300451
-0.0014995041930611032
0.0005937169450522427
0.0031122700274849
0.0014373823718622342
-0.00012419130341500948
0.00029188084379250684
-0.002232830619465936
-0.0008605254672492014
-0.0027007349369399646
-0.0045222396462904265
-0.003028242089787137
-0.012192114813548616
-0.01376503519855946
-0.013892156346332344
-0.010784227831592953
-0.009336533741632532
-0.008367207440003466
-0.006462104375885057
-0.00503551813912804
-0.004916503488326339
-0.006071623834168756
-0.00838063348015376
-0.009766358460039138
-0.0240805787622775
-0.029352342944266537
-0.029367069347995885
-0.027343433006983615
-0.02112240591207848
-0.015820682580450694
-0.012332246717866563
-0.008046691667640188
-0.008876160703207998
-0.010033164507742042
-0.011548675490887733
-0.017343701277445354
-0.03823590640297705
-0.04922772131710171
-0.05952038056087096
-0.049474197344496144
-0.03854200099228399
-0.023758408186517265
-0.016747727788983497
-0.011437426651282522
-0.012135544880832681
-0.015345268927260772
-0.018661017073781316
-0.025740887320650135
-0.058152400247313565
-0.08863453747050337
-0.10925628996254404
-0.08876141549794125
-0.05607730994584951
-0.033929491670792435
-0.019507051193384157
-0.013133360137474407
-0.013440519027989555
-0.01721038456506536
-0.021352636300830074
-0.03544681341828924
-0.08122904923113533
-0.1373535661403804
-0.2307051580595492
-0.17583629553111796
-0.07225844575603053
-0.03391168574990121
-0.019503590721882305
-0.012084991550221351
-0.011776410848808469
-0.01696950727197351
-0.02324225833270623
-0.0437528076126306
-0.07300371831577429
-0.22579126143508782
0.9793368618775433
-0.6069186686811248
-0.060978076707752876
-0.019548439808422788
-0.008267210209656357
-0.006733290352740979
-0.007235104460272996
-0.012752342122918502
-0.02013946340815293
-0.03504085552612394
-0.002406265572069487
0.03977953426687266
0.5380146568363537
0.32443270290382
0.12406004838107786
0.037912762849236614
0.011636399796267405
0.0023088613505053463
-0.003402594747649894
-0.00804960607656723
-0.011037597264563598
-0.012690002898558947
0.0010618720832128732
0.00039981512800067227
-0.01901227069735858
-0.013123254024848182
-0.017346828702276818
-0.006664609599502134
-0.007002525050516236
0.0015755020400310524
0.004163733381563473
0.01191444317164382
0.00851424526964111
0.010724740380106311
0.010791989679910888
0.0015365999202593462
0.005177788271283587
-0.005497480308623071
-0.0012399790209240067
-0.0026452803493109177
0.0015040200456335143
0.0029760531569428305
0.008191181313225925
0.007642634845173203
0.012998080172275592
0.008537403324596435
0.01493635970335227
0.017509998831617322
0.009039024438092007
0.009164897651615957
0.0026569107074567253
0.006389236871337744
0.005067672743161468
0.011231816978866702
0.008499994602650336
0.012894439290709691
0.013014557694460678
0.018206651372346283
0.02688072207115394
0.02056913377766575
0.0268499827114555
0.014590743311773234
0.012610036038142574
0.005918055244385215
0.010977561737478839
0.008804008492492844
0.013990616971459086
0.013657253253110329
0.02125341614121546
0.019914131935694218
0.03535781607599545
0.048172755803168335
0.03365081325007611
0.02982607595837524
0.013773339131503087
0.015292196461795348
0.009338048934537877
0.012647873496550326
0.012022267477849619
0.02117765503384538
0.022001770647163677
0.033557671873741785
0.06571578372999426
0.05978144006198604
0.08192421003963199
0.02646782243505012
0.0225459718761421
0.006227845506422079
0.010255129744841185
0.00868644771274946
0.01880676983866126
0.02113207222187924
0.035110466393124304
0.03736686872964079
0.08274977042723482
0.13407533854417725
0.10293470158474428
0.04787660981649227
-0.001946783454577714
0.00938662927681001
0.0009361830046209528
0.010045623540953265
0.012550486234033193
0.027818226186126713
0.031828779438521096
0.06505973600425193
0.14200813507424132
0.20825520052044952
0.28574291573082805
-0.12914526767393839
-0.021749979323381966
-0.02356634386522055
-0.000645483231813549
0.0024233978144900595
0.015071641730172319
0.022501080043662223
0.046933742139205606
0.061439617626058006
0.1119318230219262
0.27207644970358164
-0.8800620041950445
-0.35280063287686564
-0.1235566924562039
-0.033680875658697866
-0.017725858967696406
0.0008510354755641147
0.006015614407206457
0.02349902856730087
0.03243654732640168
0.07890611377620609
0.04527464796044776
-0.07091887401549274
-0.41865804804253676
-0.22237825471291495
-0.09439673787442959
-0.05984626373623912
-0.017386228760028353
-0.007998914962736301
0.009972415636193823
0.014616075351897649
0.029898489907664697
0.020603674928088928
-0.011286892875013664
-0.023822482917973335
-0.12548257770504778
-0.08760922826726099
-0.0769520787758668
-0.03116728610848484
-0.019260874937093928
-0.0011010506949662865
0.004431336625952587
0.015106080851960258
0.012891703877093295
0.020307608692770596
0.00600466931495631
-0.029154640605515612
-0.03154931662303539
-0.05048066906389349
-0.02721738971405023
-0.0246132168893952
-0.009054150306706159
-0.0027139131200901202
0.00745181645103278
0.009355123679426413
0.015057213199701698
0.004559518584109591
0.047923530818390445
-0.020498071065485308
-0.015009754018597223
-0.026414658839814587
-0.020100716892395013
0.015710154766244287
0.05154511075353145
0.18685531371719502
0.0760932148071179
0.3759931221173714
0.31629902335083077
0.08952592341021912
0.04745397140302007
0.008059774835565772
-0.022401887268504204
-0.010903221185684332
-0.004828450543131725
0.030784779951350105
0.10323767955979037
0.24384321163083547
0.4269305192779656
-3.4280001207800725
0.3289826223159323
0.17089268642406286
0.06289982400479056
-0.00904711435149203
-0.00529245942932666
-0.020151923257328258
-0.01045699253488251
0.03190801549390316
0.0914980802261737
0.30425755169048735
0.34236126049039384
0.10370087884533447
0.20944287894876001
0.15230249866319287
0.01666363932923988
0.002695455854796366
-0.023411643475239444
-0.020889989905162543
-0.012530712034424463
0.0047798201702184545
0.061336503679185375
0.16051685877987254
0.31332250886788804
0.2700163848962336
0.22295919681882617
0.14591230975972158
0.011800702362263537
-0.029206267412323152
-0.03534308449465299
-0.04022294569631833
-0.02684547124889736
-0.014273151263231771
0.00023395935827221696
0.047367662070058256
0.13086246211066074
0.1449709725027178
0.11364172848735465
0.03130307027336603
-0.03835728802972161
-0.027150413169878315
-0.0421929766745652
-0.04180565862502051
-0.03913285174169733
-0.03504600455119
-0.0232727128858057
-0.010284145600881377
0.0030901540487877103
0.05091063402738551
-0.006060812535549919
0.0009470006136485763
-0.0347580497209221
-0.05387577125002552
-0.049775882374959744
-0.04991588786310434
-0.04032287719425469
-0.04733397003516698
-0.04157358267076388
-0.034083534839698934
-0.03185495838588456
-0.025633826922614636
-0.01702808236042099
-0.041075497248520686
-0.04663546999814745
-0.05092691727517579
-0.053384842501632515
-0.04614109898318763
-0.0535709491730693
-0.04970309627691379
-0.04745684791484498
-0.04012955110932853
-0.03842020327639388
-0.030976265132259203
-0.031613775340821486
-0.032624066184461877
-0.03842186097820858
-0.044337783457626366
-0.04705151203874833
-0.04972616043855792
-0.046568151084335214
-0.038182921297664915
-0.04785014795541276
-0.032473873298928174
-0.03396866391036845
-0.026500015869779722
-0.012534691702707873
-0.03397656698585458
-0.026209459267014654
-0.028254578273260434
-0.048153377785512076
-0.046192268263697586
-0.048307396836538764
-0.044970896993231764
-0.037687822388939994
-0.03115490185795774
0.005823680694652154
-0.01879599238711305
-0.0007891403578520508
-0.019263136052430664
0.002609973950754223
-0.03345396514693269
-0.033386205125360974
-0.039027385417742255
-0.041189926928150614
-0.03387397799240391
-0.02780966159131339
0.009743015461446958
0.01482621009791078
0.06818169329901065
0.01734688613008145
0.00784646896729075
-0.0023260277562435366
-0.0054607518139425295
-0.03310504650828525
-0.028278685180389142
-0.033125419277945586
-0.018857838499514782
0.011334454871921256
0.043507273752553775
0.12510375596916104
0.235050163862643
0.13040339878269655
0.046303087424215114
-0.007812498930741352
0.0018059990138579551
0.01472656108670257
0.017028200095868234
0.016195812181891384
0.020019214974872992
0.021036260982596682
0.04192242504033447
-0.002804346873129193
-0.02641995235978292
-0.02984611984740429
-0.01183906226090117
0.003066299724498983
0.009908506298014794
0.01792444415746393
0.014290630912506
0.017613360432351663
0.019580553396219575
0.023701554860040216
0.018555793689613905
0.01932478359235465
-0.009448588596428952
-0.0023200290160770346
-0.005074339800002301
0.006972011667503926
0.00913573593147718
0.016629383719362033
0.014781630493774348
0.013785460006376902
0.01745206595323331
0.020409307262265256
0.0189649075936211
0.01197129055409003
0.008959631064008256
0.0025473167832381375
0.004869441968200767
0.0060760575406346475
0.011511420838113573
0.010656321006005451
0.011764068643689677
0.014123491478614943
0.016574032440823522
0.01668661493659531
0.016294765555138983
0.011566433340271994
0.006921453617641104
0.009563180338851245
0.011448854716481298
0.011019484508508202
0.00884481897307267
0.006144138672509484
0.013599724918662518
0.01585447561288489
0.0070137449454248406
0.014497407291023707
0.0087757359868239
0.01065906412972179
0.005361697296916101
0.013444660204705517
0.006496852616961423
0.006386267532251587
0.01472099143086715
0.007993656158189075
0.016132288404396487
0.01339560235590592
0.010222178147185165
0.0025859040015595706
0.002268950407121357
-0.008154813557632567
0.0010718344065514913
-0.006329102000468153
0.00903687191024913
0.002907215635666119
0.006000650613705711
0.007002995218546633
0.008428026660117138
0.011155802068899798
-0.003861831529173337
0.001260541338175177
-0.029690734087049166
-0.0030794075697821227
-0.023403872469653572
-0.0015567571587599806
-0.0061050395582303105
-0.008092990501457044
0.005978565658236587
0.0039124932426250585
0.010321389497871135
0.0016928942219675688
-0.006442775528655632
-0.039430945059896146
-0.051484671084268976
-0.14921968230692573
-0.03753195010585455
-0.029674296708099835
-0.012771713126737997
-0.007736754685397779
-0.0011146966253078702
0.00720257801686773
0.005855811648295131
0.0030525764263595306
-0.029765124254438564
-0.054059239681369206
-0.10686220351068863
-0.2634945541881909
-0.18544435473164408
-0.012675446841223063
-0.03314231014721538
-0.01736133972934432
0.001120811189723515
0.006171976922005329
0.01002783256595451
-0.002808867598282726
-0.00621297615575161
-0.05522682638798752
-0.17540940578890343
2.314804358691912
-0.3084535364439627
-0.09355673098706889
-0.04061473088209879
-0.019783084446228023
0.004259924978950032
0.007364812921043044
0.010327721036964204
0.004345060922572657
0.007274574026759704
0.006379855055943432
-0.018399596359981545
-0.646799686826579
-0.1576166356490282
-0.12973586751118962
-0.04665059269953962
-0.009589034522928084
0.0013570741397989333
0.01306302860613679
0.014428674942497659
0.017453792651267917
0.012301403877829072
0.03937363823930606
0.008725893677841969
-0.01973528671302085
-0.15660115561066662
-0.061792127533604344
-0.04170591608595397
0.005811622831079293
0.006697612777944922
-0.003164413476720096
0.003791831437557924
-0.03357432554406614
-0.06486289894664916
0.07123180414324345
-0.6444245086708426
0.04471560382793231
0.028186004252363745
0.0075999525088774845
0.010889882068191796
0.01024886394844389
0.005122841208704385
0.008467533842460843
-0.006800572247348214
0.017073831469983924
-0.08819468443878069
-0.534606301504663
0.15771940305793242
0.10377324575861797
0.023886470104350764
0.018147357039697536
0.006166952653290286
0.0036914766437679157
0.00911573810126633
0.001383570075733866
0.014236394025822217
0.000806928388177778
0.07170306389055821
0.05562936519333208
0.10656029436458232
0.05750729648496613
0.04046115538989172
0.010269806199472016
0.01346797856438174
0.006865239470314049
0.003652145960164272
0.009754600363004337
0.00502015181422538
0.02190899401163749
0.01725269676864576
0.05861063995657686
0.025939887089404257
0.04575245468519679
0.0159396310636602
0.015246418519854258
0.007459755910999168
0.003787984693721236
0.007020297016354519
0.0014477469037195352
0.009910269654160668
0.005791695504993366
0.022303747156159365
0.009316118158688444
0.021406282289159875
0.011822425117948124
0.014038289565624171
0.00734863001595643
0.00894187100333321
0.006709145385796867
0.0006196020708701534
0.006051659864779927
0.003648019808503575
0.00979813673598251
0.005136857836859308
0.009178993307994624
0.0026622194427499517
0.010142953542907278
0.004480505118643765
0.011080910161848376
0.005295772782737197
0.0034267862164348933
0.002158601641583663
-0.0006020920166087126
0.006062991398820697
0.0015419263248078168
0.0055101979402082035
-0.001656473605809249
0.008814318205377134
0.0027840150953432185
0.008216869689501485
0.005134300958575731
0.005861410588771772
0.004427924609486678
-0.00033223879099755543
0.0024754481755903343
-0.0003513547967277235
0.0028661143902438875
-0.0018963790378338443
0.004173345922590455
0.0012035090911975035
0.006021495252396058
0.004011196942561708
0.004780064689892555
0.001933631002207363
0.0022262749004445977
0.0033411354762152034
-9.335398065315997e-5
0.0025444916326790522
-0.0005693066888766186
0.0035800568872163523
-0.004167934291890482
0.0023095686878591413
0.001502965109555957
0.0067220021919704815
0.001151858403824976
0.00441016429447879
0.006022228506413348
0.0010124642481017603
0.0025604192725713496
-0.0012599808355878608
0.00027581411009223886
-0.010279782583415735
-0.00075637797860915
-0.004930510144339704
0.005779925652887351
-0.0015195639105903243
0.004907979156495617
0.0035479601884471704
0.003568772665944901
0.0059173898080687945
-0.003496439773361868
0.0014076148166956215
-0.012592905833952851
-0.0040529358669963
-0.022607520259166656
0.007747202282838964
-0.001992754787795695
0.012842188768046828
0.0038187594641619065
0.0073418122065664025
0.006759005026127073
-0.0009472112513483018
0.006719912075422019
-0.008821785969049804
-0.007026650505724637
-0.02771868914533858
-0.015227727043675305
0.00041774507235200115
0.02778652070425307
0.007097839044855665
0.012656910326828117
0.0028399167979525236
-0.009662106051790964
-0.014576352866092036
-0.02106645740936527
-0.02848414018428717
-0.035187815249465335
-0.012555819446492018
-0.008812157153834668
-0.006628119318286205
-0.006616348088037444
-0.006155252019124716
-0.007058374013974044
-0.00799981288134535
-0.008837313834700159
-0.012119084362094955
-0.017290412914229576
-0.019752082963963143
-0.018292992370123135
-0.01277336853177487
-0.0074497544832044914
-0.0069709356185579845
-0.007051019629354074
-0.005151035340749065
-0.005866871949344589
-0.008347603675232261
-0.009546076267479033
-0.010041104823802315
-0.013138100177052187
-0.013259210202084717
-0.01165471170262553
-0.00928464585363625
-0.008575489086151022
-0.008077729914665373
-0.00792816488832611
-0.006238833377277166
-0.00614673818894181
-0.007244626924470067
-0.008643500067176459
-0.006432419445604481
-0.008587674198572065
-0.008808877043285179
-0.009654672490766597
-0.0075401747679013625
-0.0052896987298612815
-0.0071500008270967115
-0.007558325921246349
-0.009074202521586658
-0.005404941255409815
-0.006061578440995081
-0.007725898533318855
-0.005866633635932799
-0.005589617972979321
-0.005795757800967989
-0.00718363190352801
-0.004698997473213921
-0.006145175529545404
-0.006123033518538556
-0.0066846027973961495
-0.007488255392300766
-0.006329395405155023
-0.00650609948880937
-0.003841299359715424
-0.005149569690819084
-0.004976625156734775
-0.005604465739707392
-0.005074495802648454
-0.00689158074633954
-0.005601841933902994
-0.004601212167149334
-0.00524692408009574
-0.004519098489188119
-0.005646171628839137
-0.004981094563476043
-0.0026032510011353995
-0.0028943054427474305
-0.0019422490813593089
-0.0034177483953094995
-0.0050194267172531766
-0.003637382310391251
-0.0059081722289719705
-0.0037176583325770427
-0.005872788319994134
-0.004292357288300001
-0.004243741939269682
-0.003533096738888801
-0.0019120597285143988
0.003960884852094319
0.008393363827887898
-0.0013497994791616254
-0.012608840194132657
-0.0018191341377982477
0.0011443599672204428
-0.003606117491008295
-0.004955207392716988
-0.0035637268932093456
-0.003158342916825881
-0.0036047493368908203
0.003409331469299194
0.00924475046098136
0.017233007402274583
0.041687342101884614
-0.07841879517409642
0.016450204107297552
0.007326411322523747
0.004079991230146005
-0.002725821535289431
-0.0031063337428672002
-0.0029861579804736976
-0.0030981108434765376
-0.0014653049171263356
0.0072657883123683695
0.03371592781520194
-0.7871258100855121
0.8639366484075937
0.10428188858675529
0.031194063814525476
0.0013807801928360773
-4.822720871071781e-7
-0.005032829479184984
-0.0033372181270219614
-0.0044654211053821785
-0.004201535326401591
-0.006951221491758373
-0.004413914003058821
0.05579668963327115
0.5763742975522819
0.07088770715604625
0.0012368530256271746
0.0022435179583441328
-0.002658318329093235
-0.00298680472328916
-0.0030984166447334226
-0.0039351731345173765
-0.008748451167643927
-0.015668324515170872
-0.025498362431238934
-0.043132399131632235
-0.024468736930231386
-0.013524038532690711
-0.0038585343277290013
-0.004466574872590037
-0.002891135327358894
-0.0036987161835105083
-0.0047412423083446256
-0.006561263125103131
0.027301763874550387
0.02899408039693832
0.020770542896761984
-0.0019183952754081017
-0.010535438852068025
-0.014037096471267607
-0.009693715450287613
-0.005454793444379481
0.001826688032927543
0.010273227134725603
0.016189524002668702
0.0212089689405802
0.01854527761667621
0.017749811047192768
0.013910202068079991
0.004961236963910881
-0.0055960062687970885
-0.005634179500859329
-0.005060064321831673
-0.0007863300488687313
0.001056565104361128
0.006723577157110573
0.011647220580830094
0.01726677425202445
0.01666704547853982
0.015580644762304469
0.010211553048264103
0.004318990894195984
1.2382124213670997e-5
-0.0034835274428641535
8.380358624189914e-5
0.0012855497447799358
0.0036069271217075666
0.00559434241029861
0.011542643430073682
0.01310229538709652
0.01593641136824341
0.014163979176547676
0.01127468273796284
0.0049033028775391126
-0.0006797995380551053
-0.0032748843642007603
-0.0026106059030783146
0.0010769495253495592
0.003490670238889639
0.007593325702131817
0.011669643421184017
0.014675053905417982
0.021013852359968777
0.02177919075686553
0.015387025993659785
0.0013015018244668694
-0.004431489380634882
-0.007142516295316705
-0.0044417300731562455
-0.0016322277195114372
0.003955053729805172
0.008301551474200943
0.014321531857962371
0.018960184012060174
0.03408961214745738
0.03795540677188239
0.027386386160975964
0.001002791093998278
-0.016536222436634683
-0.015230558908122216
-0.013326848848888476
-0.00585736800569517
0.002303662422713414
0.010093516846589339
0.01655634336390931
0.02459855957507467
0.058423227972806926
0.07507527527186243
0.06816680637221897
-0.03330487229316752
-0.037621216563718626
-0.03480451741934597
-0.02054309211410949
-0.01171221902664929
0.00036781593542070624
0.011180832167532535
0.021098412987060538
0.039078277282384326
0.09325991012279698
0.14335411689343996
0.25011556158572934
-0.14620442305631035
-0.10542288364524262
-0.05861947985849549
-0.038342838484195056
-0.014834369875099281
0.00010668636144466601
0.015634229612007475
0.029254247553826312
0.05159065884225469
0.11782869433382652
0.24678130694350126
-1.0287835134161323
-0.48559392740209156
-0.20819250314226756
-0.10355925520417483
-0.04535898822710244
-0.022590231266684566
-0.0012375953448767148
0.011784242260510142
0.0318288533755387
0.06323010978907712
0.10980728735184726
0.2000498698023719
0.5528728883668204
-0.2965785945900601
-0.17799737760037432
-0.08815121768788539
-0.04945235427307988
-0.019537127615469968
-0.0036935762021895386
0.0145298176100087
0.03307522388654772
0.059362525662507167
0.07170169945410389
0.09388899748100032
0.09801551121265963
-0.08452556468507899
-0.07127705141935703
-0.054241158393647064
-0.029652234472732752
-0.01572425704617707
-0.001257823649905361
0.010197379950256066
0.027221309460586197
0.04645428983176809
0.04262493448310456
0.05222239378037345
0.037665963117191704
-0.010041979657526711
-0.029722500623648795
-0.026296877352018244
-0.021288548697051796
-0.008360597147912305
0.00037414785423281954
0.009815270550893688
0.018708636661235227
0.03261932471745456
-0.07095643702963081
0.35226143179952335
0.7874814771142103
-0.08943200989693235
0.00032330319996278173
0.001978219411691333
0.004940746485677705
0.0016329946996086358
-0.0046351371879025495
-0.014656925137455925
-0.03136392045070108
-0.06767708007391088
-0.15218756545558515
-0.2785872178354393
-0.18367639498154936
-0.07589876436103608
-0.02352783051313117
0.0024245943246787487
0.00031352496874205557
0.0015325205735727179
-0.0035314437611220773
-0.015358664072393544
-0.03152537259549913
-0.07504371969284108
-0.08314187149212172
-0.08809166790587276
-0.08838894329980074
-0.05437458999464825
-0.006319929855267008
-0.000276642439220434
0.0019561555622035227
-5.505207160166843e-5
-0.00439163447182762
-0.011920928887501526
-0.025001300177319198
-0.045961327553936726
-0.035417805983036454
-0.04018511834347321
-0.032001102931367494
-0.016479252838178877
-0.0069545636297941625
0.0016706572870575226
-0.0006766396379029082
0.0002402249818132797
-0.0042882399892804285
-0.009715918873406223
-0.016013168818792185
-0.024348683291060633
-0.012159096947110214
-0.014662883694473603
-0.008607991717627567
-0.007727813406508708
-0.004599997343003381
-0.0015522020284963458
0.0010045481541074727
0.000597805198766757
-0.0007531582406551669
-0.005265549960450995
-0.006367579937530993
-0.011316305584973348
-0.003062273642362222
-0.0016820572490324481
-0.003881537065246271
-0.0021049869509009844
-0.0017279413594848336
0.0024980107982110807
0.0024050556391360203
0.002642144324656037
0.0018785663743555291
-5.126227555439695e-5
-0.0023963893244843873
-0.00383680251395773
0.002412716278945082
0.001834084976034734
0.003699716056423292
0.004762738477048088
0.0032729886853170133
0.0020321704167635467
0.0035143690864098045
0.001421270280986604
0.002158505142163978
-6.850952113229462e-5
0.00018758944977279794
-0.0003430644451205701
0.008107606496963083
0.009621636615644441
0.009071064357926697
0.009110245407779508
0.007133327523821486
0.007908716542401667
0.007152763577830737
0.0030701867490144858
0.000548146060651836
0.0010931172266277255
0.002032827543266771
0.005074127511779634
0.01255100486224331
0.01880788449649711
0.02096762978037571
0.015475535745797303
0.012243736860336361
0.008777987801706126
0.005288019146832435
0.0018325461479676841
0.0019017928806967092
0.002984797736314566
0.0029252037719449888
0.007086536310071699
0.017565439706411397
0.0301753688740337
0.030302115974579075
0.024880089102095465
0.0134267447704765
0.010462500064866733
0.004704165773688745
0.002782210186450718
0.0030317252305103832
0.0034068141135276033
0.003134845742769971
0.00868765541387446
0.013089982959363644
0.053065397258889195
0.04333346905149718
0.027737571668791566
0.022293438074736813
0.012963575784576697
0.010708564052040357
0.003977420081150916
0.000539584865328949
-0.0008565816454163886
-0.0026102757103351306
0.0022961826941105988
-0.021173907032620624
0.07395022769585108
0.015683357985048982
0.029004787437021527
0.019607337037437535
0.015550000537926543
0.007580387205971293
0.0034609046544383936
-0.0020922977306669388
-0.008613063843697732
-0.015923465660726548
-0.024446573542413266
-0.05879216990213423
-0.05261383242434217
-0.02135241138037665
-0.0190442968954776
-0.005963373431966214
-0.0037438871580017926
-0.0018091707339285353
-0.006864138661615469
-0.007552569629001198
-0.022511393459960345
-0.03170787166799545
-0.06591093586027764
-0.13821305964304753
-0.04573128795705984
-0.03975597298515486
-0.010241944193275591
-0.010550940880724743
-0.0015554001092453825
-0.0038018795399719415
-0.003177052138829867
-0.013580734109762786
-0.018659995686083498
-0.05683753742271811
-0.07745112348172
-1.5442519577876073
-0.21291327176749283
-0.016589726905894546
-0.01572142650734294
0.0012086892272082633
-0.000848257154994341
0.0027890481612333523
-0.003812395741693499
-0.0023939467413358344
-0.024029678278925375
-0.025725574429999978
-0.4701292500982793
1.2648019099001078
0.2441404928858771
0.05191468086401428
0.028445190946054792
0.0065761329033358715
0.0074756636544885124
0.0013149607430767668
0.0039141871528923546
0.0012418125902983516
0.015874460405702603
0.017573772332214594
0.1802208022174001
0.20091693074158173
0.1133584882369466
0.06928363452118504
0.025656801481034542
0.016436303926052272
0.0063043487787348956
0.006333576601204649
0.0035954875007784227
0.012042226471714167
0.014505170173198509
0.054494445066030316
0.08615992094550172
0.06637276103908445
0.07805523113579173
0.04046792727201673
0.0288070211538073
0.013183757014668854
0.011411382795385115
0.006830310137197823
0.009165509960116818
0.01006908553228083
0.024407996570872233
0.030876210139175377
0.06719297767488491
0.04575764367163148
0.0343756720827193
0.029240375334580494
0.017451099530143642
0.014303917667103453
0.009881546592784523
0.009416905012736405
0.009117166511581244
0.014692783626610391
0.014160022302705261
0.026807286579259605
0.03125970234462623
0.01989060662099704
0.021976281014627005
0.014810779069508683
0.013945494103505164
0.009146126391523788
0.009156135197680148
0.006560349881746694
0.00835920526342884
0.007197244814889085
0.012132201662623443
0.012424327229213928
0.02125273075680465
0.009809223631174617
0.008539292529637827
0.009534814518849265
0.005205095405571851
0.007053664836285074
0.003333623675436916
0.006878498801854125
0.004101587745773978
0.004995820063368736
0.005487300884095904
0.007257341366994058
0.005553428537685949
-0.003953851812410593
0.0004555241526930132
-0.0011836981084602533
0.00246146246873012
0.0008954659137056385
0.003095653504273886
0.002874728815724912
0.0034557029997362137
-0.0013734224675628838
0.0006462380091906487
-0.0030246018773016706
-0.0004588514543180356
-0.011909088098327969
-0.014227441217417596
-0.006174145409649543
-0.0057988179596464556
-0.0017862987172274762
-0.0014766098119198996
0.0007740807806743917
-0.0004284830482159096
-3.9329720655207495e-5
-0.008335711924109729
-0.010187282936335912
-0.016680111958668645
-0.04193718173989059
-0.02315703907325797
-0.02101997512544958
-0.007406761448218594
-0.007239149774795183
-0.0010809657004815726
-0.004079655996765293
-0.0014899306677448084
-0.009184930034834856
-0.009993960274686247
-0.024431169454525663
-0.025046529647346737
0.003651667113254887
0.008870381699583332
0.0008919915151543532
0.0021647923246455912
-0.004774684538216684
0.0004075699043762893
-0.0031407796080258005
0.0043297972887859255
-0.0009155094438068549
0.0091270964102007
0.0028359356014632836
0.011622880254889213
0.004259648450971156
0.0013642226591695553
0.0019230163927275632
-0.001834843650186926
-0.001192167555647126
-0.005762407145709239
0.0021091069208896075
-0.0036927036064934105
0.0013417554529486318
-0.006830743994185964
0.00676645337985962
-0.0003617932030841606
-0.0015282462373377686
0.0011785577008755598
-0.003701508168037646
-0.0003429003893765613
-0.004877405198548047
-0.0031148792441554516
-0.007072533689393722
-0.003440944214112739
-0.008619832568026828
-0.0018236730140585213
-0.004800421819741366
0.0026219603805825806
0.0013319229775153527
-0.005167759451415823
-0.0007610693629740673
-0.005438433373011968
-0.002937379225332534
-0.00841750607060923
-0.004661556326392026
-0.011496533620304344
-0.00453833126709571
-0.013438903725045625
-0.00546721200503578
-0.004788379517385267
-0.008445284396920093
0.00023638973062106695
-0.0017440312181093416
-4.408921650360148e-5
-0.007863697027710902
-0.005924152783978128
-0.01221410709808003
-0.01202504976604694
-0.02636722290093206
-0.014888055347751429
-0.01647097784149521
-0.0027625239858343423
0.004849465080667848
-0.0021903223212653097
0.001906013994137915
-0.005082259054242522
-0.003897614007867882
-0.016206624295349636
-0.012437895818399618
-0.03441390337610177
-0.023322420280080136
-0.04805107489654996
-0.004618857516155073
-0.01228347275115318
-0.004914036655617963
0.006870961977941284
-0.0025401133972240302
-0.0005499437525118598
-0.011928197710262895
-0.0055900093744749935
-0.031228166232030244
-0.03552700023394216
-0.07014360883463545
-0.042530382062397266
-0.02543819014765474
0.016550084870318296
0.022378422020716483
0.0014224718459024215
0.005780215292056529
-0.0023588147761249194
-0.0014806096003379336
-0.018247155191235417
-0.016972811653118685
-0.08469224829569684
-0.1320092593249435
-0.05030134663972723
0.42423957477378504
0.02922568227130983
0.020792779626355895
0.015302085563638304
0.0011896148408252177
0.003920956365354534
-0.005339244664954798
-0.004762848843327184
-0.032818953107247986
-0.020786052874899263
-0.17287432152394563
-0.6965624464227029
0.26976053354149404
0.10555641964663796
0.04848786016806615
0.01120968112160201
0.011274184731142682
-0.0030626932375145345
0.0007242474029168096
-0.011662994973694985
0.004908712388380914
-0.018030244630013733
0.08315660255189997
0.14314218802764392
0.16950649347196714
0.07827435285799972
0.020226288793665104
0.016476960837791845
0.0030637479737029042
0.0009148889946114507
-0.005124039574607866
0.0020597541227479724
-0.0053008376288392264
0.018373544102607543
0.014413890461318265
0.073779877891535
0.03946288350209857
0.05541963215858049
0.01618482396219237
0.005808638668445189
0.006080328446763684
-0.0021147431399404755
3.37867763129813e-5
-0.0065568630453874234
0.00441950567158106
-0.0019660997396706665
0.024331440756899893
0.01070277937524639
0.028566913345766155
0.01422451747780006
0.027318740100517925
0.024725060859569055
0.019489513279833327
0.008887656248782015
0.0051538207994346035
0.0009961930443753856
0.003050514564888988
0.0014995432249446307
0.006545850728436641
0.009603539871982938
0.01690118351605057
0.021629461982374507
0.008351334374758322
0.009443697753785507
0.005247564600537295
0.0022308532270495624
-0.0013239594526478333
-0.0014898130436720813
-0.0008784267871727687
0.0002327748920876848
0.0013674878015606593
0.004837044243095994
0.0076227864099646745
0.010761046527833783
-0.001293229137825574
-0.005066296335527733
-0.006758299958748299
-0.009154365110682388
-0.007132121165077925
-0.006225825473607342
-0.004124415812405488
-0.002071623612516502
0.00023857726031702734
-6.097248262778139e-5
0.0005131397180472268
-0.0007290513925479092
-0.013584897525188221
-0.017003130805728225
-0.021248333920264883
-0.01636064423977152
-0.014304270990063693
-0.010840067606662328
-0.009869558172637922
-0.004472519617792995
-0.002775190776103026
-0.002417010295802823
-0.005498003743507879
-0.007509717698684822
-0.02378630992734982
-0.039000543693128074
-0.03764218061692175
-0.030538754526694904
-0.02180964746039251
-0.01722660070118188
-0.010359409661375107
-0.0071955251804595305
-0.0033284294683228704
-0.0062679900947872035
-0.0065396629599640795
-0.013921429776078404
-0.04154107083727672
-0.06426448706688899
-0.06719591499641506
-0.04379806364947512
-0.03215577387252038
-0.020317279596493626
-0.012741044585941441
-0.006006625414248234
-0.003745636087536201
-0.003305966361203453
-0.007968474185785352
-0.015404682260696202
-0.03677047983905341
-0.14489790677647185
-0.10283012771197127
-0.07055288294196217
-0.03721587177054249
-0.025047020327069052
-0.012480442582031463
-0.006506264612417801
0.0007119240743720187
0.0009444268704316539
0.0036365014944533362
-0.011700486725487867
0.04868776573742116
-0.47365017489009253
-0.15391444589679362
-0.07448668992384355
-0.04205934317644425
-0.020578192407661886
-0.011822113412753249
-0.0030980973624534294
0.004012114518286969
0.01578450323026236
0.021029051961482168
0.03562119898485055
0.26549088372306995
-0.9390914846584931
0.4014813042311715
0.00721949307478249
-0.011215146036743496
-0.013386415006084711
-0.005796519914156619
-0.0009863901765033794
0.01126429046090196
0.025910165724277522
0.055980471084834435
0.11135910015910085
0.18446040540444755
0.3445723487837718
0.16207915444651724
0.047022846442778155
0.005025281021784439
-0.002071353789362489
-0.002813513594131813
0.002676545820656615
0.010240785781589405
0.030788378556909978
0.050974513660769265
0.11833917061360512
0.11265186628017891
0.10422723140085706
0.0905179954544333
0.03135187405788027
0.012068990315800254
-0.0002862486212253699
0.002019612725088025
0.0033791041332478303
0.012483825323901191
0.02281508592207221
0.0453992512433817
0.0703201756479722
0.05148936836779738
0.060191734719060974
0.03669461807580567
0.02120510900472715
0.007387045197393261
0.0022952131260807617
0.001991089801670433
0.004918269470536047
0.010151201006426224
0.019027708802218952
0.0263414693648133
0.0451230092843347
-0.11421661289603102
-0.08479477047958589
-0.029161813006554536
0.012177198450361179
0.0009342612772469208
0.002445301014760353
-0.008391166781375322
-0.01077979320058715
-0.021458397769501373
-0.028951480558086405
-0.056021159420507484
-0.06899255718695564
-0.05439836306586514
-0.059242618432049185
-0.018637243858091585
-0.011681990767333242
-0.0027966191671637947
-0.006552347087386541
-0.008177984432755216
-0.015009064116809594
-0.0181479712369323
-0.02897188341091089
-0.03434666696898353
-0.05446080529667536
-0.03876423164333475
-0.029050491903670223
-0.023595384811306824
-0.008723376290880644
-0.009194259047882127
-0.005344239603740721
-0.010460259464877776
-0.010998993304705737
-0.01702063465460302
-0.0188962354934423
-0.028423919914333618
-0.0301148572165375
-0.019098933147250138
-0.020632390146804628
-0.012433044197287805
-0.011234427883153526
-0.006853585095657358
-0.0092694224523746
-0.008716670452670345
-0.010686167634792533
-0.010662525302471224
-0.01730393901353217
-0.01779516219024354
-0.02295193825259274
-0.012002118921645384
-0.007298471724176619
-0.009608925915942815
-0.004033574497496262
-0.005039639473693997
-0.0045932135352361085
-0.00892651879300378
-0.006381480554333808
-0.011602548575688364
-0.011310123893671885
-0.013245353891452148
-0.011346182936403765
-0.0009107053800982331
-0.0017243245094589665
0.003908273798312386
0.0002574571608027949
0.0016171901686081109
-0.0022356816841414225
-0.0035389577730399477
-0.006714783134972872
-0.008394798461359746
-0.011390946281743794
-0.007394285097602112
-0.008142042373338217
0.0036285973181166666
0.014700641722375422
0.010709493896469571
0.01368714584493382
0.005514134568843821
0.0043255366334938586
-0.0014275225339206747
-0.0021593515626896326
-0.00784730625343059
-0.006708777492165286
-0.008968694936219102
-0.001451244818475755
0.022143953439562648
0.03134856424769153
0.043052319528352215
0.02430417270597271
0.01977234020831454
0.007670759627406833
0.003592457632530476
-0.003240330871769616
-0.00601960566504996
-0.010404550813499674
-0.00555873287689362
-0.001934222252920817
0.018299313426165323
0.08967164173302618
0.07075596809483185
0.05810682563372346
0.02406844726670276
0.015586792126674959
0.0012889362242738194
-0.0028833374294819757
-0.010982297790565905
-0.010500115886213341
-0.013822764830291887
0.008823756446260331
0.04956277021293725
0.3711789799132504
0.16227113382862313
0.07062599956989597
0.046850234502952046
0.014407283508062746
0.005189665354858595
-0.007264518175862038
-0.010825035438599796
-0.020891607767975412
-0.02058233422835615
-0.027783485033792066
-0.29466485093839084
0.7307419890696278
0.3833263905724903
0.12927245014387698
0.03597974539688994
0.020150960844789168
-0.00037826372067447777
-0.005141123811067911
-0.01860723570863495
-0.02805940313160019
-0.06425839077150684
-0.09766666945344502
-0.199505034749368
-0.3027985640085349
0.11723433294790944
0.04449815205223261
0.03416041578744522
0.0053936582675604815
0.0005575975860507743
-0.011367459536250088
-0.017547570316724333
-0.03896350756725402
-0.05315127855232002
-0.12057697622716508
0.004453383441298569
0.008912287589047958
-0.006346502623263919
0.0025036643993108956
-0.003919144354144243
0.007574805683240827
0.0048717179766699
0.01069809466156746
0.009283007657957226
0.009860336523220636
0.007143912042736397
0.011673185506606617
0.011192560001735604
-0.0014223585044728358
-0.002591421377981196
-0.03871182745700597
-0.0010505580642883217
-0.0003018371311005781
0.012504479292345846
0.009285431671764445
0.012139533278183073
0.008878848811464331
0.012393942111877729
0.008348254986777635
0.006034852418350561
0.010870507560349544
-0.031928141118016756
-0.17317105315938836
-0.03394685641299504
0.020896857750602512
0.010376651406142369
0.017822513004836598
0.01102253896311088
0.0124769034278275
0.01002833872420175
0.01417824728873101
0.025382322996202272
0.010873338432674412
0.39392590666492255
-0.7418265286464678
0.2571883951351151
0.04359417109178884
0.028459176416530705
0.014078666680477055
0.014106091490719461
0.008931964945103628
0.013278805267832462
0.009106674887832936
0.0029699977626928484
0.013109621100600589
-0.07218739481915572
-0.5583587690530416
-0.07127147032821497
0.005489808056830254
0.006773311822777342
0.016207763217838553
0.009980640329855612
0.01322603041240191
0.00880390338571485
0.013366887179282097
0.01281147634415528
-0.0031159317569222785
-0.0005316987255604179
-0.04812118447669402
-0.015711071907648973
-0.007050918490560385
0.011782575232352103
0.011220024850584865
0.013410918383804649
0.010671261026250604
0.013453635357948407
0.007709644056476058
0.00373897204228448
0.00784652853668932
-0.005702607324390162
-0.0020976512665683332
-0.01154332683322545
0.006221320053259545
0.006208664087588971
0.011881576228398387
0.00982596166882304
0.011720715512417781
0.010658818975916824
0.011537175344003366
0.008696498493091185
0.003561731687976663
0.005636603444276878
-0.0013751196530111958
0.005156983145668124
0.004472421008150354
0.010005955992823308
0.008271292370864242
0.010062368559294661
0.009530810217560984
0.009904913466119497
0.006838468898787797
0.006582007646313
0.007208129073076216
0.0034345527048261154
0.0062520518802730496
0.003960341715453567
0.008687031393714306
0.008392511435157372
0.010320941695121256
0.008429660991498352
0.010923101593933782
0.008487930350425903
0.009096762978592602
0.00792517208367892
0.0052963178579796275
0.008438845207790223
0.005486791382289061
0.008069050186005455
0.006857874460659253
0.010295300281516255
0.007226009089846718
0.009450554286747856
0.00899161854748068
0.009614230321133099
0.008459273236176944
0.006330339795732531
0.008089512935321976
0.004957134906585873
0.006338806578826063
0.005542473226002732
0.0077982223651036076
0.006728431834975465
0.009281575702496677
0.008742990379441463
0.008946217111056275
0.008181648238990948
0.01063964371936145
0.008443668904637523
0.005809205370498405
0.005909489585369939
0.0009020860184759798
0.0067549443166087745
0.00502986179601985
0.010182207184938204
0.009001600944245503
0.010763753728000185
0.00822224659002466
0.009450007110145472
0.006735596982800583
-0.04190838990827819
-0.019306075839124567
0.11936336754743153
0.080354654448948
0.06491878676574603
0.03904881712427057
0.026370743787816515
0.011569937442011173
0.0032800870913224298
-0.012671471120396367
-0.026240118767253403
-0.03921892706322824
-0.019442552266366847
-0.001865101151819423
0.03140049764995265
0.04421425093995047
0.03813781063786271
0.03393669526904269
0.018909225047028612
0.0112794676987875
0.0018386968875488822
-0.002717486673099847
-0.013797118432838406
-0.016143586186369123
-0.006242576391411281
0.0009086597685404042
0.017840013272868327
0.02302479668812655
0.027882644940856842
0.020662009412844268
0.01792963819809381
0.009725718813347717
0.0036090081816989015
-0.0014930182739569169
-0.004334790073521954
-0.007986651926612968
-0.0006831591190964309
0.00381665392822063
0.00941276599506869
0.02017647204893879
0.018230184215806067
0.016669443836344305
0.013458794427957735
0.010545131139574587
0.006120395366558613
0.001726204223702011
-0.002878271096530637
-0.002012065850840338
5.645795968835319e-5
0.004607147262252037
0.009812911408957539
0.012822208084781482
0.016252566346413085
0.011380809204137548
0.01015956982827937
0.007809199640696392
0.006041423765737243
0.0006609034254821493
0.0011810780060309192
-0.002191944881274968
-0.0005026654346673215
0.003829271439409594
0.008918443336760767
0.013918828562006038
0.014937127742596396
0.014380628364181669
0.008433436678847463
0.007763309569915653
0.0036546304692772922
-9.131397626819257e-5
-0.0028697852933145655
-0.002584369338190341
-0.005905940883412085
-0.0015573500701096272
0.012276048843091476
0.01782032837886848
0.020037102527019488
0.0143191044698993
0.012020973823591595
0.006727090573271645
0.0031472782627143957
-0.004351158626908604
-0.006853848712564664
-0.009133934611246886
-0.026233523624918494
-0.00875710645018987
0.013565544899149686
0.029611936899374223
0.025085367929640452
0.023908558356144843
0.016153953464919556
0.008908840473462454
0.0001676734007454361
-0.005430154957598949
-0.014046666287151763
-0.02134258675026851
-0.06320535187025463
-0.055908075430300276
0.05780984490117678
0.04827655919976921
0.047029601329361785
0.029048730072712987
0.02243722520115387
0.008346199333310853
-0.001154583683347283
-0.013244956208970312
-0.02739518048006468
-0.05147958312618399
-0.12066808539488744
-0.18569469161420887
0.18211630018387964
0.1163697727174348
0.06330315518009226
0.04906754480651055
0.02413607827301865
0.009994045954496114
-0.005833643877467266
-0.018268975525401403
-0.04705317907655589
-0.0923347935876775
-0.2507035374777979
-1.3102747278531788
0.4136855437812722
0.20879773962179293
0.1130843059840042
0.05110857298606929
0.03350358480041629
0.010636876026123591
-0.0001492957468692659
-0.022648021924265682
-0.05627148942690588
-0.12393435338630307
-0.11822901867908858
-0.16231415749300468
0.337556038846657
0.17088723089521843
0.0877958463756395
0.05793386914060166
0.027415962531582266
0.014574120274162147
-0.003477061566093162
-0.01961706770110257
-0.04501056345453755
-0.08258197096462568
