0.0006584467839415258
0.0017636903831645613
-6.052204393700984e-5
-2.7597350216744575e-6
-0.006231035556372959
-0.004727536623132493
-0.0014853479013808037
0.003019375963010244
0.01613539931534104
0.027306193333259256
0.043569791796628406
0.028742750963181667
0.021284415532315908
0.0074137317862315805
0.0019452492177835603
-0.003981890505954842
-0.006636016794368608
-0.009207678366950817
-0.007791645109848468
-0.008301153096249172
-0.006521903221261304
-0.004998714242136208
-0.004044123532954379
0.001116993588622734
0.004815709930632722
0.013285870264657024
0.01452349637336417
0.015535162177255655
0.00852263749821889
0.003422834754674041
-0.002411900897163772
-0.004448569193768245
-0.006737420955387192
-0.007733004603317369
-0.008763958357923426
-0.0076787336795008845
-0.0069810856016232084
-0.00683621828509619
-0.005096488778361476
-0.004313244971826089
0.0010206539422512174
0.0030243317610931736
0.0053588417142095114
0.002903972351341802
0.0017720058629595269
-0.0013837506888833022
-0.003707402131048475
-0.006186973667652954
-0.006965157671773409
-0.009191330842046538
-0.008636740205635773
-0.008691399805531868
-0.008975871181564449
-0.009178977061321801
-0.009071170798135965
-0.006483947172822337
-0.005644547840846172
-0.0029522253009582546
-0.004011880573605416
-0.0036956885573292183
-0.004856761392737566
-0.00558662578291177
-0.0073916798212800144
-0.009378264057507297
-0.010018401504516045
-0.010494021757341146
-0.01078428347584873
-0.009812292605343649
-0.009843333234088
-0.01264623450682682
-0.01106696927303041
-0.010858993474235726
-0.008550730449935482
-0.009552832124703113
-0.009650102171505054
-0.00924565289068495
-0.007727556557931864
-0.010299968278583909
-0.011502466086998125
-0.010976337694784805
-0.010685438708964623
-0.013027506884285773
-0.011033585023992433
-0.011294869533249026
-0.012360549583515422
-0.013166771136312688
-0.014253775021382841
-0.013552335996454284
-0.014126094471782914
-0.013783050501589456
-0.015343139963131719
-0.012945171678455457
-0.013602929680229843
-0.013586477106498839
-0.013771356684764015
-0.01221452585660329
-0.011764945490029828
-0.012648111753392869
-0.01279577684853693
-0.01262140544227491
-0.014672450425145346
-0.01515544200276875
-0.016024655375211624
-0.016758683032047954
-0.018411511615179163
-0.021383067612745933
-0.01955081673391122
-0.020109908099309258
-0.019565573297605346
-0.01848134783642823
-0.016165064036360893
-0.014526637464629519
-0.012334084325050176
-0.012983256734506645
-0.013381545880866954
-0.013859148461648306
-0.01796842881422986
-0.016460157255997684
-0.019400035191095125
-0.02242649659337447
-0.026218516436683423
-0.02632450193354141
-0.0290035584536974
-0.024893443758209968
-0.02539523003516137
-0.020786148958199892
-0.019169726110567574
-0.01528831080845097
-0.015062336199494923
-0.01274494427633701
-0.014992456721731428
-0.016498772998681008
-0.01737958935282466
-0.019184031762921647
-0.022789963706645308
-0.02802395412935655
-0.032174394091921035
-0.03972216571939903
-0.037842726059191076
-0.036743552619534596
-0.029727112582853883
-0.02432315515334618
-0.020308144826136083
-0.019485483595736142
-0.01594550936061595
-0.01522464552991019
-0.016017294864261847
-0.01695984382954965
-0.018776583475757294
-0.02178748736785486
-0.027655086365038474
-0.031449426229239
-0.04427501412669468
-0.05291936269052493
-0.06541471788761831
-0.05007365325649161
-0.039118182956765495
-0.027248619046657617
-0.02332245970761561
-0.01807064964193464
-0.01728884318264854
-0.014924378767314015
-0.015503149051748679
-0.01693191956051465
-0.01745099348624299
-0.02261907822680327
-0.0258608919016006
-0.040885393728972826
-0.05352052839069448
-0.09415820810673287
-0.09318812842849451
-0.08028442062922221
-0.04301889032837115
-0.032532753046385914
-0.021830968689755155
-0.019019959783967373
-0.015796986116041002
-0.016640450040028683
-0.0162284257258551
-0.016085380520375312
-0.0181940859945488
-0.01878986193873252
-0.028901602660328627
-0.037087532846249785
-0.08185544638073515
-0.12087843897882977
-0.275022338734183
-0.07465555735063327
-0.05985999367176433
-0.026563303163782016
-0.021705805927596765
-0.01468574468636576
-0.01461966401537735
-0.013751114621845712
-0.013943338426454425
-0.014159180776428946
-0.01363277885907116
-0.018042234989096725
-0.018364285160479075
-0.03823541836571098
-0.05915888723133665
-0.24028017584422592
2.089489100370889
-0.20230787594365782
-0.015911376339944223
-0.018395173798678614
-0.010681801087425846
-0.013177771891293199
-0.011112221282752186
-0.013733844661712138
-0.01278396530949831
-0.01358100010784973
-0.01362696019312198
-0.012683671639472129
-0.01313878062351962
-0.009268335921076285
-0.017577575640984267
0.16832744824924603
1.0033481581734391
0.19440400236434133
0.027151427984612873
0.013295255538349449
-0.005183113805515827
-0.005443837404943252
-0.008655029857563326
-0.010541571075676045
-0.011761422435362764
-0.010827513284624623
-0.009332094945831341
-0.009013872353501073
-0.0025587223984283192
0.0008487125612172702
0.04088702640976845
0.0579594315684799
0.27332449194087544
0.11029801330794206
0.06119361759191223
0.013949022462966407
0.0028156474390873404
-0.005217753481930493
-0.005863005519158031
-0.007936213823421573
-0.008019719694540782
-0.009882273957733969
-0.007269621933569809
-0.003636806730418201
-0.0018241139312408898
0.00878193403359792
0.020724815693873036
0.06082009344388386
0.07481872059279684
0.07628571788441528
0.030396271324243454
0.015958661622598312
0.0011560230435540804
-0.0021330525343116126
-0.006345026359948968
-0.00638784977341417
-0.007693021260405051
-0.008405361653415166
-0.021860516546613425
-0.01238964566622802
-0.009380884143316602
-0.0019959269496555108
0.0011067536157462101
0.028604681064082822
-0.005463760221763288
0.057737143292691806
0.03805939152564964
0.04222065083623573
0.014782079574350373
0.015438642007592195
-0.0025700623053842462
-0.007660443068259346
-0.01922990451236548
-0.01919251083177914
-0.01537396029845853
-0.018269869916240897
-0.022409228614787235
-0.012253850743656924
-0.0036367730578016097
0.00015765733413839858
0.01638882753748157
0.009317502595383002
0.02106957577088566
0.01690882443721389
0.004473846008140683
-0.004485548062718527
-0.00952575371701198
-0.008425964466740734
-0.024173215244746738
-0.02252753658547211
-0.02305199654859924
-0.013041820133148299
-0.022925167294242026
-0.01757099825095742
-0.021971158909457077
-0.006797439574034458
-0.010983288964677476
-0.004986446460469145
-0.007467458963322327
-0.002589594934424621
-0.0019496131254816752
-0.008749879638247011
-0.014894063130273898
-0.015182494386766832
-0.012375136323303476
-0.015510855831744679
-0.015169266839242322
-0.028260694905518694
-0.02168811549289557
-0.018885187276649625
-0.019758446161467765
-0.01789469442938898
-0.0051555508503131255
-0.005785965471267959
-0.003968167546597603
-0.010895265041650068
-0.011617156734279481
-0.012628103384629915
-0.011969061923653488
-0.0138194078483404
-0.020506429591300376
-0.022464796045593594
-0.025374995807808356
-0.02051822730716425
-0.022694921840998104
-0.013837138298810406
-0.012911303261635991
-0.018197566205459675
-0.014682329402627169
-0.010837232433788577
-0.005337127870381372
-0.01717568191909781
-0.016654484672233492
-0.016751127112397027
-0.016472649424780748
-0.018552853855681565
-0.027767159202782256
-0.030664349172149986
-0.028198878424160675
-0.02530405880760702
-0.01723081512046922
-0.012002011683616505
-0.015438621475613899
-0.009607373690222685
-0.01212694387593167
-0.015094951425984441
-0.007403836497205758
-0.021940076392725615
-0.019158664954467115
-0.01628932579487769
-0.013112455579748135
-0.018666920550302713
-0.02173826668862337
-0.027561990760488476
-0.02351470143137678
-0.0191760529699293
-0.014946786523057816
-0.005766895471798365
-0.01631405364761739
-0.005680770171156875
-0.00890716043793978
-0.0022059585560784524
-0.01741491864260469
-0.01866555536126113
-0.018684426339999016
-0.019883035729274197
-0.017920630257267693
-0.013291475334819582
-0.016436088549259084
-0.022208870552838947
-0.02030249547033934
-0.014175631347965751
-0.007520908083594932
-0.002942467792255047
-8.974944441230174e-5
-0.004347705422312402
-0.003970359228306749
-0.0025659029147616333
-0.005419339928076101
-0.017716090129815967
-0.016134300953856883
-0.014481407185974019
-0.025591943443938874
-0.020084626005936534
-0.018886126208072375
-0.025002828741623743
-0.01256313954862743
-0.002548142148872239
-0.005511409076836494
0.009057538192393692
0.017405767187899737
0.02536125299021877
0.013635506164294743
0.0067157619574192955
-0.0034212728397128678
-0.011153692883404079
-0.01620440726120891
-0.022549021527666704
-0.017912683388092182
-0.02344698553169881
-0.029136662521636308
-0.01980383216118055
-0.00921974256675367
-0.002751587876015489
0.010133651603602778
0.013162219992996022
0.03899329770062694
0.04139592949795303
0.04264767289064259
0.0115811421961609
0.0016090352158095883
-0.014055018825701803
-0.0057497011112809335
-0.0186197495396178
-0.020344538017651705
-0.01669397023335959
-0.010119536876606874
-0.023946164771971035
-0.01130873293120122
-0.006206190102683703
0.014470988313096492
0.04095563545280057
0.07268219865750754
0.12146217538908279
0.1120879067662822
0.056957234399213276
0.00427911554325602
-0.0014854725561186581
-0.01756389317665796
-0.012342654159485919
-0.013049693491133696
-0.013604198182246594
-0.012325967232881879
-0.015363869659722754
-0.004183437236550644
-0.0029315011032423916
0.02790800828473109
0.04895643788866729
0.15194644367644533
0.21340925146277992
0.4476267698245969
0.1424932710227588
0.06663809453065467
0.012690519509587885
0.008315991822557373
-0.001583857705397488
-0.008402776005238793
-0.012448509764924834
-0.010243634166907467
-0.011532188608208668
-0.013881636496514244
0.0013740305888844313
0.006348526373295761
0.06360952717111595
0.14198404813613802
0.43718385862382847
1.4486115487205475
0.7368744757862631
0.16278591724697927
0.08503913192354973
0.01555547985016236
0.0037887519091122338
-0.005400144172152571
-0.007303809236150246
-0.009738468823635752
-0.013507018550840336
-0.014367077502920239
-0.011775484345242034
0.003556860533650585
-0.02654794556599869
0.027391296849274306
-0.07869678889655031
-5.215462755284144
1.2318364955422096
0.3869119811956194
0.1273919276571282
0.05169305793820279
0.013914057645591785
0.0065671283861462
-0.004663447578283678
-0.01243211106956722
-0.02019939347042116
-0.02001309730501505
-0.007793391780361073
-0.011889929883273795
-0.012486662401048803
-0.05519396663010163
-0.13704678207891902
-0.10754530616560132
0.39322002958721625
0.174759519041362
0.12438492001201013
0.05345986085029055
0.026026578289706965
0.006830509974520968
-0.00542807752700762
-0.017771472762724942
-0.016497321036100725
-0.018402360180528203
-0.023167107900790483
-0.01173134780402164
-0.01289588170591454
0.028763566695377746
-0.02619146860897101
0.019948900486583078
0.10823297619547559
0.11293282309961189
0.06559040860054811
0.03732004175538963
0.018007226212192584
0.0025891074226560154
-0.008402802262276325
-0.015505432819982635
-0.021469957580393873
0.015087849752900763
0.013242957212261533
0.010679498344652094
0.0070088438825389
0.006543805416384045
0.0060330850353890395
0.007965681739066343
0.007793982344197598
0.00909551966994496
0.00904855120481009
0.011871534579958437
0.013136123937523472
0.015388115181272193
0.016016169391573708
0.016750087824165514
0.015653834174130517
0.01729764538810668
0.016218623948164874
0.008093399314455907
0.005905939454454745
0.0033492149227426164
0.0031184743125848603
0.0033605043354134924
0.006641496496608514
0.007802807437481698
0.01034761405732219
0.011674336923112757
0.014282465019233774
0.015353154878059981
0.0179632857974463
0.019054220332424578
0.02070073188019585
0.026691251927731117
0.01752460518441876
0.007741582229731198
7.128019953595775e-5
-0.0010881082166137458
-0.001929056522690335
0.0008008815409606476
0.0038407177249003928
0.006961527055429465
0.008761575965737815
0.012228805409972005
0.014800078635236956
0.017972979027187003
0.02127904198210135
0.024547609154126827
0.024970928334654887
0.03606668144947787
0.0322359090870157
-0.0021431915474965997
-0.009250389425724965
-0.01326603804662543
-0.007211400949621209
-0.0037868117899547255
0.002365094863289104
0.005052248999540138
0.009560759377875445
0.013341310436110431
0.01660391920386153
0.020864927252350864
0.027173841462184243
0.030148279386066446
0.03881425721351778
0.08257474127488552
0.04719795092808844
-0.010993626460520484
-0.04701194776160427
-0.026927202709649795
-0.01999523787281258
-0.007961319836516307
-0.001729604851182404
0.004546088528546543
0.008436805008369078
0.013527280118302575
0.016584677331220172
0.023953396361628847
0.029631999737499012
0.04437718830943641
0.05454100815783695
0.12797423580257794
0.20512508937694562
-0.19850031057781825
-0.0823430768159609
-0.06322778804950938
-0.028828347982722956
-0.016236947805885846
-0.0024173660821210346
0.0021379115502793934
0.008839897958901088
0.014729930677204956
0.01986612530382865
0.025500212756112244
0.039300637285209404
0.05311025009738838
0.09708514523881809
0.31161063119661775
-1.8630003233929326
-0.9469908326827834
-0.2560619445460786
-0.07582412777741847
-0.04017608048817623
-0.015564169460486417
-0.005474805612630499
0.0027937554521633426
0.007804919635155168
0.013400055128661666
0.018249773565883372
0.02797160774813617
0.038626990443443046
0.06711979946373946
0.10726734524820976
0.10115002632810136
0.20687261029785037
-0.189021610856187
-0.0971498256150338
-0.06687952083504582
-0.028580085095479348
-0.01559245008144752
-0.004096680522532789
0.0021396128924769226
0.008283115451607873
0.01298100246093989
0.019727949240959348
0.025267732806749238
0.03856248508455838
0.05240667270220774
0.09056111035129512
0.07116938062971359
0.02223810047588361
-0.033499366940835724
-0.057130322500842316
-0.03019841961085981
-0.02115518039873765
-0.008471506709536555
-0.0032116557752193383
0.004243996539855984
0.0072722223736527425
0.013400354203653667
0.018107406312226862
0.02436037854305158
0.028899929316187095
0.042123586972173756
0.050052891838200934
0.02907950845872927
0.02192145239541841
-0.01195601799336818
-0.01338971993261489
-0.01609172360842249
-0.009165846916950375
-0.005103475562783286
0.0011022210067493283
0.0042128654970974766
0.009547417935574185
0.01275273428494103
0.016535436380452392
0.01945479382306556
0.024470804274381034
0.02899723974911892
0.03479467614597734
0.02180768537695093
0.012024771672872681
0.0033714008355898253
-0.003993434875490123
-0.004228426248836309
-0.0035425316795848535
0.0007505465233577074
0.0027062523057298695
0.005870635014447105
0.008602042959844096
0.013070582524797411
0.01441955877251315
0.018047043216689446
0.01937407183427891
0.023205715067908153
0.02274607280114075
0.015105370001649474
0.012227733423605827
0.006036853499588997
0.003973577203631309
0.001625711400225827
0.0028486235921241832
0.002198585139470902
0.004407571186392923
0.006818717780043245
0.00969726703923989
0.011599699299696209
0.012850937422950803
0.014420847163258125
0.01731963178802424
0.017840390306296798
0.018976187420672856
0.014679441324051178
0.01148086597892227
0.009892547927692983
0.004357458360828601
0.0052064403907074
0.005148844177144866
0.0056079284153831566
0.007825645251095716
0.009048450169984377
0.00925211765826179
0.011193601804250428
0.012942439280180285
0.015177878058621613
0.015674490235414163
0.01583085800954234
0.015109889371314482
0.012740601461417929
0.011974690824604527
0.00878829917794158
0.008005029809182664
0.005682010629593643
0.0061027190535793115
0.0070039170416987505
0.008009897665556731
0.00815903946957215
0.010409203571256118
0.011130201446937752
0.012285277438360685
0.013549242117316855
0.015377002154914386
0.014647000243627964
0.014886355975719107
0.01281634334227708
0.011938639470347274
0.010296473067863977
0.007721595248461909
0.00810118735188816
0.007292013993088951
0.007457357437325489
0.008389798967919245
0.009020608775189582
0.009153953199395692
0.01036611336333555
0.011767568620712196
0.013691377545844631
0.0142517680068409
0.014756989650784117
0.013614121688763081
0.013053693634999815
0.01236586509343064
0.009518378713276513
0.009304236200549992
0.007782813011959065
0.007777060744269324
0.007034150089842576
0.008715215519831888
0.009409401340082335
0.009531527043555758
0.010407511085712163
0.012576616957741047
0.01419070048643402
0.014770523087312307
0.014903730106601197
0.01462225079845827
0.003754184723280641
0.0031750072225142224
-0.0005915453641947175
-0.002314896633940191
-0.004349529376617766
-0.00591678301650473
-0.012963993516504235
-0.018072914302406925
-0.03857453631006123
-0.058457174503783384
-0.12171991878273863
-0.2158750681276614
-0.11502767060716101
0.01913809205549878
0.01471899621097978
0.013042759814576652
-0.0008342633120219894
-0.0010753343392932943
-0.0007394770244317878
-0.0009505249364511058
-0.0024560629905317323
-0.007708602241238654
-0.010768166871157722
-0.016704245547043233
-0.02395561337040886
-0.04646782169261232
-0.06956261855507934
-0.11031278683902099
-0.05562043801178493
-0.01610446303384344
0.004898410885060903
-0.0011811264894511253
-0.002490476874048517
-0.0006193707348694015
-0.002606810903543201
-0.003387795366788385
-0.003460527216240224
-0.004495530443227501
-0.00900927065929842
-0.012528568600697244
-0.021952222670960277
-0.027171913352401364
-0.04219176447530719
-0.03609419961419279
-0.03615286506686943
-0.011217135362404984
-0.007829017877687442
-0.002037241111680455
-0.0017803835720218747
-0.002512010113399691
-0.0029634671500802286
-0.0040289588863838665
-0.004654111542568881
-0.006716532332643267
-0.00855368159452243
-0.013129885414404515
-0.016876594257112642
-0.023607629684333484
-0.021989307991496367
-0.025553746655525452
-0.015499543348170376
-0.012608999747683439
-0.003488185853849168
-0.0034363609942768716
-0.004096359340437684
7.474394070905053e-5
-0.0008326933114988283
-0.003662599576940858
-0.003636409008643244
-0.0038164742211711845
-0.006499767642520052
-0.007106416248261039
-0.011769894274168434
-0.013283823461349417
-0.013767498812471324
-0.010608558248114054
-0.011224908956126475
-0.007255650128180268
-0.0070943061264939515
-0.004707917554104806
-0.0019931136745083185
-0.002995808786035408
-0.0033835928012356086
-0.003255083522279237
-0.0040742092905665635
-0.004984994242521088
-0.006096839962305778
-0.006076151348280132
-0.006218234159842583
-0.007137465600672743
-0.006427764919562655
-0.007972325808236501
-0.0066044431763108615
-0.00491683885233198
-0.003536507841050969
-0.002969921139921606
-0.0019688326081827435
-0.0022696454192678737
-0.0044809197203437325
-0.004622907151317561
-0.004759948278343317
-0.0036932503240946733
-0.004915850637756994
-0.005099133211156651
-0.007035121215796966
-0.00498901399433678
-0.004832718732132742
-0.004422236136446923
-0.002955374869142418
-0.001142666405710522
-0.0003174395757681434
4.864450481799554e-6
-0.0014379518606341154
-0.0014326951246249244
-0.0015547899153118931
-0.0017888204761765014
-0.002448332330479618
-0.003308663763637419
-0.004752301984765389
-0.004234061408182261
-0.002892625490677263
-0.003143793279705153
-0.0023701079794660796
-0.0026057637849970046
-0.0007283717434306351
0.0010319942474539307
0.0014814838335489098
-0.0017620616722448263
0.0007097254079236455
0.0016773953777044497
0.00024352786518309173
-0.0011447521992687805
-0.0017942176220865642
-0.0014561838953484243
-0.001752012880646287
-0.0011051026900162578
-0.0017752954943154404
0.00022532943559924442
9.254330675366397e-5
0.004110603860746348
0.0024095333648859515
0.002914038457057134
0.0009545617020744459
0.0011859047348961058
0.0034118855139224843
0.0029581927900723453
0.000644348759075092
-0.0012251865363691668
-0.0027846445331631948
-0.003176019226213064
-0.0032534741495762395
-0.00177823055000296
-0.00033066553189405935
-0.00046504374975436433
0.003573177710843828
0.005551344235059798
0.005587569865685905
0.005793702884738544
0.005495601128496918
0.0038652310815576736
0.005266593453552712
0.004574840839021705
0.00242617914703219
-2.604264370922505e-5
-0.0038606463037833168
-0.003880347653663062
-0.003773822413704392
0.0004546746609225759
0.00010308552625604153
0.002248070132233813
0.005268371528197397
0.009718141543792542
0.011466528975724323
0.013995183867307004
0.008270283049642894
0.008081794778800945
0.008807890300440529
0.006329035177710601
0.0029077298077453033
0.00011796133338050225
-0.0013893184746233906
-0.003910505615844203
-0.001887889506171109
-0.0028598563283127013
0.0002742397327640825
0.0031570960118536937
0.01441416339315459
0.019144125500575006
0.030578956291451072
0.019417644428539757
0.017934376819471465
0.011292415774499884
0.0091870784969726
0.0062638528361019215
0.0034413748916417527
-0.00032279076832758254
-0.003709444689909464
-0.004264720962071755
-0.004671199240937327
-0.002207382159739586
-0.000761309310656199
0.010463547332293894
0.020885889985601144
0.05750032029339016
0.05207742679452407
0.05245860205301846
0.02907396496167311
0.020590011590414563
0.012944106566913785
0.006895924428578118
0.003090288931933737
-0.0012649702732055053
-0.0019268634570405265
-0.0026340217116077305
-0.004923859432857503
-0.005251037587181857
-0.002167569844222972
-0.0003910931012327983
0.03418990749785454
0.09706985770842798
0.14659653203221254
0.08458242855254618
0.05532582472008562
0.023414979853178145
0.012442237503860218
0.007322984822407153
0.0010575857291554114
-0.001028521823026604
-0.003823156571115027
-0.006632224611739083
-0.008447939187332257
-0.009702464091098234
-0.016404436015825044
-0.010840506670148436
-0.007953461225214661
0.23926011379209178
0.28576896283756986
0.15349884756996515
0.05952230742403787
0.03499206458346251
0.013715106378456568
0.00428805565692903
0.002173400610633352
-0.000882563618922561
-0.0028179176134946696
-0.006972275039186362
-0.009611363423206497
-0.019192062805010793
-0.03133861110477361
-0.09259771839128805
-0.1687238211404479
-0.38978294195353086
0.38038441321424626
0.13125344253362053
0.0787068547804003
0.02638673057155291
