-0.0006332422902352697
-0.001643452172641844
0.0011416772871484344
0.0008511217706976804
-0.002024628746206016
-0.0011334919209707497
0.0007224522149435757
-0.00032648590312564843
-0.006242565742803548
-0.006483051959955994
-0.0067239491730730966
-0.00557921479284989
-0.0034623853537025275
-0.0023613959476899843
0.0007422770660873862
0.0006601573141379939
0.001778025606413023
0.0006364435924045283
0.000930412153947423
-0.0012711266370694886
-0.0007412432521027869
-0.0021670722417615274
-0.004548159204291054
-0.006169818970442812
-0.0028537817091248527
-0.0009785306833476907
-0.0011807921764344616
0.0009220376010533228
-0.0003132624539892272
0.0012978109764657107
0.0028809765820422806
0.0027598205587476385
0.001462330998648413
0.00139836457493544
0.000534053007210195
0.00010401559346488059
0.0008668685372581581
0.002140106741748103
-7.124590909409926e-5
-0.0032005931862776134
0.0018937926771961204
0.004167604230089106
0.005215232068192459
0.00514290053822659
0.004564523169607161
0.004040495550584412
0.00688363678387252
0.005738904336603023
0.00528326224576326
0.003066754456309556
0.002948019302326734
0.0006820807105495062
0.0015616590063316602
0.0029840283147234887
0.004080931307082539
0.002156001057297252
0.005787160528565763
0.009463205250347216
0.010919402824934917
0.012373383168500673
0.009494853679261329
0.00959900301786121
0.010099363116569669
0.007617206533140221
0.007132613953926447
0.004361113042195472
0.0042925558189876424
0.0031450969350359926
0.0034494681290865533
0.0037716190630845718
0.004093859189942916
0.004616782557722498
0.010912429053714971
0.015423012208927996
0.019837893761491497
0.021760123871748475
0.017675702226261948
0.015852949930028264
0.014942177034787799
0.011094309120819868
0.00897189281820648
0.005496039665563609
0.005360114062550481
0.0037719477587764404
0.0049202871032745015
0.005304020251857114
0.005286927543935747
0.007244596012776329
0.012355787948810901
0.022453878310295664
0.031002584412758067
0.034246577608567724
0.03249490285671417
0.02792516401936591
0.01976782912177927
0.01462081395413679
0.012329782567574379
0.008469268356961423
0.004948269143143458
0.0036141277050568033
0.00442660866014297
0.0064554506695576825
0.005876410320075106
0.007776917931570925
0.018166768740290246
0.03362901822194551
0.05008575182399083
0.06278093479985057
0.05474312036048153
0.04077152148147091
0.02807016836845261
0.01902124674909592
0.014754644630392999
0.008832755370207508
0.007185049342504478
0.004803908740341256
0.005432910405351174
0.005562895103999554
0.0054664135332020535
0.006728304992869331
0.0203342992447679
0.042606681120915466
0.08528357067364238
0.12385693451276551
0.09912110696683366
0.06175007994806609
0.03792547745166002
0.023363578189276004
0.017359844938962355
0.009691676584089788
0.007700826096139156
0.002887397639020014
0.003968282446322259
0.005269849288264713
0.003906444577343497
0.007242075720067726
0.010896119746546647
0.04014434417962904
0.15381786206661252
0.2833039272844342
0.16624152405849546
0.08959034174794754
0.04806459929560929
0.02599923087954267
0.016141642775191783
0.007079656897561819
0.005986140153064541
0.00199810488803131
0.0029021305877783812
0.002588456829380484
-0.0001638709765254382
0.0012301567078859272
-0.02250163178455614
0.02374801342766578
-0.9355872382622156
0.5615006852704617
0.2620153391364475
0.1046755309129036
0.042817499672189535
0.02226079370898509
0.013474157487134614
0.006586857761008965
0.003235126596475141
-0.0004540734063785216
0.00032003136731496693
-0.002425432003954876
-0.008198485884917017
-0.014314995236540175
-0.0668703917344776
-0.134933919597585
-0.24180967260074307
-0.504528061001521
0.001388702028969538
0.029142496017447943
0.02191950259510615
0.01351116146460995
0.008476363338999024
0.0038133272090740446
0.0018611479333675131
-0.0014130742751414095
-0.0028240054071767997
-0.008440866597023557
-0.01572407996847753
-0.032145649346327944
-0.06362076369051055
-0.10937753757971627
-0.15525342090179647
-0.13386447574017737
-0.05484798782845635
-0.007495991296761687
0.0019163585328601177
0.00542843565691122
0.003339396233891402
-6.104682045947861e-5
-0.0009404324042238074
-0.002067819547993648
-0.004907121124194139
-0.010265114801854686
-0.019011339829943543
-0.030784197223265978
-0.04004641320663217
-0.068620478776047
-0.07569580474601183
-0.07208405840383582
-0.0372300264796243
-0.0167463434022381
-0.004581459274729448
-0.00059180010347633
0.001672094908689219
-0.0006041649331062489
-0.0016497307395968918
-0.00484119328487181
-0.004548189459042036
-0.009460891564025352
-0.015498540012229351
-0.02630834426000699
-0.030191761263616883
-0.03690634556322143
-0.04616210858756108
-0.03791789467351474
-0.027543736414412108
-0.013158043714751745
-0.006782373612141681
-0.0015036802232673402
-0.0009959521679297411
-0.00021616031015279414
-0.0009624240920516145
-0.003490752343773923
-0.002936468932029288
-0.006220719960392542
-0.013858926500294232
-0.01826134380522803
-0.019538367100366553
-0.023327644523471816
-0.025390529280278122
-0.022924467905363292
-0.016239129613247406
-0.010177232735253564
-0.004643358978035393
-0.0013720190063246822
-0.0014663377354331758
-0.0029793940404303247
-0.0005038873838734933
-0.003011807751218515
-0.0039988004119063565
-0.004767045224541525
-0.009764119081319852
-0.014366932099086361
-0.012995318316735668
-0.011361075059636029
-0.012941041290042518
-0.011476890695132604
-0.011727300624165094
-0.007556303827433387
-0.0030528548642657014
-0.0006858434865528898
0.001089150021911698
-0.001934487972308619
-0.0010757342247527321
-0.003608720488503896
-0.001141096570458262
-0.0021871442479668027
-0.007087225994549309
-0.0097398277921408
0.005887770829491787
0.0035971928603975795
0.0030940651453765953
-0.006656340638510039
-0.005923598074617593
-0.005483131761124055
-0.0024162305094869076
-0.0011339863509443723
0.00041576370383072936
0.000332188393493796
0.00036274102509050875
-0.0012191046054225289
0.0017196100704611522
0.002166030872608314
0.0034179142850455984
0.004044044587031577
0.0013453136970606602
0.0045681391414802534
-0.0008826654325164082
-0.0003421966088948335
-0.003323457962879268
-0.001501907184134215
-0.000525247553830337
0.001404853330472001
0.0005033703262076315
0.0005482566094455741
0.0004802242620859721
0.0005731073878597339
0.0010235275490543955
0.002366923924865587
0.001377507512525875
0.0025514327969975233
0.00019162794695870848
0.0019872775488435504
0.0030197423462637795
0.0005464244462799433
0.0004607629732179793
-0.0021706486943394807
0.0013895264422251275
0.0003547899400401876
0.0024825074186866874
0.0005843668894473595
0.0014106525747325427
0.00011866870963678221
0.0013119534453493924
0.0018338287837138746
0.001445656631363655
-0.0002765601221982608
0.0015839506085223267
0.0033735848935110345
0.0019046489790259299
0.0019299356334753345
0.001272895524704495
0.0012116894085854757
0.0008124593359639029
0.0008002620951459704
0.0006275946511485036
0.0014405134701195748
0.0009636436746573835
0.0006344263021610217
0.001077805324297826
0.0007172235657782486
-0.0006809223808037395
0.0007136653620705773
0.0021391183531348783
0.0021939290491875454
0.0031052717170302253
0.0020317434225174706
0.0018840154703367203
0.0022392479383656913
0.001902506590182642
0.0001620252328157595
0.0007146793616438918
0.0011654952667626533
0.0013393589976629689
0.00029526443957857173
0.0006778875335052614
0.0003505287023799062
0.0005315420085523806
0.000933811838735073
0.000675909616242716
0.0032234734841671132
0.003485022194602495
0.003901269767220933
0.0016167089328073838
0.001891202948613339
0.0023926466894736106
0.0011627106956107467
0.0019319389637113464
0.0015353299456034473
0.0024108747793126157
0.001321085437988857
0.0004548287750955074
0.0010642784901683017
0.001396979458587953
0.002000694405826296
0.0002672114831374695
0.000901855493833681
0.003537511932093142
0.004283612972964911
0.0032760621629949033
0.003131026562287212
0.0033517570960967546
0.0014939237741344864
0.003344706406757049
0.001530340845402605
0.001714970897217343
0.000574088724815086
0.00011079637981487923
0.00046275542038200576
0.0004238535377354615
-0.0006675244803308062
-0.0009265764451027877
0.001717992223682015
0.0038690802118682547
0.006909930501743263
0.004703463255947864
0.004723641435560449
0.0036103417525844817
0.003696533739043528
0.0032447427444052615
0.0012803286787673566
0.0011822637616305577
0.0012451231775983819
-0.00022917031930167495
0.001134495237379348
-0.0007101981086634407
-0.00028519590317173225
-0.003289643244462782
-0.004098580348990599
0.005337882843540122
0.005966790633897202
0.008845381455381541
0.00733275347226854
0.005447082112518544
0.003113915371226261
0.004223749411440114
0.0020288796019816355
0.0015747896210734568
-0.0002471564830555297
0.0006933062886172762
-0.00017660535060238234
-0.001179153407177423
-0.005069781377077642
-0.010102740130239648
-0.0027437786336364425
0.0005724806619300622
0.018799686071644107
0.014874629499740149
0.01626435350242724
0.007530515730895849
0.0063230269342090615
0.00398946174079708
0.0027525645877448895
0.0014161382484555833
0.000837590400724105
-0.0014234923278936954
-0.0007742771504965205
-0.003630546805169651
-0.006434507771775579
-0.01355207444086955
-0.026360876526429346
0.005015723226639477
0.02827348152214733
0.040772925850156905
0.021174859897197328
0.015047209932309437
0.008037925993779638
0.006586249482121516
0.0029742116057076182
0.001449939983057627
0.0006208026395484597
-0.00022163125176639757
-0.0031640265662090054
-0.005612295995462037
-0.01490930572560344
-0.029468299657741323
-0.049076500662843386
-0.023536291941291285
0.12732144862338474
0.06062945827568575
0.04074235622361212
0.0172719496013587
0.010927970701198024
0.005079982330758599
0.0029187930375362625
0.0003189558833855651
0.0006494808228463035
-0.0002065512896388156
-0.0016483953857819836
-0.010012059059325397
-0.014666443402343465
-0.02061669642603259
-0.16578763185075682
-0.766968863430019
0.341037525453321
0.1602883904349831
0.039344463209151075
0.020838585454328856
0.007073806841244765
0.006182717976706749
0.0025040994003476427
0.0010867496725338788
0.0004692853458201288
8.030282836841052e-5
-0.002789316985255315
-0.004384064351896333
-0.01691459910865236
0.0048410518688485745
0.10833713521131143
0.2406979195947466
-0.3448869723198069
-0.07488162719306421
0.010504542981958033
0.0025826584390556233
0.0050184600942072815
0.0031470629309649847
0.0018603301755726073
-0.0010565808702738147
0.0005806180004910258
-0.0014463660712298902
-0.0014183015581907053
-0.0030449056907212793
0.003910039851717755
0.013667117429478204
0.009194983078958607
0.060240128546109294
-0.08337677963177109
-0.020546955291463803
-0.014950053793247644
0.00011827785563053633
-0.0012448675220534445
0.0016661677635629825
-5.960572275193881e-5
0.0008377793395765915
-0.00038603504811833995
0.0012543502069684712
-0.0009081096507609171
0.0026422583637837433
0.0009624152805405657
0.004963509353214953
0.013614089026153669
-0.005888760346734834
-0.011694291189685515
-0.021271773992002828
-0.007599181815672793
-0.004826506465907867
-0.0007928920057368592
0.0006357929089453518
0.001971439159591968
-0.00041130406494342843
-0.00045440400642876057
0.0011990014794671458
0.001731240873447039
0.0014873790888475184
0.004920893069903644
0.013513355761902674
0.014778137050311564
0.009583453219669105
0.00728138463214526
0.002801735775982958
0.002614788970409939
0.0018807983573852123
0.002125130035985779
0.0016258467664190526
0.0007940607159023336
0.0031900886906098486
0.005095114653233515
0.007785387816830937
0.008931831285160344
0.010664149003847505
0.01433677628767183
0.02438196167009968
0.021606615111952276
0.019234350050747157
0.010064328106377092
0.007048556928916695
0.0027571947861118606
0.00225526074022313
0.0006252021542968928
0.002334572458369942
0.001436941217598389
0.0027392542442724018
0.004579237652954886
0.009572274778188321
0.011168514415098772
0.01582984427650149
0.01914252315766095
0.03381416776812921
0.04088957470571823
0.026987458399649913
0.019078060895974518
0.007137055654603101
0.004779513360151688
0.0021937910398666465
0.002518909918243505
0.0002647000377281084
0.0022488119445584266
0.0035002765646697707
0.008442703420790846
0.012180156056734137
0.016948215742083987
0.020988778504418187
0.03135134100214704
0.0628713083643803
0.05825600989288713
0.053322229934306374
0.017368042204335247
0.007517279763447685
-0.00292361384840939
0.00023355870032561751
-4.277212076494652e-5
0.0018893085530997775
0.00284117781163907
0.005613884528885811
0.008791523696002378
0.016727950776146333
0.020966126335659616
0.033023948158936896
0.0416970734516807
0.09552191287425402
0.1412309425328204
0.08120506547642048
0.032125261971313726
-0.00796578210529203
-0.006137487452681779
-0.008345966473572025
-0.002621922680537186
-0.002153605135735017
0.001703822431723791
0.004344397601057268
0.009344642646506678
0.015042088188840109
0.025428743812256814
0.038552882046740955
0.07060775880269317
0.12591926777951074
0.24372579564546978
0.16362686624842981
-0.028968792483465424
-0.019581409673137252
-0.023439161973681073
-0.010730728451171057
-0.007774548188456038
-0.0009155740240392034
0.0005788838028867906
0.0062707201785259445
0.007411045743240059
0.016255342921952826
0.02449284886408089
0.04882710498634547
0.07691882074416062
0.10672674893922653
0.4706746761808459
-0.5576825610817835
-0.21859593758170998
-0.11927910154144714
-0.04052827812818895
-0.024522759734492815
-0.011549513764249088
-0.006758249599605739
-0.0019646138147927377
0.003593183955215486
0.006692827095030564
0.011853786273980274
0.022374356291606043
0.03539123950208562
0.07377736226462994
-0.010292175036736406
-0.17353026316237918
-0.2899966757647735
-0.10621221212939702
-0.0646939546646355
-0.04708940651502141
-0.02074542973114811
-0.014271967901830773
-0.005926545891401951
-0.002957847725473526
0.0012097557587352728
0.0037070802206918153
0.009003370257888195
0.009899473990935919
0.01612814589675124
0.0029072214992625117
-0.0428111536846927
-0.07130146053781188
-0.1440068573729816
-0.08003527429824407
-0.06506201788084592
-0.0301346027334368
-0.022285245203865593
-0.012022793396803651
-0.007964269486579462
-0.003331780208389874
-0.0009720983705096605
0.0033380039501243776
0.005327155239053906
0.006954450985934403
-0.00010592403466767368
-0.002647400591656987
-0.018523626366299208
-0.056770349602573
-0.05184242768151642
-0.05683466993989435
-0.032659658886203126
-0.026361610373404478
-0.015244484924688526
-0.012400037363342503
-0.006993136513471753
-0.005701465271146902
-0.0010374455532050051
-0.0004497130993461895
0.0023170947970771625
0.0009819619739818628
0.0016352736330157063
-0.010610551898800058
-0.018397083732866994
-0.02271503732236503
-0.0362800223893645
-0.027695219236478646
-0.02654908855828374
-0.016733268642501794
-0.012799596512739002
-0.008289603965468868
-0.00677886646298564
-0.003026460918847906
-0.0017758172501030072
-0.0003713198419979467
-0.0010272904115826696
0.0010225376907466149
-0.0033564547068401394
-0.007393085150059936
-0.00964808415145236
-0.01706317110031722
-0.017386208541227643
-0.019383532862355238
-0.014536787258182242
-0.011706262935790511
-0.008697949359723414
-0.007232929482295531
-0.0034881572296966493
-0.002223139526865683
-0.002144983927122906
-0.0012116322517759005
0.0007706470148169318
-0.0004477925216047956
-0.001663212555950004
-0.006780454826685734
-0.004157719570896818
-0.006998287215750427
-0.010845479707617142
-0.00814444855229134
-0.01046246463349611
-0.007324621093997893
-0.00662026375257651
-0.004665673451312564
-0.003582719977034771
-0.0014825186502334421
-0.0009714039971317819
-0.0001265727615723515
-0.0005136456317789433
-0.00021124099946536243
-0.0007239972316088509
-0.0004626438916103511
7.768075526787586e-5
-0.003175380225469794
-0.003823523057626061
-0.004695164430995594
-0.004604822665653167
-0.005381116349074608
-0.0026658078380960622
-0.002853829701828066
0.0003972074152310023
-0.0006155403059924439
0.0005421644657991509
0.0009173989236407171
0.0018326241356305647
0.001604367583236082
0.0026504582510167903
0.000996510375844124
0.003246159672381371
0.002826361493752004
-0.001017632973312706
-0.0005879826936656066
-0.001338687341674993
-0.0018908401650073459
-0.0019791123183027946
0.0008539085248958357
-0.0003887953269196214
0.00041841853844772656
0.0005345145777797115
0.001991186548276638
0.003967194101297343
0.006216656508345575
0.004775061013634446
0.004272104594221172
0.0093473933044003
0.006748746464384296
0.005387897094801678
0.003743388410606298
0.0018939777453904959
-0.0008591713302274369
-0.0007358006830138714
-0.00021401397803381974
0.000695776656640662
0.000985318117933519
0.0024313318690302294
0.002466035139836842
0.005236965521491834
0.005934185020388073
0.007452353257347755
0.0072468257513256095
0.014717825723731103
0.011169114070446632
0.013730747609672706
0.008996603212454643
0.007081143874220364
0.0009459776589557878
0.005832221008738387
0.007112759159910634
0.012637677949562238
0.012648498320220091
0.014818150080925
0.01510745611794894
0.014249758899213405
0.013754908804740501
0.01752377718968562
0.0162726775344225
0.014533790671276954
0.016187308983750034
0.00824494042913467
0.011106695081311747
-0.020215164798230736
0.0001393834193230282
-0.005531928611293453
0.005731044920617044
0.008935658346708853
0.014130027581840501
0.015621647351266154
0.015329905634218743
0.014117144698049408
0.015587682502845849
0.017070906972879888
0.019234407626152077
0.022263476417713507
0.018199377728425892
0.023690931172271487
-0.004698563469499958
-0.01720020916885037
-0.04325658141411322
-0.005717444130399498
-0.004786371444451196
0.008811272759184164
0.009565348786406247
0.016393494090563177
0.01712851613172633
0.01825773641442449
0.014090203783800397
0.016954147555357662
0.01865954412714597
0.019392661705544996
0.0340912425418994
0.007918242662974204
0.08074841814805196
-0.24118663682901062
-0.03422615003069857
-0.0384602144099952
0.0035247467729022782
0.0033516148397533503
0.01280238243042394
0.014603152093582995
0.015777986529535645
0.017274167377080256
0.01575029240665874
0.01599358736488514
0.022682660871850942
0.03100986243464483
0.02697257027500634
0.05146257579013538
-0.44697271652000653
-1.0078645824668877
-0.2516929177056945
-0.0015544917163624117
-0.0013030360723310713
0.01406205186112446
0.012651308860974101
0.014624964838664531
0.01474877578600736
0.02022451053375686
0.016503010808019757
0.020823409979971532
0.020940409067901095
0.031075863717624486
0.06436056805160903
0.07872541783812792
0.26176096971463886
-2.9178265315850687
0.20872369241999889
-0.01801355901467442
0.006043412437797989
0.007965907569807642
0.015267980853317159
0.013357560367785156
0.01724274015753228
0.01726968158040299
0.018555216148618766
0.01826914901965175
0.02682413888658727
0.032465115817798394
0.0368266506589163
0.07113840832330265
0.06587777707872389
0.20784722425465166
0.02450396368685262
0.024209973138813175
0.007138908575424776
0.01537581942902651
0.01703434886225209
0.017184592649117213
0.013122689244164196
0.017892456036062713
0.019063698675868174
0.021683407874011688
0.02373869914358925
0.02627980384790081
0.03342053640364261
0.030920214085129006
0.04679569215179105
0.032897020742714216
0.028685575488251396
0.009248477131054077
0.016941408093290925
0.014854733604806207
0.017634156212923753
0.015655849190825494
0.016507720024590267
0.01600866852900813
0.017092380151158406
0.020205244530659933
0.024618763991457775
0.026858588780251047
0.02843987538139997
0.030602506714951284
0.029853757159325135
0.03716560345821561
0.01784939992414622
0.0208624015818892
0.015202202144732871
0.019570268158706657
0.017436730100337763
0.01640244305366071
0.017312283112156643
0.015849879647488536
0.015984933914367776
0.020425769679146825
0.021502239116858033
0.02237254229618038
0.026008949858696256
0.022869691354062933
0.025532774451735622
0.023087081741201932
0.022447447143869235
0.015908079265807392
0.01873110925175401
0.01567137327390612
0.019665022431361343
0.018170430976923446
0.017171945053266628
0.016730115366970538
0.017924846963458
0.019895370179224606
0.023089132730947058
0.021967168516544434
0.0181278203131658
0.02187089159057917
0.020692630730794373
0.022316623392304464
0.020941603091977387
0.017893019042613163
0.015555982213400635
0.018032566413317838
0.016676049744444713
0.01785916084650285
0.015192712600582164
0.01805775761287133
0.013474311581499313
0.018590881811011744
0.020474307794176347
0.017335586229017187
0.017211330983536544
0.0168729361533666
0.01803773151314915
0.01618824793493977
0.019777904509005982
0.016535146176547236
0.01550784981510579
0.018069859818404282
0.01701263862529195
0.016572524792733377
0.017135269708624192
0.01613305075998857
0.01603126114540422
0.01769695382812451
0.020074418775474463
0.018128225569246682
0.013660566250361713
0.013575744498119052
0.014397808657769814
0.01404792501639791
0.014643108757373001
0.01560616095982759
0.01280956269560867
0.016464102824154593
0.0187042637160117
0.01872440401727345
0.015807455807466227
0.015430166496042157
0.014408458946696462
0.01726648099232018
0.019376726402699957
0.014899759315124222
0.015294066899948177
0.012838814475284241
0.01443916608438195
0.012454844998891776
0.011529257807409743
0.01277067142720165
0.012623963809295351
0.0125575085780704
0.01637288935272678
0.015074685311566341
0.012987160242026213
0.014475030056425186
0.012864928861932346
0.01620618874957829
0.01809363747322379
0.015551706764355236
0.011479886355598826
0.012713296722393503
0.012515299963267019
0.013277553660386495
0.009802301324837916
0.011583850003160907
0.011887997648852261
0.016019486410479667
0.015097436541813874
0.01579699249225223
0.013844211143254573
0.015451450685417319
0.014228961969330559
0.019124747144982458
0.015865610749081945
0.012161293535898426
0.012451430740716604
0.011474096824610905
0.012955204155463607
0.008329671935876456
0.012060135379055306
0.005931913762080543
0.011757296698535409
0.013398499245605931
0.017091153292494735
0.015226224505091552
0.015174906213899116
0.012491981009904935
0.012942268963867782
0.014251899179348894
0.014692831931638353
-0.006632530553010808
-0.004061753344148242
-0.0006879399283403201
0.0011034150276871067
-0.00011380379942290493
-0.0010243962466884313
0.0011985511072243101
-0.0021155552392206206
-0.0007007107767894904
-0.0035763210452868996
-0.007267759106443903
-0.009431138351645907
-0.012958366809684015
-0.015452553667627463
-0.014924710278597602
-0.011941292430972231
-0.006451316274734371
-0.004244595834695784
-0.0018701918709723977
-0.00024295968752842075
0.00015566653629945796
-0.00025724344338454305
-4.9077648398319755e-5
-0.0015903660285869635
0.0025020093547333173
-0.0008814793294386387
-0.006073118302710777
-0.006464099008848615
-0.009314483851392212
-0.006326897009049287
-0.0069088315186217235
-0.005168183075404256
-0.0020610576717896966
0.0009486413984195102
0.0015120756034035531
6.838684358669184e-5
0.0032587378317081575
0.001129081418146698
-8.63508317965108e-5
-5.661069984307912e-6
0.0030145929937111533
-0.0013054841542805846
-0.002558109278337977
-0.002578409532026622
-0.0018675375077284097
-0.0015422459603950333
-0.0013490525481386754
-0.0022532264009506066
-0.0006700624146086568
0.0017644349124135593
0.00209195418939424
0.0009189244260401608
-0.0002941721753261008
0.0007508109305037991
0.0014915115881321136
0.0010830233996062097
0.0039993503062324435
0.0015238893798124615
0.0017787039934493568
-0.0004980224724789095
0.001132875756867044
0.002265705146463513
0.0001577574390414905
0.0002610912014771762
0.0017204926653691399
0.0010336227037466498
0.003927527203383698
0.001114339443215995
0.001782967044685301
0.0004951679268241276
0.002506892900246223
0.0015482233188227187
0.005288689647769138
0.00501840724343586
0.004855257084161954
0.0019857301813785504
0.0024524969320222764
0.0038023307110097047
0.0037863631111470543
0.0024083654031489673
0.005127949784222309
0.004729591750473384
0.004647946732301468
0.003143144677698013
0.003323183216135321
0.0004499853629122268
0.0010222610998512271
0.0019407756190573653
0.003424240685174178
0.00570938417817569
0.005515624972310722
0.004770602048388008
0.004137006408139299
0.006610271641308637
0.006295622096261829
0.008526370846001089
0.010804512334526471
0.009022302959514799
0.008034063040835237
0.004903359682634455
0.003606201425698638
0.0019321149019500892
0.0037909855865823445
0.003083700444363919
0.0042115039342515434
0.005153028029627239
0.0038500769673314754
0.0039004465818332553
0.007290948459714102
0.009759001987896462
0.012542326156203163
0.013175124094144881
0.01803184200990128
0.018827080966593558
0.011647177617939354
0.008377306314152014
0.005803890861497346
0.004053314080425311
0.003066572645350078
0.002298683166634386
0.003739193061528088
0.004559794634019413
0.0031207582259263826
0.002208028577512356
0.004447523609235132
0.012880288844309768
0.01581829272909121
0.021464709322935302
0.038647578322197805
0.02679850884751221
0.02106937219661792
0.012298284639241389
0.010018218373392994
0.0035993694770697308
0.004664617743977516
0.0034348931209152913
0.00583220234148922
0.004689065755920244
0.002260532480558832
-0.00020301749332578625
0.007042148824650804
0.013977854837481415
0.03001104413000719
0.03577103988093945
0.06396988492868527
0.048673526830346765
0.028266793253222653
0.017676615282507052
0.011468233319507967
0.0068213810540684655
0.005297301990933363
0.0011278706232692552
0.0036054581314912248
0.0021786599556282552
-0.0032659266611005707
-0.0031565738165940894
0.0015725778669338241
0.01445944658315367
0.035355808818159
0.0911486940804203
0.13878939887058683
0.0658487002905759
0.0403820706910305
0.020969504718359275
0.013789523409539357
0.004891762491315209
0.005494759870504106
-1.380726449954603e-5
0.0029759447317281064
-0.0004754355469766294
-0.0046749650732818586
-0.011652569862509149
-0.005301877152920602
-0.017190137982773586
0.07848008842684297
0.20189906787974646
0.21852388946890977
0.10526291872582622
0.03714555408444267
0.022320146647055065
0.012304925819699174
0.005251870015641509
0.0022939822159117225
-0.0007807940664859266
0.000747418704731003
-0.00351457377598636
-0.011024976614348637
-0.019591450416197084
-0.02995809814216618
-0.11010072093588882
-2.0612218293209286
0.4705327681356461
0.11266424092730083
0.0507463792579767
0.02945670499070923
0.0150565813160909
0.010001946935291385
0.003467262039723963
0.0003069929481794118
-0.0010758652373892643
-0.0007182589307023628
-0.007996797229424223
-0.016302603991625798
-0.03540021969021353
-0.06283254121489305
-0.10686412421890562
-0.21207912530824502
1.1432794527709582
-0.000730978979206483
0.01584176470404286
0.011729435765775904
0.010371125300558143
0.004531592309181757
0.000917474357354746
-0.0008535490698954669
-0.002200571113543357
-0.003342559726631836
-0.007569581409581277
-0.016896534623104406
-0.029758118506901965
-0.06434277749565674
-0.09524229049638216
-0.11926094365851168
-0.08034299463874621
-0.010311072231317097
-0.001208800918644858
0.0036968348438522645
0.004608321958285843
0.003724397051849817
-0.0009896374439765491
-0.0013041971699547547
-0.00390130157883075
-0.0019758342784184945
-0.006961746882723294
-0.013834131784440198
-0.023496512651615835
-0.03673778125127193
-0.0571543261184303
-0.05313277016475216
-0.039699004566913096
-0.011193558819528836
-0.0032553587211869525
-0.0017223677849645882
0.0021183353459815774
0.0013087530590014855
-0.00033896451496807575
-0.0020562758016676127
-0.002024361713482432
-0.0011144448760961345
-0.0047629237014340685
-0.010933269449724331
-0.013079559898593988
-0.023158491019063577
-0.027348129876712743
-0.030074204783737627
-0.019977764616550594
-0.03189127066565409
-0.010927943010789216
0.004821238907746322
-0.0004986594405460861
-0.0022214281718476053
-0.006381854349808823
-0.006553278194220934
-0.010186892613791873
-0.012055705593719256
-0.017335683861231115
-0.020377106583727555
-0.03063325820720298
-0.044219765789002725
-0.08460540317455822
-0.08152430713932392
-0.14636415233892583
-0.03383411597280748
-0.009357533280508572
-0.006162694242753841
-0.003462289549205649
-0.004547652819559125
-0.004899843430392641
-0.008011804021630457
-0.010897230617321552
-0.012044675718268056
-0.014407462334499552
-0.019009175087314527
-0.023329237372976923
-0.034282784523698324
-0.04441865143868374
-0.06054243198608438
-0.04709101604733946
-0.02042409144041649
-0.014052224997408054
-0.007420804048559428
-0.007056847477424254
-0.005970739561439277
-0.006686302669167102
-0.0070461182654903975
-0.01016789273618154
-0.008812643746181485
-0.011525525564074175
-0.015951348385381092
-0.020644941766237167
-0.025803396891539803
-0.031642875063875316
-0.03434307974790918
-0.03401109559562642
-0.01650208680621016
-0.010026983940554273
-0.007934176872071387
-0.0047797793493752835
-0.007547837371748064
-0.00906461673342687
-0.008053322498523518
-0.009474048868093825
-0.01126419604718738
-0.011222754813156325
-0.01498681887837502
-0.016582800301034928
-0.021449478659496802
-0.02053867869261316
-0.02382420085763328
-0.01884275239439075
-0.011983479454581565
-0.01121037267687882
-0.006289553951604919
-0.0069933867358455745
-0.006048403024742803
-0.00913622597324186
-0.007533488779846535
-0.011239031605769188
-0.008465289180742921
-0.008864186653757825
-0.011847917539594825
-0.015051144004059455
-0.014716101700019798
-0.01380414436806588
-0.012689862604741213
-0.01327717212588166
-0.008407739477666714
-0.007262914129563944
-0.005256707414741878
-0.005765079563074934
-0.006100487433829519
-0.006714226603897864
-0.00776399362585483
-0.008828958274365823
-0.00833635031449148
-0.008573058768614666
-0.012107371816601294
-0.010821536704259262
-0.010478586687352348
-0.009330614803033373
-0.010041261179719886
-0.008120155984989141
-0.005025921022132445
-0.00449088532746839
-0.002391823920218674
-0.004875114545903162
-0.006835910777471704
-0.007437259488149475
-0.008170761415905246
-0.009506414286513297
-0.008658991212863173
-0.0074954379322540055
-0.00927758462395242
-0.01022198429748298
-0.008813870746254816
-0.006783148095915164
-0.005869396175522765
-0.004587953275992773
-0.0022342038568623963
-0.0027264642755575673
-0.0004665481550834281
-0.0013336145684055515
-0.002699416370848032
-0.0033970046942728054
-0.00427224804890652
-0.007223243355799403
-0.008126518460154988
-0.0075634606996128955
-0.0068135906406681795
-0.0064491352950477795
-0.00782286024176741
-0.003613701795304188
-0.0030359999717498097
-0.0009880579531466537
0.0017324705863191658
0.000883838085000726
0.0022600066164986292
-0.0012296245348889622
-0.0004341448378595586
-0.003445376845110087
-0.004307178825546745
-0.00684736858192039
-0.006436569272102081
-0.008041956884825691
-0.006565262029340775
-0.007291754509358147
-0.004538385111925546
-0.0027724990817039226
0.0004178672031680251
0.0016228226786555132
0.005546612281003813
0.006779421621702905
0.004696739331339019
0.0026627237564809314
-0.00016798589917995982
-0.0031342880678633133
-0.004805580990513776
-0.00502070959057235
-0.005838780407257838
-0.004832478497091375
-0.005756954911532151
-0.004673028498489642
-0.004720896140071592
-0.00033981290210113483
0.0036771917948964067
0.009483409019087959
0.018955032487350466
0.01365114776442776
0.01001289630201899
0.004312953626852333
0.003229978682910704
-0.00038694535740508565
-0.0034714452525674328
-0.006147813180401691
-0.005620942355836846
-0.0062914577078352915
-0.006624964094953012
-0.008047433362533907
-0.0046824553008141465
-0.0010551450527370465
0.011457339933394026
0.014917708556120705
0.03318444779875696
0.030337166596955324
0.014998606667194275
0.010020648546360112
0.004368115352457895
8.259176064699002e-5
-0.003216307497149038
-0.005261536062682347
-0.007652613341754627
-0.0073489830341499016
-0.010363851711499499
-0.009886576475587598
-0.008092951847722341
0.006745828473718544
0.014981606094690899
0.04496920150895812
0.09016337976592095
0.04583840682173607
0.030128855855776335
0.013065486742640568
0.009101095779657252
-6.890233679640538e-5
-0.0038561262372383553
-0.0073253423772087255
-0.00679254950491845
-0.008912597405217817
-0.011755383906292886
-0.01674105055682845
-0.00944931875254436
-0.010811560295374608
0.03317402196148656
0.07236729195494399
0.12974231028329047
0.08831533332357056
0.03651114629368143
0.020664656447734964
0.00751514496156559
-0.00014411523964802337
-0.004577996109507437
-0.006820166791191858
-0.008104741477663931
-0.009597885426763177
-0.01781614055515344
-0.018104452861586132
-0.03331968230711953
-0.01871988723511676
0.007926890379757577
0.22557566134847612
0.30570847580370386
0.08225957447826063
0.043483072809445106
0.013167150506433287
0.0070049384175308125
-0.0012848835913990557
-0.00483088930524574
-0.009196610000902846
-0.008742020942844778
-0.013977153196270551
-0.01860520307754757
-0.03443950111341132
-0.04617194668996186
-0.11833509608853893
1.013696437139523
0.6659220688447752
-0.12661295931557212
0.035101134493335844
0.016017668637974606
0.011225089019515248
0.0014590515781903292
-0.002605664411672097
-0.007429603278002351
-0.008483651232688684
-0.011590398540767401
-0.014875867335282945
-0.02356034286340543
-0.03162199291030797
-0.06493225783536176
-0.07378353403242464
-0.13284444621397537
-0.34035287750600807
-0.005176165545360495
0.0006825162556432444
0.006061736991087934
0.010963502254287955
0.014550151662767883
0.019686716487585354
0.02866050841503925
0.03876503214772563
0.06319671486186479
0.07817665279580058
0.09463219765405537
-0.06026168770347658
-0.06299568754890457
-0.04648854273184371
-0.027091292938759157
-0.015851658668349047
-0.003597970044301539
0.002919065879760469
0.004768339426766872
0.010222580545148938
0.012212309238063181
0.01761113301924848
0.023665075981569732
0.030883084660837164
0.03732731255897201
0.04397697845910279
0.021613140115206268
-0.015501910023217455
-0.030053870074650612
-0.02352503695578756
-0.01581540799327073
-0.00926189681922636
-0.00036813211583438914
0.0033256603784095435
0.007178537197631672
0.008843495916504211
0.010564764710625467
0.014769622871167891
0.019183495240585935
0.021975958028469467
0.025034325858058096
0.022883409137575705
0.015803094211679615
-0.0031396771430298102
-0.00989997635131876
-0.0103183310886918
-0.007220051909087283
-0.004769252612654392
0.002326185083978883
0.0036239201078466345
0.005758827641555399
0.009185204930615021
0.010569357963304032
0.013749384754380749
0.015104621378181488
0.016493455953454618
0.01578131423911874
0.014798764460442844
0.008919978485768695
0.002631539684179589
-0.002107632311739267
-0.0028156406303306084
-0.0023881878001207747
-0.0005790128731921413
0.00373404820243707
0.004405654618478816
0.006178806417012487
0.008036020364780598
0.007811310426142753
0.010247218746451688
0.013802695416015833
0.013512823510464421
0.013549220515617983
0.010432499775645955
0.007931992938185865
0.004327188699728707
0.0031318245238802604
0.0014718037799724012
0.0018587610419723987
0.0024678464010774175
0.002641985916496843
0.005482731478199012
0.0075622776320534765
0.008048773212518637
0.008062416674392362
0.01092571571734662
0.011237274233024626
0.010790317695542378
0.01013440427332332
0.008542058103678621
0.006586306085652768
0.005416763004485397
0.005166010671440549
0.001806323708722063
0.0015765310088370055
0.003714183145818866
0.006558707883876581
0.005366652153914566
0.007011063790468586
0.008158412390348351
0.007825544858721228
0.01101610394574376
0.009739431409981165
0.010942989959114557
0.00953901129596066
0.009127502915289402
0.008019479062936295
0.006067462534540744
0.0057983842116946386
0.004240828658102201
0.0031973718031948644
0.0038584924101817113
0.005200563776879184
0.0057819378269756095
0.0064409712170725745
0.00805970306888536
0.007526802006840539
0.008839874570935637
0.010023402872613897
0.011249286351439926
0.011439238800663195
0.00996395814545702
0.00870612565842964
0.007196650980556165
0.006133380965964113
0.005267457621988502
0.0036980546661890233
0.004614288474295036
0.0038048068483337084
0.006772790894347408
0.007846051980776281
0.009245511158632841
0.009488875091916087
0.008498758793386225
0.010619352087402063
0.011987250713086333
0.013201528885037147
0.010753115347213044
0.009864313454892453
0.005289739907042758
0.003931548795968561
0.0033012235381509256
0.00328967060014378
0.0032239417536311914
0.003691883950646968
0.005917752062112863
0.006242182461240182
0.008433563759823544
0.009909157822711836
0.010923696297793016
0.013633151657577499
0.015855768827897382
0.015555776736440308
0.0137756703979728
0.00998077075646762
0.005797186119730877
0.00149520452943794
0.0009156620303323387
0.0010278455382331123
0.0012341731740234346
0.0028340792777887228
0.003513445065428798
0.006054736722089738
0.00861408748256837
0.011538918099843823
0.014360025088671206
0.01642506202834077
0.020626288882599243
0.021393847205541543
0.017852509606639515
0.01480437380744898
0.003958247603267706
-0.002184896830549521
-0.0051055066532525424
-0.0030368935606212267
-0.000786560891786656
-0.0016565603687795903
0.0045385242106952
0.006053376400271933
0.0092855913517524
0.011119822243460205
0.01647015082044367
0.021248073075813903
0.02682899754295367
0.029993743104408263
0.03210184471604697
0.019558389342754653
-0.002930871905002457
-0.01584645390326963
-0.012931575213880284
-0.011238213705022261
-0.005157207768160513
-0.0037779111278747187
0.0008016342340200387
0.005426849379341685
0.01035421639659747
0.013586774679866643
0.019434413371454948
0.0274538417651836
0.037180073942776344
0.048569329511552316
0.06254009299623421
0.05273698583122728
-0.034752688307972804
-0.03803942716110526
-0.03283483252120348
-0.020155994884823933
-0.010607597501032531
-0.007958512730387508
0.000406105847885169
0.005008073025081307
0.011012899093139256
0.014132895138511445
0.021445968169502796
0.030125416122139235
0.04919567221112688
0.07096000635108086
0.12363649777760166
0.10249846291299325
-0.13641151267843135
-0.09966682206336872
-0.05555680766843714
-0.032920813757842296
-0.01646533888053052
-0.009274498902081653
-0.0009193774406211405
0.004998690543118114
0.010871038833511025
0.0149299805364186
0.022977909717845788
0.03446418665469295
0.05559560828302089
0.09003124821836654
0.23019830185564433
-1.0198047307876057
-0.5104585729936523
-0.21599058473374644
-0.09519487011129281
-0.041820135044885014
-0.021129150845483027
-0.008471275471573723
-0.0010215373362287173
0.005458988329365779
0.009921434123912509
0.013754067524852564
0.022403990161107203
0.032181995014192506
0.05191005221330611
0.08477652403131802
0.16781770984021444
0.29275565306195084
-0.42995612050393595
-0.186966854481509
-0.07658279170658906
-0.0407604859469474
-0.0192172386073722
-0.034335008812649635
-0.023422084901007584
-0.01841421309985548
-0.004700314402801666
-0.0035251788511122943
-0.024592950198609475
-0.01571624647496354
-0.013287072304074115
-0.012307695722758357
-0.02533198993728798
-0.011690033464583409
-0.026500865051405125
-0.027129020686822693
-0.01908681118353601
-0.026649050045834698
-0.04295686628909869
-0.03776539949202454
-0.018554525870989803
-0.019453793420346813
-0.00869558259114526
-0.01909685071512811
-0.019964619565221126
-0.007138409778879572
0.0073354434040808075
-0.013038453328945647
-0.01236818575397917
-0.025703200374685216
-0.03481966221553768
-0.034141981442306665
-0.02828945218092325
-0.034049950282352526
-0.04423481682064858
-0.02825944001851162
-0.02381018291937588
-0.0072276839332883445
-0.0016584867558155445
0.03754854100737492
0.15474234318360464
0.29424798170833855
0.18438979813261186
0.03715024801656744
-0.022129888984440467
-0.012679158565488522
-0.01779895617607084
-0.025193018430978296
-0.028618871516209603
-0.02874385647176863
-0.031386770605014915
-0.03278220327680388
-0.015731560850725752
-0.02251550980134347
0.03720487606100879
0.10336393027023334
0.41368753243430895
1.1704568232347743
0.4654373163923078
0.20827115527831774
0.07144344961638043
0.009166376637690899
-0.009200806623289703
-0.018171402993116478
-0.023585097575516148
-0.02619811200440889
-0.0252977128842454
-0.02503795660449186
-0.011765602281919146
-0.00826291621190914
-0.03507528828184052
0.13344044894828197
0.542644435098064
-4.695159172031017
0.31798316844083246
0.19767582235334924
0.09965379849574005
0.040648952623183326
-0.015931395736816574
-0.008655579506147978
-0.015870365798349925
-0.023636444918680194
-0.027074822975899117
-0.02914309217696233
-0.01111280326613527
-0.007356401780105274
0.05077996219575877
0.06261649372768774
0.41542350997418986
0.7627307471984829
0.28000603990066947
0.22347676733151808
0.14565753782238205
0.054496518633024245
0.004681680660104319
-0.009743820478266885
-0.008805157144349606
-0.02818883076692615
-0.01756476460432195
-0.02568883549723683
-0.023473021250308174
0.011526450305958178
0.05239342022513646
0.16684491926846623
0.1512035553717518
0.3834864374483685
0.2225288218020715
0.2670803793513074
0.10664979905527598
0.04791358323857689
-0.00040632547841014735
-0.007779422534773152
-0.011003083853786873
-0.023297914566743953
-0.023918028793492082
-0.028881807850168584
-0.00897537752702416
-0.012629654109198805
0.02319657589725625
0.06015753382273889
0.167954572058327
0.19598027078101588
0.24197316884815054
0.14400531887210793
0.0879114170633635
0.022009827715406546
-0.005926574795772005
-0.00897175916065103
-0.0029026241517309996
-0.02280951303099884
-0.023159709774618596
-0.034125991794620524
-0.03415848842428354
-0.027807047488127273
-0.009575535000975768
0.025729202944471893
0.03908080098812035
0.10190778259425301
0.08351963790466603
0.0677515335342227
0.01910995674407279
0.014358519252494768
-0.01880104090990385
-0.013281017482597936
-0.010341198158860887
-0.027443820360361488
-0.03626027331882869
-0.0440235990959534
-0.0347447715853505
-0.026780907652618337
-0.015303666213756551
-0.0040391148903478205
-0.019221100097240682
0.017753005554053198
0.04710773739748306
0.011053023262058691
0.010829057884914462
-0.01577476775045703
-0.021732839807675076
-0.017787281497367264
-0.008651189787613003
-0.02579441505000383
-0.042257588450699456
-0.02245599245361246
-0.029025083500204125
-0.030223963707958816
-0.019641743331150634
-0.013175926240561443
-0.03961700304553592
0.0002818903749889282
-0.00132941533767579
-0.005869112329457453
-0.012358650026276957
-0.02868356292614169
-0.03352013577224266
-0.01674465414679851
-0.011048862203181081
-0.024823695911337727
-0.047365473017674714
-0.03644823942169125
-0.041271042776633834
-0.026668109946928708
-0.018050524972283127
-0.02702503661192321
-0.04100074242012738
-0.009839966164100357
0.0008529609187773656
-0.0159514947365808
-0.018148156898644265
-0.03692753747876907
-0.030076164190633
-0.019121463838620185
-0.021207567198445732
-0.03240912793513118
-0.020817235548611354
-0.03932044045791573
-0.03627271926503011
-0.025675634020400503
-0.03227502198984581
-0.030103620088557156
-0.04363524458490429
-0.02000712043621791
-0.002654792735737209
-0.011345432756594085
-0.01729322054182736
-0.033413181018921885
-0.038407998497815905
-0.029816709465719286
-0.01986967895061952
-0.0329145949814534
-0.041108769306623716
-0.053423849962477794
-0.0329376143626052
-0.02215763978992088
-0.02249632136850904
-0.026765106749845603
-0.04064845465587466
-0.034121413567181264
0.0014437307477448908
-0.014956937787722946
-0.024308935339383005
-0.038386820791273785
-0.02746719010861262
-0.0358128172910157
-0.03655695533137392
-0.03396805876063188
-0.040092282466616835
-0.044437275334594684
-0.02105846036230426
-0.014309223437615476
-0.019003618507640672
-0.015243056194136155
-0.034513261080945094
-0.02466816256972968
0.000792513808749502
-0.015139836213566316
-0.03069013277007688
-0.028593552398549493
-0.04156342808312821
-0.04387043977653975
-0.01102649092643604
-0.03560666645500585
-0.05034361938404145
-0.04061720996402546
-0.02335318079178928
-0.013660148197895421
-0.01606746347361883
-0.013050611964678226
-0.041035069321090314
-0.02187667987879344
0.009528120037179249
-0.025813677894494524
-0.019771309141934597
-0.030334639215433088
-0.028132366032092262
-0.024149216635220017
-0.012049877061359569
-0.03583775358328806
-0.042737806145644354
