0.000437391377751705
0.0002380391743449308
0.027064017599979336
0.010633930409422055
6.865498620675647e-5
-0.0024330691753095776
-0.004315151757124046
-0.006718266881969195
-0.010488179226355839
-0.0074810729341318995
-0.00841667516955983
-0.003298534109281729
0.001980054930583188
0.011959666470114344
0.021510710535020384
0.042738500075212266
0.06319102817752925
0.10602754557554382
0.11483697206069889
0.08591038029289007
0.008579826396822468
-0.0022709357168434283
-0.005067078746392747
-0.0034977246453983036
-0.0011476123926671172
-0.003343862378118379
-0.004643319448534068
-0.00904208299048945
-0.006715730257623318
-0.00242092405644236
0.004065127837879442
0.014251493346609929
0.031858336331636136
0.05612290682491366
0.10811629301975996
0.19414983042857134
0.3153642592251022
2.1136408101656436
-0.5314774296354784
-0.07487618662087325
-0.019538204397237458
-0.005457269358519103
-0.0030644434229605308
-0.004635529154430411
-0.0069733875863622055
-0.007614491055299321
-0.005993386957072678
-0.0004590711124333687
0.004926749409619133
0.016150184179816687
0.031504087442245116
0.06519052740140797
0.1313917619026821
0.30677069213093133
0.8448884579843382
-4.373282445853769
-0.014217864452701649
-0.017367702495317407
-0.010549365727496493
-0.006395578298987547
-0.006655267675325505
-0.006425829394357887
-0.007439164839669591
-0.006652910556772798
-0.00491941394179492
-3.2401848025890765e-5
0.0014568852635083727
0.011420415056964301
0.027384863306637235
0.05344951796251206
0.10237033133961324
0.1889156565798597
0.3293987471493207
0.34396288915609774
0.03257872705258128
0.0036168471797290596
-0.0019314610414443377
-0.006493834331950535
-0.007771141657171967
-0.010067634293844262
-0.008553260346657186
-0.008881055283949814
-0.0053553867619677295
-0.003503904081987989
0.004090493088703036
0.00909822087829847
0.02105225739222926
0.03823862793924643
0.05998410806680056
0.09796503277205428
0.12952603637390878
0.1521361638304625
0.02249292241719986
0.006764018739696336
-0.0008159711851722939
-0.004697119796890867
-0.006890494120770346
-0.010121459879045239
-0.012537021038322126
-0.011276991739724641
-0.007088516054529485
-0.007794886338765532
0.0007781451704215406
0.005755093044750254
0.01376418281646106
0.020887841725016277
0.036449497360667424
0.04571449774541914
0.05638470245910695
0.04234377055295274
0.011332303743876459
0.00581464115416724
-0.004837422699882521
-0.006167989795250775
-0.00847151643722984
-0.0098622939882306
-0.013148565132049171
-0.014390726176759322
-0.011294954644655809
-0.0079309860381161
-0.006545152128609854
-0.00040164830736718043
0.004373537046679237
0.011959644773719842
0.019580592101948072
0.023200334211006757
0.02204091230018206
0.021147890537642582
0.0001164066176145321
-0.0010311677708610173
-0.0048272487819951025
-0.006374056472230479
-0.010846253428638666
-0.012050561542540552
-0.012541350613795264
-0.012785628676008158
-0.0139700003067324
-0.010250207393443594
-0.010913234964429105
-0.007201069560146105
-0.0055253627685788445
0.0021330443325574865
0.0043292676119899435
0.008600914230529918
0.00968864150768728
0.007201636357025435
-0.00609096160857682
-0.008157034781236205
-0.008898782212060382
-0.011563678201164492
-0.014694941058220333
-0.015196946180175445
-0.01176259468178955
-0.013762274467381111
-0.011848165564810938
-0.010117770956224282
-0.009364995964958444
-0.00523803960169916
-0.004108632601931621
-0.002463500275519193
-0.0005393530153928886
0.0022884763518353887
-0.0007503699946029226
-0.0021631436772727008
-0.00900787268249811
-0.009223981816037266
-0.011289821138797097
-0.013800711201458383
-0.01366607442143517
-0.013731583751854707
-0.014410857437774274
-0.012800831118098436
-0.011622808255318744
-0.014076145506286122
-0.010841210877117997
-0.008568184006559716
-0.006609641908806856
-0.004125935364872481
-0.0031997683580704704
-0.004867542822388092
-0.007807029367609556
-0.007825169728711777
-0.012746780266840754
-0.011170490625723825
-0.01552170490944689
-0.016134920066386605
-0.01880003624994994
-0.016498269163683316
-0.01584255386023741
-0.015056016281259084
-0.01233758057790801
-0.012865319241616324
-0.010096865732833051
-0.009125371617651536
-0.011481186133472349
-0.008892887704698193
-0.006959707220171399
-0.008567991414855978
-0.009172333738385803
-0.00775527250044076
-0.013169924846411987
-0.012147932775642436
-0.015305205378277714
-0.013779557926267252
-0.014549036398509428
-0.016090240691034128
-0.015142299594186398
-0.016415344293957534
-0.014576367032388462
-0.011385492009995607
-0.010592277150647382
-0.009962443428063631
-0.009734690913784195
-0.008399928840055882
-0.006308332475440752
-0.007669477936983442
-0.006232474209679604
-0.009351492693640584
-0.009407115763364855
-0.01024280441463036
-0.012802374343893948
-0.011857683702099884
-0.012938772192733575
-0.016918163568405118
-0.017604352938700475
-0.0159693389826131
-0.016781957909271356
-0.012752211437635788
-0.01042637298128292
-0.0083096232938609
-0.005901452677458921
-0.005611586341411397
-0.004159894674374249
-0.007067262137280783
-0.005216142896888032
-0.008853917426788278
-0.0037004143477119703
-0.0102997513997642
-0.012686390807527799
-0.01493747285978139
-0.015606673715548148
-0.015380495686167372
-0.01568590703055194
-0.013224042459986833
-0.01665944353223452
-0.014347920662506642
-0.0108271433797817
-0.00846970162963575
-0.007684897761470709
-0.004973267711943626
-0.004369957260551758
-0.004422363385199102
-0.002755757937623634
-0.004779273294065043
-0.0027050298904652734
-0.009444271828315738
-0.009639092830791025
-0.012082176905259982
-0.014357064431827314
-0.015693976161607906
-0.014962147769843191
-0.014692386016458076
-0.012778909224825628
-0.010980440207100657
-0.011695196040515199
-0.004085057633636897
-0.003528178576292985
-0.0021446435221432227
-0.0011326325931421948
0.0024765699416266353
0.0011538904876803317
-4.310444847940864e-5
0.0003231258274821059
-0.004893861484796742
-0.004665880234091019
-0.008552716969944897
-0.007284241544098069
-0.009083471400684882
-0.010140063180356622
-0.012415180016464501
-0.008578178406058555
-0.010087016397291064
-0.007055863975570143
-0.0035870912658802745
-0.00045744184708769215
0.0014027066508737174
0.0046496826597088835
0.007168242507089645
0.009230064687915993
0.0052485513673122585
0.009088129073627773
0.001922735531753677
-0.005846902828023205
-0.007662408772545996
-0.009206132651964998
-0.009744128273985811
-0.009565406206795298
-0.010510278648439805
-0.008242557560393595
-0.006057020169183896
-0.0030778329663124805
-6.590108398888837e-5
0.004490887258848867
0.011244325739686265
0.018993958020019512
0.02086237362185173
0.020531436834622135
0.019994761685929497
0.024485508945159846
0.006074750382243699
-0.0013380871332313443
-0.002181759684483105
-0.006615223248028048
-0.010357805980704437
-0.011369487718988333
-0.006923801109224872
-0.008963220501641583
-0.005176533765057738
0.0006032635422220834
0.0055921258942280205
0.012835267775665389
0.023328306875466977
0.03680540566736936
0.0467762806746359
0.05809504580509547
0.04415202719408152
0.010452441274920302
0.010122425946075106
0.008861597834912999
0.008721803637201373
0.0055773263358919216
0.003406658214519906
-0.0025005452723877975
-0.006654804666533934
-0.015804297799662324
-0.0067061065586006
-0.004001883272718533
0.003811359403523394
0.006959651488743418
0.00946001257249275
0.009630998475251052
0.011505684810916654
0.012614721682832656
0.01145112406603191
0.011674856894565568
0.010214762460776553
0.009488930730052325
0.008881769597433213
0.007528148927785881
0.005337494595060583
0.003822797827519201
-0.0002502099430477848
-0.0012663450636585547
-0.0005928886523080053
0.002528905363823099
0.004748127063834125
0.0061859908592946135
0.007969170920204922
0.009585086154634305
0.010554854508895158
0.01205120769940272
0.010832760432639237
0.011017924681869922
0.010988790933943351
0.009931386008621161
0.009425046452726342
0.008423445344247929
0.0075135408536669826
0.006359591503526942
0.005185768090676124
0.003345492638313116
0.0050862530204730215
0.005209216219561021
0.007960234428933724
0.008446835990154436
0.009548764104432981
0.00990562538474443
0.010568077799737494
0.011789908067443811
0.010033285893832579
0.011299598700687977
0.01049533897291515
0.009711990856150005
0.010153203891196937
0.01009777877176675
0.00779532587626266
0.008676189076444506
0.006431928472230105
0.007412948989259987
0.006942148924249236
0.007554904521328845
0.00843567827957942
0.009049932604888665
0.01045949953656835
0.010346029169401054
0.01052722865883571
0.012054033693612286
0.011815411975078904
0.012179337023651732
0.01122042459128787
0.011615121371624236
0.011083686454377318
0.009600803228691399
0.008960210988278929
0.009590374856905587
0.009414765993914716
0.008642895622738121
0.008967971334452228
0.009271629387210148
0.00909458059198302
0.01024458316885773
0.012049469406533201
0.011429816055298265
0.011759319064248349
0.011203104424469234
0.012252029330008688
0.01170342929370165
0.010216160473192137
0.011290801182000534
0.010844363719359316
0.01061921422391453
0.010928975610178441
0.00954785093453368
0.010691011924644315
0.010610031555306506
0.010555249154815493
0.011563566385091404
0.010333318175688153
0.010257714986567416
0.010891877334834713
0.011640401374549083
0.010726722608452123
0.010326466805446988
0.011815349874215886
0.011928821001195114
0.010368940733152388
0.010889070969023579
0.01169762092900476
0.011883968483557432
0.012181361425565406
0.011849498910131135
0.013643683147803464
0.01258465265900549
0.013635539733233858
0.01287090802396106
0.01225212418370118
0.010904329068351357
0.011640369863777502
0.011333652568272255
0.012035330008760642
0.011092130458834195
0.011372257575716728
0.011464918150176064
0.011326433006114876
0.010108779916149727
0.010988061523713942
0.012511654651928251
0.012864260752509257
0.013794289299227897
0.014059900822067737
0.01541854964228132
0.014797034123194115
0.014887515259233495
0.013920140435596908
0.011960487409136062
0.012167082064205572
0.01202866709171183
0.012263927492168066
0.011347536194599663
0.01184971955179959
0.01036110742624455
0.011968834337203537
0.010508974466916161
0.013115465659695819
0.013597874453550098
0.014255783282914427
0.01544952756974887
0.017392131037112415
0.01729294968610111
0.01662812828936935
0.016409805890740516
0.015316918969802674
0.014399511719134252
0.013697590941255184
0.012785975367371057
0.012317957892365769
0.010794973610348757
0.010918481370183551
0.011778345815628232
0.012202986949346085
0.012955642924192566
0.01469578502372247
0.015510028190677901
0.017690276947816514
0.01961704374761155
0.02273525788372485
0.022328409101581077
0.021414003734339673
0.02087442835241087
0.0172888496578135
0.015215981160106539
0.014334450012957172
0.012577886735613787
0.01334792571270336
0.011693458965800199
0.01207526081373592
0.012703710574952315
0.012931136361357533
0.013838302496322447
0.016046404303312046
0.017758553805341127
0.021445311068632424
0.02440300915702296
0.02958459940230558
0.029653206105998323
0.03055037646356273
0.0248953052710001
0.021699418868755965
0.01877333838776836
0.016566186284132273
0.013889319081332268
0.013663717220585162
0.012367892083440425
0.012070947208605716
0.012918396527618134
0.013480337760477756
0.015007211937240103
0.016160421991099978
0.02032323197310905
0.02503546853509705
0.035336375416182925
0.04250255628506757
0.05136992715773023
0.0419320927103901
0.03490621311918829
0.025855908737127287
0.02100110626561212
0.01597094422903928
0.014874947300245701
0.012844526255387446
0.012185299303955835
0.011669663551207868
0.013126257270064194
0.013899850101114317
0.015200397828013964
0.018238872266732063
0.0222036043627201
0.03300185051941058
0.04732457661085684
0.07469214190260882
0.08649885076396491
0.07568934252545721
0.04663011366752519
0.03320991550325586
0.02249538482144362
0.01650190069037689
0.015111263274740579
0.013108166090256206
0.011453970350770209
0.01259939499546742
0.013297067347099949
0.014658605953582208
0.015243259195429381
0.017136643765663977
0.02480906808839911
0.03516780759483384
0.07207028274465299
0.1313250852787675
0.288728416296491
0.13071363751008822
0.07148368982993215
0.03531779669654872
0.023619578806842526
0.016484502772144978
0.014097508089254012
0.013298051792772504
0.01267685757861138
0.01249148881901015
0.012685224608390392
0.013735939991772028
0.013531566107529838
0.015005609269287961
0.018769713744255845
0.033789535902951945
0.0588642323341937
0.3053918151618636
-2.7093085130007326
0.258886426022464
0.057635605118075514
0.03530347659626876
0.020664006313137265
0.016987533837856287
0.01219860450372105
0.012670973835182304
0.012400373699407783
0.01338645018285444
0.011830316897828042
0.012056012731464316
0.012329026491009084
0.010416011120451476
0.014041528756586878
0.0065814001237123184
-0.019140900090633874
-0.10587507065967491
-2.1416218303114323
-0.09909582108055637
-0.014054731300062902
0.00660133233198685
0.014575359117515702
0.012144662887508874
0.011512096827545192
0.01085042843115068
0.011374164203843655
0.012117930466757337
0.011220164103874351
0.010778113544918146
0.010105095453901147
0.009897755003242574
0.007290855065258632
0.004389249384878214
-0.024232577461466905
-0.05246679010781583
-0.14687845262577173
-0.04475051505006831
-0.025992714034895534
0.003196711284836301
0.007272335243016358
0.012118197884386502
0.010811292359689091
0.0095894462538024
0.010504367426914402
0.011160796379900757
0.011004545541924373
0.010595668928118793
0.010341514677568683
0.007865021226028321
0.006154562703197342
0.0008536968287143264
-0.005383091291883936
-0.0313153398407221
-0.034495253849420426
-0.03157174911932662
-0.008580975936804257
0.0005321432222165992
0.0068799773233176485
0.009046538025751553
0.01037273134505138
0.011240069076539383
0.011823904433517522
0.011145841802392366
