0.0011987513954941783
-0.0022248134606755315
-0.000423687047941049
-0.00045304125462019597
0.018938667763420503
0.02761722435644991
0.028288459301900916
0.02961945020886368
0.03158322080818205
0.03402017717398133
0.026696926965728392
0.021412208048527646
0.028709607588878798
0.013146970794027381
0.015091462137206423
0.02018267578054236
0.021347357489547664
0.015616968417069528
0.01880302385738012
0.012118862263971703
0.011771674664040506
0.010784483077834719
0.004984675855851089
0.027424989634396435
0.026352030628944634
0.0291631360982393
0.028625077702131137
0.02983676484607218
0.029880343404976986
0.023058818973955248
0.01687756839445453
0.0148492660813709
0.01586693872216407
0.01097775488826697
0.014801343664688158
0.019952535596231585
0.005583793062731589
0.01509083572422253
0.017140199433752307
0.02911531128610712
0.017529709574547133
0.020895468946398085
0.019559085876021648
0.02004714959696347
0.028932420604990076
0.04180009937326363
0.030297972884259453
0.007102384506580418
0.00851708921028049
0.01802667543583255
0.007051938959741079
0.012996986338981827
0.009135795293356787
0.009533792260007824
0.012029375918879712
0.016483656482549906
0.01765749270935945
0.01899234955863062
0.02926478718977308
0.022639689883153662
0.025740866119336497
0.03231589748236747
0.016131822794614885
0.02948659997054273
0.01566898281814467
0.007125537823252111
0.010496746831243306
0.012077393182237339
0.014513855090173812
-0.0037613457529495128
-0.017613142189489
-0.011227771142314713
0.002370917306361994
0.015033653341915117
0.009851883087169836
0.013159182208139275
0.03454241014185435
0.018761754599419166
0.030980563723420926
0.028741024753806806
0.028877860715370338
0.018282200651095204
0.017226140019633608
0.006217244392171953
0.02031516694159747
0.008283052377954103
-0.0006739584017790458
-0.007750589774192471
-0.01721483358279761
-0.02251655871146615
-0.015625609068330798
0.007068762103139035
0.022138763536533487
0.02566122250635408
0.01864445373044486
0.026519068037487818
0.021301912333180652
0.03397017345406215
0.027076283767532502
0.02133793171877778
0.015659665313890337
0.010681728850949562
0.008969510660959416
0.006827627266626468
-0.003151411943808754
-0.018279732565278674
-0.04582757704947037
-0.05048981668821603
-0.05411795078136636
-0.032056664690581854
-0.003027492924755345
0.03231206200564675
0.02415300844847191
0.026519721710959482
0.02185469368094473
0.03839258675669213
0.023986919917981013
0.015924794291942216
0.027741922997005827
0.014816924309795556
0.008610024365484201
0.002999440217503959
-0.0035918047421283003
-0.039150276172809716
-0.05948900823824329
-0.11279711655583848
-0.22422092362226634
-0.05517564209085838
-0.004592441147642254
-0.007328672416591356
0.007451726368185963
0.016897730963550312
0.017358890511294058
0.0208447279496422
0.018811006039868735
0.011974270246891466
0.02352253359107257
0.009595468572409529
0.0056040670488411715
6.444416799706145e-5
-0.01931624289604967
-0.035410185504373214
-0.0927459387466158
-0.12857548684114495
-0.20215790591726332
-0.9116263415983074
-0.16753894590304091
-0.0011733344315195304
-0.03210719856445275
-0.017966966563862916
0.0016202619289252093
0.009074493274998987
0.024220214819326572
0.017733908641511167
0.015949747268878465
0.007525969640363459
0.0026312016253842853
-0.0012596847268023206
-0.007505857710813764
-0.040412890279677004
-0.07359397128173797
-0.22676987119360487
-0.5965792815814287
4.209595477271261
-0.619212187597809
-0.17295700148479243
-0.08952261676944398
-0.02733094116456357
-0.0073104890648479585
0.005272845576238713
0.015057294428327645
0.0208833696953866
0.010083173465493228
0.021325252290431394
0.0065853477193327
0.0006628881367765707
-0.017312881080879482
-0.025743515414057578
-0.09407268495322552
-0.12354686165824207
-0.4129309498648045
-0.5157975501902049
-0.5972789198628046
-0.1689166296923865
-0.05565040110515996
-0.028160443522587134
-0.012670572859046903
-0.0013288942504063404
0.014623035895022203
0.017286392667346443
0.008228878549794889
0.0176598000120146
0.010591427387835861
-0.01295419130656576
0.0008798168766796857
-0.02587738358347652
-0.036728426481229995
-0.10799248243639152
-0.13564012105969084
-0.40324535135288103
-0.09014395058951771
-0.14585498569093489
-0.041632602032472085
-0.017492965161727565
-0.009667524882793698
0.006862479189725243
0.014709610674393267
0.023469014918272562
0.021679075160996486
0.018673169825580916
0.008506390167912811
0.0017745473506021008
0.006415390352349536
-0.0010790890140086632
-0.02162737202101076
-0.04955617287353597
-0.09857895937217748
-0.09501126669196688
-0.13196256638671788
-0.06610978843607912
-0.018962256972654856
-0.012258321310144368
0.00506757435920679
0.00852286337224335
0.009815149097803136
0.03247042334446231
0.02680371559940202
0.02341784854559993
0.012246642228789196
0.008824514957017122
0.005759950255325946
0.008620137260558318
-0.012187290257529623
-0.03136244330619624
-0.043060855825787496
-0.07495321769679333
-0.04733603228196535
-0.04456805721453302
0.0056373732673936985
0.007844118944200552
-0.0006339741355478447
0.015016577184888042
0.021911765697345202
0.03522990815916561
0.02871264852001626
0.016463730046753777
0.026136496571689004
0.010017689021351887
0.010771487120273222
0.015055290680938931
-0.004116651077252087
0.008089076821664435
-0.011844462709859902
-0.023022773957906795
-0.026968690933986773
-0.0024990534909393363
0.0038786260883554497
0.0034380823950020765
0.02130608561019294
0.01505394099228044
0.03025482877941782
0.03573221496907631
0.017561424248647334
0.006348198728283822
0.01794172181435061
0.02467019213629705
0.022800058995852336
0.015161461407212183
0.01719124133852021
0.005084215951530571
0.004080901794720945
-0.008674178292052425
-0.0039098100082805365
-0.004215540786866773
0.008082177075678081
0.016482649972429753
0.01650172581276917
0.022849040938394075
0.0272037477398268
0.025635922412062837
0.01971396586016127
0.020551234333793172
0.019179198888020478
0.020099946542513073
0.01701711899360334
0.014993947895718188
0.029606302445799926
0.0059365600545719256
0.010119224799460333
0.00971580785279113
0.01447371056054104
0.002349416874175075
0.013758311691325324
0.01738353507678791
0.024307000374921447
0.027658866489163478
0.021903686011576055
0.03194174692760924
0.024185396284519954
0.014891779641325417
0.018048725642338673
0.016333543822295855
0.016393818422054077
0.013853652944062734
0.020105815796780183
0.022714834928490392
0.021071841425431472
0.0149920409601357
0.009997271463739469
0.013237292336340606
0.01815128290967298
0.031192529589243297
0.03196745126820689
0.029205740168254717
0.023846138421670635
0.026623832147626002
0.0243500567744634
0.027318411028525738
0.028059944177314698
0.018831645879315996
0.010487060499169344
0.012763021426077178
0.019748481392422777
0.026121256392988373
0.02116085699589319
0.015291432501958574
0.008770854402728873
0.010473734008622105
0.010724511513985327
0.00525474725725961
-0.0007477968346358105
-0.000333014262328108
-0.0007574501547288777
0.00029750646795920384
-0.0011042827442314467
0.0010071859192309538
0.0030264153616036773
0.0034808487758467305
0.005506820017894819
0.009795653357578229
0.012225261219936947
0.02259954466966616
0.02857088907603196
0.044354488670632325
0.037208319962100216
0.033533586200633535
0.010525786307465724
0.004952237048085973
0.0022606812334901773
0.001689353916098173
0.0008756855261201478
0.00020689176440193255
-4.961767495468037e-5
0.0008808317016157297
0.0035251310245285467
0.002592672719407913
0.004385411996034134
0.006479103713988772
0.010104695556430118
0.014739376337894529
0.021505404340691488
0.02041072310616449
0.024136998862135724
0.015044257814028246
0.00796621642515731
0.00658435592589443
0.0028784112684417545
0.001783551660752155
0.0014005706213509974
0.0010948593938005025
0.0003006854005920968
0.0006489546838196013
0.002782965528105432
0.0047670427588109516
0.0040901706408037666
0.006740152540877338
0.007535919349940762
0.010704588189930163
0.011461623751594145
0.014962335391449411
0.01268526516938959
0.0126754506538094
0.003567838877592438
0.0027615303930416577
0.002593830502644577
0.0017706088414549492
0.0023577490649860358
0.0001765915125265541
0.0007225171574555877
0.0011992288838593278
0.0012226646008354574
0.001910495880360582
0.0038291669739303987
0.006598101693418807
0.00591916001565951
0.006832355784421824
0.008134076101612672
0.007751547469831201
0.010294833642723718
0.007205951154911121
0.0013976501627479135
0.002654376039333843
0.0006731005286144686
0.0020986941861500076
0.001842982735775917
-0.00010366810983668923
-6.286325699089479e-5
0.002035470154619735
0.0015949524510367396
0.002203799705822701
0.004424624123612342
0.0046818648834492296
0.0041064194546207595
0.004715203737111663
0.005920022263662029
0.005025715304961108
0.005146718426302996
0.003959172744202177
-0.0005545340517343908
0.0006680481422012799
0.0001445611144466288
0.001211152557564871
-0.001098846572831588
-0.0013072609720752393
0.0009546593038227669
0.0021418962188996748
0.0007576778797551708
0.0016845260802299117
0.002108333325834324
0.003596071594629718
0.0032566422172179282
0.0037857042023508127
0.00474386649637513
0.002947829730233816
0.001600505737890143
-6.367745963258085e-5
-0.0013613938954335624
-0.0020469358679057084
-0.002209269044318673
-0.0010029455044213277
-0.002155899238678464
-0.0014374080830052587
-0.0012752934403607902
-0.0012755040607433975
-0.0002829531971442477
0.0024815065727102274
0.0035350877487472366
0.0022529518938886797
0.00040784432877181834
0.0016724597045724415
0.0015311552288447495
0.0013485410722088888
0.00026450738820685943
0.00038070129780573005
-0.0023384354772732017
-0.0036273771855802202
-0.0038259749368989133
-0.0011690802292321526
-0.0016903679958139059
-0.0044320004269358115
-0.0021028527345353007
-0.001877553060778378
-0.0008038381006041487
0.0012179970790401442
0.0020527076951406317
0.0002743722943995565
-9.256755035352859e-5
0.0006972604640883538
-0.00015683378269273692
-0.0023661563318044423
-0.00034225856641094854
-0.001400947160169498
-0.0031506345432045727
-0.005629172531597358
-0.0051263774177244615
-0.00492671552178383
-0.005505594516642316
-0.0040937502911230685
-0.0024732780352907393
-0.0007776800462482121
0.00016766818110785847
0.0015609012468204779
0.0001520941602466864
0.0014716264779651483
0.00024550296755396434
-0.00213586274287279
-0.0017771410959048412
-0.0026384597173535924
-0.0034036121900959853
-0.0039539417023027245
-0.007712285458395292
-0.008430799921309972
-0.006831814033302518
-0.006567691989365218
-0.006680411343047071
-0.005609661920952446
-0.003866258964902976
-0.002120281227382837
-0.00220244349499033
-0.000606210489421517
0.0008353107558809371
0.0005196977024249691
-0.00021808678267822693
-0.0024009312234864284
-0.0025962528194769163
-0.005048520114218358
-0.00553922330383018
-0.008817115870635824
-0.015513020986544961
-0.012797917389233167
-0.013502263672880682
-0.008363734185368421
-0.006375045887733594
-0.006223271308102986
-0.003193104956751016
0.0003116283084747255
-2.3590981689791966e-5
0.0021057056370206526
0.0015950451960567616
0.0010351094919254175
-1.0470975182899655e-5
-0.002799104615576293
-0.006046535593536011
-0.008465166115740844
-0.014581940072691512
-0.015299756133328409
-0.02500384148303078
-0.023999644091254838
-0.015674343470430833
-0.011153852056445335
-0.007314825619256569
-0.0064859559522140375
-0.0037249903482033477
-0.001868436250314413
-0.0011865113046529748
0.0011046873194096227
0.0011996876621429417
0.001249436515288319
0.00067266541799163
-0.0013196236241906417
-0.006206691333976222
-0.01710200809353168
-0.020965401594645734
-0.031191061970256208
-0.04886964986600863
-0.03090224854709025
-0.02245667838998123
-0.0116749404879493
-0.007773573435018156
-0.005126845282269371
-0.004054866984877045
-0.002718594937435621
-0.00037409049818734456
0.0007063641490147452
0.0012061928047254645
0.0037864307535790506
0.0010551009936834294
0.0021189874693250043
-0.006678702881223282
-0.014975339206667852
-0.049965929190877285
-0.05190419822242808
-0.07851676811726785
-0.05304226004713227
-0.027250633459927877
-0.016667779129803384
-0.009813246686458154
-0.006076627581262877
-0.004246490893924726
-0.005406475858113985
-0.0002664011333562785
0.0018388226228712868
0.0050871551146887215
0.003945852069935937
0.00846748685472722
0.008455835024300008
0.010257336342605497
-0.016789571629481564
-0.07243931403797314
-0.11467098981043047
-0.1205929188560022
-0.0554198003127613
-0.03440118301949085
-0.01448634711985646
-0.010835463086141195
-0.0061637812674369165
-0.0055151525662708294
-0.002643076387476064
-0.00017014374999564327
0.0014060568703504084
0.0034683431549795965
0.009575304703644445
0.013191578713294431
0.02481171967671324
0.028824132647279472
0.03583767749864896
-0.2562522208292097
-0.2400362900452677
-0.08057701558925348
-0.05608855764826884
-0.02432820436862173
-0.014839149812340517
-0.007447555497232911
-0.0034906537884940732
-0.001731995073615577
-0.0014124012140817929
0.0003706823326323201
0.0037228800058894183
0.008834471630556135
0.012432530724287865
0.02209304878169319
0.036833758564638545
0.1043382345429888
0.21026730465810167
0.41893610179454616
-0.3365455960466385
-0.006991200920238672
-0.011806944304689442
-0.014439838769834554
-0.00753973107084096
-0.005273825937130488
-0.0037630673654463205
-0.003231542985781589
0.000907702242412996
0.0028267469241231103
0.005821692930552842
0.007424621416730352
0.014208938110828025
0.018785782785810716
0.04463187767836723
0.06672879697010554
0.11844904946720569
0.21385193880170061
0.08942475881381319
0.016517996686017444
-0.0038366186382172776
-0.0010724596496371583
-0.003963757112828502
-0.0017346576641921988
-0.0013641529049207926
-0.0001116287669507372
0.00011948536775953421
0.0031992002006973885
0.004697639995037431
0.00874952682146269
0.011321119723916273
0.018849160937458732
0.025769229570582572
0.05092218033578689
0.06891132846702405
0.10728599355107128
0.04934568032453432
-0.01780540380527204
0.016018489140833644
0.01601238231128467
0.017469425468663546
0.010569418950829261
0.006326623949664204
0.0003162572321060299
-0.0025192412433270956
-0.005145760801380591
-0.008041262035028297
-0.011986071580163809
-0.01395742049658445
-0.017232012616284143
-0.020461771299336337
-0.024943651936816327
-0.02745683560031091
-0.033342917618184205
-0.026873438055515824
-0.010461979449211537
-0.0018287210430566535
0.006053929487885145
0.003784458597608009
0.003956129612987862
2.7282163952268483e-5
-0.000757614986107359
-0.0044777996914434365
-0.006642402002963988
-0.008912480676848052
-0.011515904157666389
-0.01335407813128574
-0.015917178487238157
-0.01790143794603186
-0.019528027231635072
-0.02238811212196093
-0.02115713366311787
-0.019546499438028744
-0.012284568142027155
-0.0050085871524007015
-0.0027209594986040927
-0.0005417217009268607
-0.0013281161723455591
-0.0018141359924463507
-0.003284446562792437
-0.003943691559116723
-0.0074787203402266874
-0.007998134138775174
-0.010817244324988196
-0.011739602299256023
-0.013936182494745363
-0.015491225831848367
-0.01717158778189202
-0.017425744648386254
-0.017395979237842186
-0.015689026502085715
-0.010316992164282019
-0.007083955333944673
-0.003855928346291291
-0.003575499577551433
-0.0031080142537265563
-0.004611117766166208
-0.005445542753270372
-0.005496698864485868
-0.0073870724967877634
-0.008945514970130457
-0.009889114352581814
-0.010854038882111571
-0.012335717102004288
-0.013589271047302313
-0.013416175130375949
-0.015728711052329203
-0.013291654397949368
-0.01389163288148427
-0.01127953994015734
-0.008462175375301128
-0.0076590410599871985
-0.006540292769813483
-0.005665101349646063
-0.005700010551629483
-0.007227352958751447
-0.007013176912226537
-0.007471232223050571
-0.009291764808875861
-0.01003234918082854
-0.010462653740684088
-0.012248658787629858
-0.01257771117671851
-0.013391901357478163
-0.01305870339738696
-0.014264260576820663
-0.012239723128863742
-0.009762943523541246
-0.009154957133079315
-0.007401647160948645
-0.007459506088505145
-0.006200410744203875
-0.0074484353210338815
-0.0058075260058547086
-0.008366635763801096
-0.009747014924646361
-0.009115247210963334
-0.00971345772864823
-0.011230675650555416
-0.010885661112959657
-0.012636425100810499
-0.012669595397539432
-0.012817756659527977
-0.012241397722568149
-0.011856921397301321
-0.011354255942329755
-0.009300322593531972
-0.009185082538180983
-0.008450780591531395
-0.007458939477509001
-0.0076152266749684614
-0.008422317589037793
-0.009007808735132442
-0.01024652023117413
-0.009082713272681654
-0.010745756356576364
-0.01073858924818196
-0.012874515122884704
-0.012687163724506893
-0.013710313493295066
-0.013157571715042704
-0.012731443150555842
-0.011399775657762201
-0.011225009340646174
-0.010375682107699525
-0.009367440410122514
-0.008454778724788996
-0.007229615885854002
-0.006947733087938247
-0.007566064154958884
-0.008166232071364838
-0.009124300617521668
-0.010246785233312423
-0.01121187454124024
-0.011496537139548365
-0.012356419181243371
-0.0129450409654943
-0.014769813648627733
-0.014115553343486301
-0.012381809510694747
-0.01124173446019705
-0.011757378417730684
-0.009386119760562235
-0.00940451790256853
-0.006486796969553719
-0.007108331368282099
-0.006774053073121389
-0.008531153475277194
-0.00880946989661338
-0.009129890688282493
-0.009988978912449546
-0.011414505352174455
-0.012305132241282612
-0.01271399340841997
-0.012892555117075459
-0.013448617689702598
-0.013489258849770739
-0.013554120528173683
-0.01268591182612946
-0.012472956620419362
-0.009987930156448728
-0.006187529530984777
-0.006257559245615292
-0.005154001564922106
-0.006265761430399765
-0.006868968296330548
-0.007461920566684925
-0.009318189980504342
-0.01030396961302305
-0.010228741285150228
-0.011501395318431964
-0.0141077850088281
-0.016325650110066058
-0.016053796803056707
-0.017487044380115113
-0.016444520959567492
-0.015550773577999671
-0.014736352815875958
-0.007394055209293792
-0.0049040674365364465
-0.0019676623344183066
-0.0029533998652457906
-0.0027344318699991043
-0.004934235738530886
-0.006058115315995023
-0.008131255772509885
-0.010316148106093093
-0.012555245868506771
-0.012756968167075854
-0.016364828889018693
-0.016832841982813117
-0.019316579030678887
-0.019544966696727423
-0.02061989936953549
-0.017493944543191507
-0.01645126328593869
-0.008267587876857945
0.0015556914902301842
0.0018842383522356039
0.0018179445622400726
-0.0005785099263888317
-0.0017154326863284487
-0.005325073143641548
-0.0068697612362660886
-0.009805143442748692
-0.01163884927780518
-0.01344392373991001
-0.016471724824534437
-0.01966027027607204
-0.021370725012357508
-0.025470400855653184
-0.025237162511569308
-0.02548012736900448
-0.031344718878289095
0.0036592869341004032
0.008823534398190587
0.013497430179455708
0.007594528665305945
0.005033870773027226
-0.00022075119700104586
-0.0032398403573288687
-0.005737614190470747
-0.008476377946615765
-0.011632850933118947
-0.015138913373336543
-0.018854081492118365
-0.02206511009126422
-0.027196742224699363
-0.03123185555184758
-0.03959348242328323
-0.03678667598730195
-0.04448103211235225
0.009811951735409651
0.04828684184495985
0.026451527220550903
0.020091349127243564
0.0087677442979177
0.0044039017384369435
-0.00259583160838648
-0.0055406762232208875
-0.008040027902092392
-0.012231521128064018
-0.016492585799942883
-0.019606738278866158
-0.024942759395145314
-0.031927734374764954
-0.045839739928271464
-0.053321590005556536
-0.07957253687946401
-0.20262438154288873
0.1970068408933643
0.0794346857869545
0.06463631004982474
0.028588896069914105
0.016494003398920966
0.0056387042394487955
0.0004616638166660787
-0.005377647883175199
-0.009389861250422519
-0.012769949485303295
-0.015619890073213221
-0.020095959236631628
-0.026722006564088727
-0.03874372183603426
-0.0528575213915057
-0.09632067659906869
-0.12489238089429562
2.0179334294862445
1.055154868926126
0.25352369966662774
0.07811998260847476
0.04188792758337627
0.01775632587623101
0.008209090592662822
-0.0009876783408311973
-0.00360847507618428
-0.008535466084009959
-0.010962180731946053
-0.017094222705239685
-0.0210284806766342
-0.029104752779625452
-0.039233421804502844
-0.06819325196292403
-0.10511583528549126
-0.30518220098754545
-0.19819963144047725
0.2077101781953232
0.10118806115933672
0.07129095171560938
0.03119704958572894
0.018418255842107854
0.006361587546698776
0.00041793315462637805
-0.004174193879832776
-0.008144849042630424
-0.012910967848937685
-0.016323167797968628
-0.020156052106730153
-0.025329087212846536
-0.03735923771346881
-0.0522138516030033
-0.08663315322957008
-0.09269225728129946
-0.018066736443693325
0.039090280440309585
0.060807423617167004
0.03262431572982712
0.02309486996179147
0.009369198094031157
0.005248833990732256
-0.001223488645956095
-0.005260245406668863
-0.007638965476553365
-0.011316148330442468
-0.01627761097468565
-0.018470818964809062
-0.023520120444311215
-0.029513157403102768
-0.040213663874889796
-0.04727297656876234
-0.06699637585827509
0.00852739338233115
0.009230527018697058
0.008589877517598267
0.007614438216106817
0.008495524022186033
0.007978331229864598
0.007520178024672919
0.006125353049389639
0.006784037563006028
0.0057621197658200935
0.0059709024844194075
0.00299320476881305
0.0033978968950753898
0.003959462546008468
0.005477143853400398
0.005744866603655699
0.0075537121203844634
0.006742871351223297
0.010127693826440319
0.009600241145501657
0.007101448038140365
0.00857286272406847
0.009853227244565067
0.010052290724839149
0.008823715031322437
0.009560943733977022
0.00847151180843821
0.00879756942885812
0.007957975765792664
0.007259762243884402
0.007640797829799412
0.00923982492903942
0.007512574891353931
0.008980140650623098
0.0077743824858559595
0.008302307188036602
0.00866156766714028
0.008519111759105056
0.009226421632165758
0.010140828003990824
0.010954687536216713
0.009423935917453899
0.009376837597766328
0.011403205747801721
0.012249987453182565
0.011446279518376946
0.011601717541230861
0.011082920185344888
0.011497114434989589
0.010547636119263995
0.010160513423886275
0.010262224570778335
0.01000247079870457
0.009776382834515731
0.010035281672931195
0.011353485120342753
0.011014541173665049
0.011686224918188383
0.01232849762442478
0.011211272507374644
0.012455047223114224
0.012558893332603753
0.013424319480805793
0.015329799451791774
0.016025052873190466
0.015676297361340873
0.015196267437823657
0.016006723887477797
0.012593508689290578
0.012718355068237003
0.01112780849320723
0.010527980092124425
0.011050984661764643
0.011354657351282896
0.01218670614164427
0.012069018869115279
0.012854990887753
0.013043923342413196
0.015036478459085439
0.014932028941051481
0.016975513915291313
0.019032615127119054
0.021240072660806335
0.019838740694871227
0.0197498513161274
0.01718803110705342
0.015681975446676516
0.01405947345294943
0.012666192142686907
0.011169922160751865
0.011532679059384434
0.011804703500748791
0.012541126875514723
0.013000669895150613
0.014523110919270627
0.015347500444599196
0.015503630113025203
0.018556430503463284
0.020457680079893143
0.02518025163675582
0.026632769156623378
0.02834886672234564
0.024398814641960143
0.024137602886649265
0.01930731438239808
0.016659817070054418
0.013699485769114143
0.013663481508742222
0.012851370349718953
0.011990813461538755
0.01279864537000205
0.013400138434297205
0.015019192162601811
0.01626218196187456
0.018493349072073964
0.020192939556267067
0.02600079889798022
0.030602388532002506
0.037902222135283485
0.03735861185534413
0.036230207851331526
0.02777010586530606
0.02320482210270281
0.01834750398533682
0.01682797565497137
0.013574609881357651
0.01165071878708848
0.012323339855972133
0.011063528907068586
0.013066443046993158
0.01382624062465701
0.016979602929587938
0.01883171229675217
0.02412623088893139
0.029294834667174897
0.043021103327254194
0.05051817683248779
0.0635973129956935
0.047714637672298076
0.0379158315669141
0.02535942193416608
0.021195092235659456
0.01699315253987878
0.01425247827661475
0.011058081168061165
0.00996461122104669
0.01171902894327153
0.012706497497779478
0.014247633992335364
0.015423783054231094
0.019075914316000114
0.024122560763314572
0.03890180934486425
0.0522082661769367
0.09358693830456402
0.09584126174366929
0.08148460458833301
0.04221047676647412
0.03079526122675539
0.019766213811616536
0.01706917950480452
0.012602815537031993
0.00928647626892322
0.009776472360990256
0.011847966348259124
0.012255619842881883
0.013363014163024628
0.01402555333656882
0.01716172990745308
0.02645101246669296
0.03676192258916638
0.08046559166165902
0.11919015870483768
0.27905575543064587
0.08709570570657259
0.06320105034210911
0.024630867543929374
0.019616943994492885
0.012878695976225409
0.012124614569916412
0.010670908106369522
0.010295692221423755
0.01068258145934442
0.008466970384365533
0.012285032137822923
0.011902321761189669
0.01654628848823767
0.018553309056839995
0.038740047147327816
0.06040015494439456
0.25620040367532715
-2.1878927312326013
0.21506872267447724
0.025223310125969536
0.021352557644157742
0.009636735897150021
0.011048487408424627
0.008948332456006004
0.008604139064315595
0.00825729098570076
0.008669560558543695
0.009661493148896994
0.010238938114761564
0.010918926898455375
0.009913958385046715
0.013360119540631567
0.007341774402200981
0.014820038983670684
-0.16884639881070512
-1.1384244170191915
-0.17899492918369364
-0.024581502059884283
-0.013759510326194803
0.002156756079642733
0.003898629294641556
0.007274081350728092
0.0070260822237454435
0.008145886659853083
0.007725017133655319
0.008309804472796337
0.007870602623295236
0.0070905525101580495
0.006692180458814139
0.0021804182983953834
-0.0035964311713637784
-0.04209638585359713
-0.06365756519429698
-0.26793398828443293
-0.10836433521783267
-0.06097527344053837
-0.01604351647195094
-0.0062899291788337565
0.003389926185797033
0.004193270037520459
0.005685635129148521
0.0072441416970979305
0.007182993868853775
0.008226579784351363
0.007068043995205003
0.00618256243453176
0.003628257941117061
0.0013828429080234208
-0.008846251062731791
-0.02133466435394947
-0.06087490547796536
-0.07877626817144666
-0.07535011264146407
-0.032705318326458975
-0.018188364264707206
-0.003736573712552859
8.539158840586159e-5
0.004428245702328004
0.0058480411255611335
0.007753328693802181
0.007925263466014602
0.006761552610145158
0.00606034201360499
0.0053842222133580146
0.0027719185220362137
-0.0015253185985286207
-0.005632918515022686
-0.01708210577681814
-0.028042811176675318
-0.044790581125734454
-0.032287889849057394
-0.024230835412927934
-0.0096133459767325
-0.004737265765561883
0.0010440819812526573
0.003433049151840766
0.005628360066136174
0.007591696884333536
0.007285493845503706
0.006271794230722681
0.006238319665694895
0.005214931253262757
0.002388234872973563
0.0012978013955849137
-0.004349677264759548
-0.007703867292138993
-0.016483945645492003
-0.017566328233202595
-0.018470155893248595
-0.009689815798948969
-0.006116255922240432
-0.0002848163525561797
0.0027806691940628504
0.004956852644880514
0.006781711861083042
0.006758862818590399
0.007923739473180688
0.006924598691518019
0.006539906437580641
0.006166562448517225
0.005271504319750895
0.0016598905853953622
0.00017175549456999682
-0.002466453828949106
-0.005407206188587159
-0.008187750036411038
-0.005952474468674529
-0.0048846822404709205
-0.0003852519578711809
0.0019462794297289547
0.004584088129738449
0.006423602674930929
0.006939220386453764
0.007934320359056881
0.008256186607205568
0.007511425515379921
0.006302265961832754
0.007915075930167038
0.005955877333970142
0.005594886059602723
0.003068116160194618
0.002170431284795273
-0.00012557853177643639
-0.0008683973499529368
-0.0013296003010721154
0.00017066567694855886
0.001711160454788712
0.004062752287694767
0.005408523251729247
0.005360083163868415
