-0.0008493220335237501
-0.00025978780419181626
0.012529151309874264
0.018354323417199572
0.027831511708551186
0.0375408688881115
0.0465087167558995
0.04964234375592981
0.04549619870036979
0.03709989863107655
0.027315355583263593
0.018805011077831404
0.011813792128477007
0.00810583227594235
0.004886652523814703
0.0010480190972471932
-0.0019252570206872033
-0.002506666512501362
-0.0007807399348073624
0.0010447865284059867
0.004386909367981834
0.0074529759661680385
0.0158504706294816
0.027885855739235483
0.043761400972928584
0.06255438949225291
0.08059241536811274
0.09282614066653756
0.08111391891760318
0.06331640680433093
0.0418969298728878
0.027139999699467895
0.015097395465701987
0.008651176510256566
0.006200828309527008
0.0015492993657197775
-0.0009155542759193009
-0.0013805850031474599
-0.0020689495511302756
0.0023766830471870777
0.006734972756485703
0.010752910311829648
0.020342616298971695
0.03449693442195364
0.05983644535016982
0.09494565625329533
0.1446739831646298
0.17540162649993654
0.14144567704128075
0.09591861707881959
0.059752536330434786
0.0338716675268848
0.020626121361767676
0.012484904487041586
0.0059762490462571816
0.004114868117582881
0.0023631741038954088
0.0009058521057276243
0.00293940962307678
0.003873374259314128
0.007047021302045713
0.013790385836888734
0.02274807767435461
0.0393545100071412
0.07035562874642218
0.12931412313076837
0.10722112570007819
3.466921911865877
0.10850046627818323
0.12931065681497197
0.07197355735952635
0.040093759528740815
0.022785343744751756
0.014518382569722377
0.00956402890896362
0.005391798851200226
0.0034245918412016065
0.0032338326979612928
0.002222186255353236
0.003934316981269023
0.007129257160740062
0.014257222685310014
0.019608409490882592
0.03466209565920327
0.06585921417589162
0.12885247697446503
0.3574456761752264
-5.9112388960016045
0.35696368694786057
0.12759870322702035
0.06623569719028909
0.03474249799739005
0.022225756460121104
0.012446720768274864
0.00686636998338703
0.004880453525091116
0.0028283862246208822
0.0009549118605594337
0.0007429958146458754
0.0034595343101075375
0.007101132813442226
0.011394114280883924
0.015234480985334852
0.022470344870465925
0.02484738247242705
0.01483882916866714
-0.11020213406667345
-1.379672785901144
-0.11414300950669357
0.01408521372917796
0.02736524989569579
0.02517787608629853
0.01562865031001215
0.010171403756805728
0.006019281485726447
0.003932514550898178
0.0013826175119518258
-0.0009510510821947793
0.0008344689642762285
0.0027485048940070105
0.004374630443333158
0.009147055750409396
0.010271206426953219
0.01281683090432294
0.01147768842661066
-0.004787190019734228
-0.00995288410621236
-0.10204871816782667
-0.011323656763804736
-0.00336965409702461
0.012915485171980342
0.014145956876287287
0.012229980425543189
0.006698381774153973
0.003933925881713419
0.0015566858747683918
6.157982719874388e-5
0.00039692478648105373
0.0008974203186244492
0.001665050212924961
0.004724202001149471
0.006124602800031574
0.008595930971722744
0.008453908989586988
0.005269705946588606
-0.0004672313694285176
-0.018355079446123
-0.02289403584903493
-0.01841406540754767
0.00023950877623123807
0.005153127287484059
0.00867740909314858
0.008172234174910645
0.004623814655122914
0.0022153845693698303
0.0012613087520087123
0.0010848009703045612
0.000741294536994324
0.0022378238212092654
0.0021248511336710543
0.0011708730926440194
0.005453532961728991
0.0032046349073676372
0.004599576262320493
0.0038651301518464933
-0.0009201383043201593
-0.001303401214817514
-0.006986893021048043
-0.0025937572894269975
-0.0012216747134921354
0.004440220452929038
0.004572532719352608
0.0035444690658686757
0.0006296012561522593
-3.767281847121966e-5
0.00032673344751794697
-0.0016997636227173622
-0.000623666211944395
-0.0007543071359924941
-0.0010838505739950526
-0.0013033774762414496
-0.00011953629779548332
0.00104050501927358
0.0007606811522612746
0.0010819702771268911
0.0014780697146668216
0.0005164314293334993
-0.0006102858698549447
-0.0021906395692484577
-8.808080742754283e-5
0.0005552280341102147
0.0006316605085874611
0.0001678586387408199
-0.0016560646077257738
-0.0025842192449581623
-0.0024366829354827255
-0.0024678041825445095
-0.0011355518876338174
-0.00264319750715381
-0.002894482722769883
-0.0016856615397023104
8.034927281008438e-5
-0.0021960333372014994
-0.0006775295946084101
0.000850063663026807
-0.0003098055783049993
0.0007295713994794787
-0.0003498345219085554
-0.002319489469178237
-0.0013353040946924057
-0.0012360368013413124
-0.002414533538162316
-0.00199004819115927
-0.0023800655052852015
-0.0035199306326339688
-0.003060610376309959
-0.003800379232009667
-0.004070321298223604
-0.004165261313993991
-0.0026234834830824796
-0.0022379430723955406
-0.0012949097200098607
-0.003228562706217543
-0.0053008303645121066
-0.0008824504607454054
0.00019422808661482177
-0.0010917645481955571
-0.002971846650819333
-0.002582750528512188
-0.002316767211089981
-0.002818420930394998
-0.00450869984987633
-0.0037264537208832778
-0.0036769130278328814
-0.004084005528280071
-0.003996426788423662
-0.006811557726483378
-0.005614040511150572
-0.005438611882691538
-0.0033235243744259586
-0.004178897271489751
-0.0037912911791972643
-0.0024627714414696515
-0.003630481674550239
-0.0004221530525548554
-0.0004665516603369745
-0.0006089191779287438
-0.0007608090741047647
-0.0022286725636000335
-0.0010685138886442909
-0.0015506996412181266
-0.0030030542756344604
-0.002527423094583932
-0.004392329838138892
-0.005667440215839595
-0.003778882484382169
-0.0060372178776720384
-0.005093959271234916
-0.00582935116987704
-0.005471562477606773
-0.005388300882917237
-0.0026840469056089843
-0.001721190756046105
-0.0022407291889878296
-0.0012559992263096145
0.00016645949222170614
-0.0009012753474499477
-0.0003283671156799616
-0.0021248064233452576
-0.003136752258535385
-0.003929864030876417
-0.0024020939251941445
-0.0037422900532636492
-0.005116824187635561
-0.005466234436961928
-0.0035568799487533326
-0.006385190571766023
-0.00634555232996925
-0.005147094191460514
-0.003909352493966342
-0.00500066309113513
-0.003784208558762849
-0.0024618020086225336
-0.003572227314574767
-0.00044443637198871304
-0.0010514909910192126
-6.482443443437818e-5
-0.0011609635967188446
-0.0018225769972365939
-0.0013818980403220104
-0.0034003841618607485
-0.0012514826989500785
-0.004542108537329219
-0.004667116129618647
-0.004113010732494636
-0.004894913540475062
-0.005237931153139466
-0.005250315482544933
-0.005701278175312706
-0.004663290026475271
-0.004025675600139064
-0.0034343002996260713
-0.0014149709444035339
-0.001320497501086674
-0.0007708628607544122
0.00042039841178395936
0.001665528419467576
-0.000236356385397266
-0.0007449753228783103
-0.0025701847899686947
-0.002039020690104102
-0.0008035300497146315
-0.004664642098647715
-0.0035864898800085504
-0.0044439465510490725
-0.006757599264011236
-0.005146726079908285
-0.004613676002729101
-0.0038523704469541845
-0.004905225854092202
-0.0019941117648504866
-0.001358433971048142
-0.0005488231861896244
0.0014222042520722477
-3.9739659429240915e-5
0.001113309481879239
0.0028557624981703504
0.00251729558123476
0.0019771316834387314
0.0001852723913310824
-0.0008309355082535356
0.0014319498967519885
-0.0020938786959313086
-0.003854114160417825
-0.003219355584887218
-0.0030248872413128486
-0.0029104788469811555
-0.0038602513411294718
-0.0028035987435960546
-0.003753240954846258
-0.0016332348719265055
-0.00026555653667673465
0.0026386655466906933
0.005136571370826861
0.005664407999024788
0.007530118514606168
0.008736396780272156
0.01001560471475195
0.008821958178217374
0.006879375356492695
0.004586915194618622
0.004651438978164537
0.0014692248191507282
-0.0007672989645539706
-0.002237577869645445
-0.004488739531609148
-0.0038687566551724984
-0.0020460427273376633
-0.0017327678041748392
-0.002231476411519503
-0.0015697259837878278
0.0012812221013889726
0.004819189325658656
0.0077258701537464055
0.01073347346778548
0.012246554353844806
0.015385671018447985
0.014850643287890264
0.014606204687289712
0.012643046793780264
0.009382570440579505
0.006306022024090079
0.003928564707942485
-0.0003320590744717612
-0.0022745237541041937
-0.003284630593122487
-0.0021631581676362106
-0.0017174498884085137
-0.002163135097602364
-0.002341153152307024
0.0005923965930748701
0.0031161162141387757
0.00796303311189375
0.01196929838348656
0.01847025133785523
0.02292619690200471
0.02713904679563067
0.029060909788289967
0.02571227843021501
0.021766861776356665
0.018264636953374488
0.012881885245377943
0.005635291849519765
0.0038724330794341006
0.001992895753229155
-0.0006060343439530672
-0.0017573147516954115
-0.003660767514269517
-0.0021798193252139902
-0.0007282472552132626
0.0022582319533926126
0.005556607066011782
-0.016337953084309253
-0.012893671492245157
-0.009529502534331222
-0.007572359659810731
-0.0053097219217112576
-0.004674496632091937
-0.00597318170988688
-0.006550840706381956
-0.00622670385455641
-0.008024548573785957
-0.009694442165943165
-0.01279292313391226
-0.01713557927907384
-0.022914428689656346
-0.023786910745279468
-0.01853668006021209
-0.05202081323564328
-0.01775800057801649
-0.023039945461551078
-0.02253803840198027
-0.01734620318972907
-0.012258791885958117
-0.011672590393889034
-0.008316913916865853
-0.00664549331073294
-0.006278235976216633
-0.006627342631319489
-0.006124473237734906
-0.005979875613116803
-0.007633482384415551
-0.0095712194240189
-0.012973776968333788
-0.018809405637862087
-0.021439364644843015
-0.03329358436477157
0.06780213673649985
2.8054710849267703
0.07031402454395402
-0.0324111106183993
-0.021947805623490687
-0.014166153630464385
-0.012501759176576591
-0.00854210960040404
-0.007858262880608147
-0.006267515324898605
-0.005746526039911059
-0.005809778561346129
-0.00609189722462235
-0.006686645923533083
-0.007452057816831505
-0.008769307233974406
-0.012264358279667799
-0.016599842791556425
-0.02682891188501146
-0.057385673156503135
-0.38912503287161043
1.5983065102186833
-0.39409986221530446
-0.057135456532731395
-0.026322039580440326
-0.014084923720441598
-0.010833068166181254
-0.00924173063930877
-0.007255499711553085
-0.007170917789593118
-0.006178621678138867
-0.006547099737830903
-0.005910945218055604
-0.005735641117382682
-0.006013782634600846
-0.009355857161042366
-0.011909376565464796
-0.015208057703616721
-0.019805350326681914
-0.038247371704592206
-0.05046398226562294
-0.11420908343829174
-0.04860762810119972
-0.03804656009863105
-0.019635482328813948
-0.011856545635491366
-0.01029028518156538
-0.00829009927121468
-0.007229580653187485
-0.00706183869858246
-0.0068786027217364295
-0.005591929066790609
-0.00478624524305549
-0.005001032103405908
-0.005929407597228821
-0.007890184239421994
-0.009947722367240407
-0.012420019250919175
-0.017507307148649863
-0.02265972048680726
-0.045553659761440476
-0.04696728335181067
-0.04633714195532996
-0.02326054011064934
-0.017325117704541107
-0.010875279679485232
-0.008529166987430989
-0.007107616329814142
-0.00671893236586691
-0.005688233854907045
-0.006526078598083574
-0.005825515132205021
-0.00573016042862013
-0.006138443098961867
-0.006136121303838099
-0.0068139095533585135
-0.008709781748654211
-0.010057472760948333
-0.012477881185575326
-0.018300908430990394
-0.0210256477976896
-0.02789964804104309
-0.021350884159333366
-0.018069331186027025
-0.012338675056851607
-0.00987614032584963
-0.007670780422611268
-0.006237773407833426
-0.006181382119265729
-0.005983712584249394
-0.006718012417036675
-0.005528141541287651
-0.004860083849830061
-0.006859722091855898
-0.005169654199416942
-0.005280384962444399
-0.008592974321143275
-0.008797728312689488
-0.009563693223879325
-0.012710807488144649
-0.016059146557723877
-0.015941910169443397
-0.016693845790806006
-0.012717719683169114
-0.010397024441556704
-0.007234412149075504
-0.005571391507475956
-0.004836133434768851
-0.004612902696727596
-0.005276947609409224
-0.004686250399179526
-0.005117489416291612
-0.004951650315055341
-0.005798433600176903
-0.006325660198691389
-0.006670314039614368
-0.007312095195042934
-0.006749908710890416
-0.00763574249790259
-0.009040504077882847
-0.010216055032809094
-0.011333583045220473
-0.010533702710358315
-0.009838898206347785
-0.007206026969440741
-0.005723113178193683
-0.004484806792773756
-0.0043149922383777335
-0.004580740742962854
-0.003969904161161275
-0.003722870444888699
-0.003852104266657181
-0.005358608333192028
-0.005186716194051655
-0.0053304221336719915
-0.006778775298523959
-0.005293399808275327
-0.006419511105298877
-0.006998456430474277
-0.006227202725975272
-0.008169433299538486
-0.007943705015413978
-0.007360359325534524
-0.007407918946221108
-0.0059949829760922455
-0.005540365786858334
-0.004663546933360302
-0.004655143110037167
-0.005671806254001728
-0.004351184404591967
-0.002717992641177738
-0.004208970072666853
-0.0054460535587757325
-0.0037613385738436583
-0.004580767852123247
-0.005686802985049936
-0.005094099853297674
-0.004786230033382059
-0.006134341516526298
-0.006450999101716964
-0.006255512035001888
-0.007320491328641633
-0.006468973086037539
-0.006820287227031906
-0.006935515552154169
-0.005482307683206914
-0.005070809897964629
-0.0044797302378990385
-0.004461227556496398
-0.005350864206070717
-0.0046489933152074735
-0.005542057197703337
-0.004364739614984107
-0.005509457831833904
-0.004544135978861434
-0.005768640428982331
-0.006429843016784698
-0.004565236869085454
-0.005995296403946335
-0.00627449677279074
-0.0060719680309678494
-0.006794462088784026
-0.005199455547692418
-0.006428075134591679
-0.006747299581644178
-0.005226844877768786
-0.0053726792724240495
-0.005508155550854938
-0.004742873971443961
-0.005124720396891201
-0.004713116965494225
-0.004300262515414098
-0.004539635103036393
-0.004180812818435672
-0.003189455510207665
-0.0046570882556649625
-0.005377789483656411
-0.004816961351887293
-0.005702192762379718
-0.00555485742490259
-0.004929944382711278
-0.005970742320342687
-0.005674489940671731
-0.005086460208938837
-0.004745322103642874
-0.004427092962753272
-0.004108580946697242
-0.004056861901273692
-0.00553137200746922
-0.004527636454230983
-0.004559260522779463
-0.0037503488547545954
-0.004009440878347643
-0.0031692033205837538
-0.0039736158088922585
-0.004864319442288662
-0.0044550638290475845
-0.004175730192473011
-0.00612663111931216
-0.005765981357652749
-0.0048965376322938885
-0.004442494673939469
-0.005410101103337092
-0.005228528517966056
-0.005170341955326165
-0.0059212339307175696
-0.00515522685335708
-0.005187878787192053
-0.0066020273828536
-0.004953589790788447
-0.0030641355805052783
-0.0040852137638319
-0.005671419856273415
-0.003888419005275559
-0.004089579598075149
-0.004842453000781697
-0.004899130584102849
-0.004253859200565598
-0.005200246440623448
-0.005912116048590923
-0.00676111418604034
-0.00416262729087284
-0.005935776185024081
-0.006411403949139904
-0.006116741637987779
-0.007895329669825734
-0.006374491347300712
-0.004921104011300173
-0.005704109635035553
-0.0054992604838729215
-0.005119970312586387
-0.004726740338228616
-0.006132118074689008
-0.004179930283074909
-0.0053294161327925235
-0.005397145089055446
-0.006539059980653316
-0.006855296532233823
-0.007071927946327147
-0.006469015796585676
-0.00710736876356876
-0.006620991738078687
-0.005487235077095261
-0.005064464521255397
-0.00569882043090069
-0.008025608843790687
-0.006652377815387214
-0.005785116870573188
-0.006237855553433922
-0.005125352987316551
-0.004480481037501854
-0.003496452549898641
-0.004624507857223358
-0.004474682484193918
-0.005215569853759917
-0.004995335814835586
-0.007041727828626925
-0.007699660589050658
-0.008055329462297646
-0.008203084904753894
-0.008749320497738489
-0.007959965768762447
-0.007193785379690942
-0.00856690818740108
-0.006847850760724793
-0.008078460519387074
-0.00743496627268974
-0.00657593138453961
-0.005639872966730456
-0.004696958903632427
-0.0054780817149190225
-0.004465323740627212
-0.0037074893707942347
-0.004608546061456084
-0.005693957329981424
-0.0056756332402876945
-0.006938527270682826
-0.007597042303279149
-0.008630491579302927
-0.009235394915028932
-0.00960179802844804
-0.008730441491573182
-0.00878185801154825
-0.009496243469006896
-0.008876391403519162
-0.009458255818815325
-0.008089732555035593
-0.008221656917069843
-0.0062394162301077916
-0.00479305544387922
-0.005828966194397023
-0.00463278121285652
-0.0040337223557443905
-0.003954514718641822
-0.0050961911345061
-0.007845473535526934
-0.00731699513356186
-0.009213641650324756
-0.011169441698696709
-0.014818726967047988
-0.013527170123725401
-0.014247644306925062
-0.013234302203225159
-0.013989681729171645
-0.012019521945571909
-0.011079228028063588
-0.00864413654442887
-0.008168302332362813
-0.00727811366720615
-0.005667106765783498
-0.004865644229646129
-0.004792186554682071
-0.005341840689945665
-0.004174585401008063
-0.004739937654733518
-0.007250494797296439
-0.009042535766977165
-0.011206997297167266
-0.014361180439125674
-0.017435566691087697
-0.020991168421516753
-0.01841957538009302
-0.020686580934597524
-0.016979004572732423
-0.015447236612549008
-0.015351233453297902
-0.010231829117997667
-0.00832178361288054
-0.008183036055926502
-0.006174692218957297
-0.004043269194524039
-0.00406867405547789
-0.004114772083135014
-0.005541097807902328
-0.007714057681523928
-0.007955985973031807
-0.011013962664821174
-0.015938119308718468
-0.019291668374475417
-0.028033206416173115
-0.03099446574460525
-0.04894100284073059
-0.03113438578621607
-0.02775686703603807
-0.019296596495173197
