-0.0003821013641508172
0.00032490806016668446
-0.0019439290210274975
-0.052910560616352534
-0.030481244091732314
-0.024974706857751466
-0.012204447569161775
-0.006784783728979539
-0.000864037021714826
0.002139026767273938
0.0053867535301033226
0.008034796735248052
0.011126561396693357
0.012094802638006243
0.016247081486875196
0.01876732696783665
0.024328851565875085
0.03047368745772709
0.04236475597888894
0.048897558378721354
0.06932835384392277
0.03399886416647233
-0.016610704488502857
-0.012177673113056595
-0.017517669088137573
-0.011116854150847106
-0.008374409651198803
-0.002905825799586248
0.0002520307392179512
0.0033235124348348537
0.00537190239369687
0.008205173296958856
0.010417801500719696
0.011795256588508619
0.013335369150245208
0.01740556442611113
0.019400388870620705
0.025738301123562148
0.0285916300396561
0.03490412854484018
0.029795306013890275
0.027108896973919563
-0.010277269715192999
-0.004695520462059337
-0.0038061771768042544
-0.0051225399664101
-0.0015345330217168302
-0.00015336738286073848
0.0017077294590603555
0.0035202137279251237
0.006001329651543907
0.0072247970872264845
0.010678072743463761
0.012206442838076696
0.012638254096902583
0.014941557282783603
0.017977382146279072
0.019665001181905395
0.02270000236328336
0.020526449145012487
0.021530422195348432
0.01154113118413574
0.004253954048875759
0.0019405975161941914
-0.0008564660124980013
-0.00019124725571521812
0.00037592449476743387
0.0025619816354223142
0.0023593907276782244
0.004850908860847446
0.004924881623283535
0.00753790442861001
0.009506867324898334
0.011304257941985824
0.01138696895187891
0.013731101361893528
0.014727176618736132
0.01580787807136055
0.015653262640191273
0.017025598913756455
0.014742675311040168
0.011257681379479788
0.0040696114464386455
0.004674762826256394
0.004411446056495945
0.002264314403018836
0.0034603967495289356
0.0021782202816144455
0.002536562085398155
0.004981583923966989
0.006307396608327813
0.007065682444322037
0.009147471048050486
0.010256967409954248
0.011221216731938303
0.011183101635845029
0.0129164543883743
0.013813374213700737
0.013893649939113064
0.013004992500672946
0.011618468079903159
0.008316742841734994
0.007569773973651323
0.006768598647924061
0.005674931987168314
0.004711135290083975
0.004905422583580566
0.005088591232242568
0.004762516481876398
0.00564938900009617
0.006657248752979896
0.007568029951484248
0.008646273153122604
0.009209680725911516
0.009722761819075387
0.01106317628101941
0.011528173186748618
0.011596573653941318
0.011249635621259973
0.011115758681323364
0.00917314930599715
0.008836765559248732
0.006357745154037124
0.006759648199617238
0.005734077724789903
0.005672882198163789
0.006099104495570747
0.005553866463471459
0.005574700222172244
0.006087767585707279
0.007403684116895012
0.008054865000525595
0.009066435125305392
0.009633484404310845
0.010089563826435052
0.01128692974506663
0.011108120394592046
0.010303173248478134
0.011470739200325849
0.010060803025420674
0.009490239164124501
0.008387031950311723
0.007077895703026769
0.00682157981028474
0.006942907723123136
0.005973080808621873
0.00658119243111882
0.0065992836870165696
0.0049166700238890545
0.00557296112397099
0.007810984135191387
0.00825673939374869
0.008416442367616206
0.008905497266797704
0.009671140271266709
0.01141744775259814
0.010242271626300307
0.009667014296361146
0.010837330278040461
0.011227910472823838
0.009297866668385698
0.00972048296171409
0.006921687151775987
0.007169838055382818
0.0065803777681072715
0.006282978556579141
0.006136075630998519
0.007447618743553972
0.007406985939150929
0.007881641899920657
0.008111366355481587
0.007633862918317613
0.00884844197441855
0.008279883760466157
0.009824548184053537
0.010156263870181481
0.010118314312039368
0.011074587505879275
0.010878749449578411
0.009379003238454564
0.009311209532378366
0.008715504738528283
0.007686754062622813
0.007778500975410799
0.0063283730159431634
0.006801099895852203
0.005714850448991258
0.006570709691502729
0.007069920742291411
0.006075217969272903
0.005933038912330324
0.006777298683040078
0.007951214750778732
0.008592461323534242
0.008698213525021462
0.009478707329934713
0.010454075609213388
0.010950791601440855
0.01049573659843271
0.01000795790360733
0.010650978594092708
0.009016037997299194
0.007342647649747453
0.006318356021008485
0.005923813634030577
0.005599948496620356
0.005493924244432881
0.0057094632595092116
0.007313438071086691
0.006311101490466652
0.0063931870854954395
0.006475176649514119
0.008459444049195925
0.0090408166720953
0.010840145677955968
0.009809264339369218
0.01018728872678913
0.011244059040380412
0.010900908386912852
0.009654833914776917
0.010146767395935539
0.008047979211265113
0.006726473709786603
0.005985333876606077
0.004714233643117373
0.0038118424377699385
0.0036332691741299467
0.004910386725121978
0.005959009649480364
0.006017234454278194
0.006030177052540226
0.006956326119351093
0.00810057722436113
0.008685649993446507
0.01143824629640147
0.010282366532667838
0.010771350892833619
0.012322419309980882
0.011956198042099634
0.012777485112607638
0.010548613115119048
0.00861661177144873
0.0069737037938722825
0.00357817650177629
0.0036085840323877554
0.002886654491618846
0.003152150317147119
0.0033618144168448784
0.004365987064849309
0.004633389236043118
0.006288454148453955
0.007905125407543645
0.008507032413753826
0.00831036693883144
0.010510792455220333
0.012220768857841863
0.012613392367766802
0.014063808119935134
0.015302204522124248
0.013882700493862983
0.012661003163386269
0.009390648482337621
0.006927163203264752
0.0027189583078180133
-0.000786809230288163
0.0007515442545037839
0.000207572547977704
0.0011393015403361113
0.002961173761163505
0.004218327629468202
0.006029359602600374
0.008213824996700059
0.008604414685970948
0.01074282744198248
0.011257315434691247
0.013464009278993277
0.015286100600688798
0.016397685616162838
0.016332588621650927
0.016184759123950794
0.013852407799524628
0.012055709602792999
0.004430030444805352
-0.005518186174196429
-0.004689945701710169
-0.006301783357289829
-0.0029733112967658174
-0.002175909899292343
0.0009184196633492511
0.004251778418468723
0.007103584463900226
0.006736746315768823
0.0086874199960998
0.011172704455733136
0.012314550449792369
0.014693722653153695
0.01792643567554215
0.018732207612520313
0.022424155788040308
0.02108777566545051
0.02174283860054612
0.012657114168892194
0.005164704999134067
-0.01348151047727478
-0.01788670193400425
-0.011249337268915237
-0.00921198587664831
-0.003978284066766688
-0.002044211807177947
0.0018545845395607427
0.006310966903989309
0.00653437163783903
0.00816799289679593
0.011119055945395091
0.013073748084754356
0.017547732493459527
0.01941979083742563
0.024454753749625878
0.026798053138840018
0.03534502007919898
0.030674290436784518
0.028044605878956883
-0.010697078474074327
-0.0552040881784358
-0.031495344906712706
-0.024756880835401132
-0.012940308693139885
-0.008739517576214715
-0.0016220601782043391
0.000918649082165009
0.004953702690933314
0.007742984507537372
0.010836474234853344
0.012606434957316618
0.01568072423619484
0.01911876969882103
0.02362812745723644
0.029586019888591757
0.04193108310468955
0.047875414276441104
0.07153784473452628
0.03366601296405901
-0.01842592356446261
-0.09957025511690226
-0.07576757407408732
-0.03325469386960308
-0.021012810434528736
-0.009694198455978981
-0.004262319253662666
0.0019507918845924387
0.004431951801359654
0.00774707249969555
0.010042280557981866
0.012495141596753202
0.015949742588962326
0.021545080234486962
0.026254545844999675
0.038112126529174284
0.05059098084201546
0.09224524557718891
0.11543038303307948
0.2215984030760739
-0.20623232324666238
-0.27618348115098834
-0.08368157439117044
-0.04941271571486321
-0.020815080205002286
-0.011995545470604073
-0.004323306560759906
0.00042462273970096697
0.004034386263250969
0.007101616311949368
0.010994386889452049
0.013559994218808501
0.017111511207432477
0.02060848680070377
0.02875135304276056
0.03718619246656311
0.06638446097474685
0.10225221606104712
0.2961328961227267
-2.1454759656744784
-1.1719353143050073
-0.09498344080806011
-0.0740414137141625
-0.03261890930836376
-0.020380920530596897
-0.008703636508043887
-0.004729144971336166
0.002059589182371461
0.003508947148273827
0.006953739626474425
0.009678364388442466
0.01280655258878598
0.01578175958124907
0.020725323112479845
0.025580971859543607
0.037688687368763144
0.05086913601072985
0.09110432696086174
0.11396936658453985
0.214632722313384
-0.19637499961080745
2.1691480437622292
-0.22060857024931002
-0.032839088861803985
-0.026970490676220014
-0.01181244599685601
-0.012533167876791436
-0.010405486392090747
-0.010378314073618947
-0.00940368998669629
-0.010120197611567672
-0.00929715812990756
-0.009513262778855698
-0.008913419790726167
-0.009948718452700662
-0.009686992933086561
-0.012429406996268674
-0.010873635337242647
-0.02750864392039266
-0.033136715322226076
-0.22047551425622983
1.1986262111323565
0.19757571992108428
0.016442834895924956
0.010655067682638191
-0.004580656610297507
-0.0045144453700786714
-0.0073550538029605195
-0.0069555127980840716
-0.008365373235102096
-0.008416856487066164
-0.0077799903417515885
-0.00838837682640352
-0.008024435843395433
-0.006899039428799881
-0.006799195844941315
-0.004407410278192554
-0.004917103899949722
0.009023660225948905
0.018094070012166397
0.1985954268381788
0.2752824348159215
0.0970354497969495
0.053255693350542935
0.012512082966171057
0.005539616045074747
-0.002052631307168391
-0.004035104422018063
-0.0068578939403899555
-0.007380057460126407
-0.008075331309928052
-0.00667319141337758
-0.007682900304131471
-0.007127466983507947
-0.0057832627297366825
-0.003925980732641114
-0.002286439122168902
0.005334574984902274
0.012469629802282325
0.05404849392678306
0.10002766658247872
0.085094288677589
0.07466067627415261
0.030796711345533825
0.017937377000206343
0.0040643017327479615
0.0008814884484772629
-0.0036630705488053285
-0.0047937572853383
-0.006273456933290918
-0.007008474890608683
-0.006450600482031217
-0.00688309328692796
-0.006139949581192645
-0.004424430067064175
-0.003286749581375942
0.0015459115250988067
0.005417466391099503
0.018314956884190416
0.03258096272373198
0.07476921230487252
0.04892729730793843
0.032597633629906725
0.024136572300754784
0.010550406282678471
0.004237408180706336
-0.0009388069517238761
-0.0026838961116037257
-0.004348885350869273
-0.004949652290174033
-0.005509156715116029
-0.005458182884949998
-0.005657863285231457
-0.005717704312725835
-0.0042132777457587
-0.0011745193439554103
-0.0004814774445813907
0.005769295904484696
0.011138440578832587
0.02486006597250009
0.032956049886169736
0.020435455889423734
0.0200881620915937
0.01157316949427341
0.007521808744148819
0.0019119832886897248
-0.0005087762469960871
-0.003871828526088647
-0.00415209253836899
-0.005221599748220174
-0.005608534374629799
-0.006404068974205654
-0.005498894806326085
-0.005165683274420429
-0.003542339204368326
-0.0028598100934936646
-0.0010021864331197935
0.0028692476495796168
0.009190143273876406
0.012479215994169004
0.021282254532259445
0.011596621199145677
0.008958007609166985
0.007135942189446771
0.0019090115520766036
0.0005083293280772798
-0.002915619486097001
-0.0024565837556841503
-0.004280834001292465
-0.004206733325791709
-0.005730945038759288
-0.006523814353320113
-0.007028077897828932
-0.005578567488986322
-0.00474878264296442
-0.00398852157173638
-0.0031666656721409544
0.0011700000253225876
0.0028700222126482955
0.007521677558578245
0.009741785727401354
0.0022613827371677385
0.004168086391456191
0.0016893855376375418
0.00018649379904879613
-0.002846605519405121
-0.0041783027675483244
-0.0043842989062736
-0.006459457304172383
-0.005486430770169189
-0.005984194576571355
-0.006098185236654285
-0.00636052103134227
-0.006245822325917696
-0.004230905474070961
-0.0038801433099541587
-0.0037838805016023516
-0.0017996556538721702
0.0003838397561919457
0.002218026704418098
0.004536411001647408
-0.001232254789615854
-0.0014817600602972307
-0.0023682757983949873
-0.00314255441622974
-0.0051062035370130175
-0.0049160837742568235
-0.0060954934201064015
-0.0067829496208780685
-0.005814657099537007
-0.005732695967018279
-0.007018633824428211
-0.0066323048169715385
-0.006025785893674122
-0.005748929585839481
-0.004446375749262879
-0.004835599645419763
-0.002437191306199442
-0.002620442002657138
-0.0013120528955148827
-0.0012858848163579742
-0.0038265543735528937
-0.0040863270593590765
-0.005309678388511557
-0.005193521679156775
-0.005332432531259285
-0.005513101526945269
-0.0077507696766994805
-0.006743083086778552
-0.007464015748447997
-0.008108476942302408
-0.007681181354122975
-0.0077091331964273474
-0.0071895732622406896
-0.007282010665084808
-0.006920212631721074
-0.006315372995661421
-0.004547768294262634
-0.003932219014059182
-0.00496520748180267
-0.003934400303708649
-0.0064865268408945565
-0.007445769397626398
-0.008324338073874884
-0.0080990792994961
-0.007416569208713052
-0.006236482174612951
-0.007458712119646551
-0.0067711024620289734
-0.006910103182266598
-0.007737107986100932
-0.007865822982488937
-0.008323756096164224
-0.007349732458720414
-0.007743665106368217
-0.008147849636720118
-0.00841254237155903
-0.007610695293301547
-0.00723536486965997
-0.007051490983270903
-0.007340342901882229
-0.010140893357639569
-0.00927175563889972
-0.010598284321731669
-0.009462226300153916
-0.008976246839258602
-0.009496661009912786
-0.008562177390856806
-0.008314206945133394
-0.008965648057733023
-0.009028966813656867
-0.008936418040785078
-0.008619655147466463
-0.008993719405770954
-0.009656974493601941
-0.008785003664602688
-0.008885108817911486
-0.008837472317705524
-0.009106832640472639
-0.009554812838885136
-0.008975485427649822
-0.011909193954841558
-0.012696167557373074
-0.011976540664685835
-0.011949152696382664
-0.011069590208316464
-0.011325883335541216
-0.010163314874084018
-0.009636113855882136
-0.009568860171431336
-0.010477235848133315
-0.009207365733324757
-0.009408249045007479
-0.008962531847318593
-0.010856252918416973
-0.010563510469429264
-0.010851106925757215
-0.010619854963443115
-0.011111063799215178
-0.011981279654733553
-0.011882837949324673
-0.016431949397185373
-0.015621200425229872
-0.015464795099056069
-0.014378212579021648
-0.01423894886867725
-0.012065454313601244
-0.011594734407515232
-0.01148541432205995
-0.010949555671832449
-0.010340604566516485
-0.009850397587879093
-0.009833879152183086
-0.010958243802460129
-0.010923763283335029
-0.011471251275598058
-0.012631234488844092
-0.013580741575323782
-0.014126000506406076
-0.015455730642145839
-0.015616779408338244
-0.020625846095065736
-0.019901769229423362
-0.017833874216638474
-0.01679213033778591
-0.015249418454006963
-0.013896543687716851
-0.013939223249954667
-0.012645635557010614
-0.011069602970716684
-0.0110653228039962
-0.010542055942587574
-0.011674158670329787
-0.012540976926645644
-0.01149295658380656
-0.012753638548701974
-0.014027373957675966
-0.014588398459007768
-0.018074821422001938
-0.018391541360306785
-0.020019124180197394
-0.02953772786872987
-0.02513532204237447
-0.02382889848981444
-0.01988531236662018
-0.017623731374875842
-0.014788360935777909
-0.01351624961766716
-0.012180568251754408
-0.011632706243555611
-0.011344734038275097
-0.01144979242157693
-0.011622305569110787
-0.012972129747602625
-0.012302320272350169
-0.014102194691403704
-0.01578877932129588
-0.017791369104530837
-0.02019699928784658
-0.025166275174165503
-0.026095442579349277
-0.03795545435965408
-0.03735754370038672
-0.029146839163214745
-0.02480244564612026
-0.019185346467453058
-0.017569229843102323
-0.013722523091942418
-0.01225260773116922
-0.01130997561221551
-0.011328749028759714
-0.011368670115021417
-0.01136796029669872
-0.011952949171278706
-0.012426050499178243
-0.014169581378243078
-0.017232654919803
-0.02056765965045509
-0.025675045322164504
-0.02949778437324178
-0.03755871153580533
-0.06673137860841204
-0.050015300197940885
-0.04097650750675623
-0.027449060075376286
-0.023075935541690025
-0.016635013013526573
-0.014561445889387665
-0.013538666345357582
-0.012187232586802094
-0.010518507709645497
-0.010338052446852963
-0.010397707724659986
-0.012117834420154355
-0.011648577504093623
-0.016380358333518724
-0.017315747877403864
-0.023021275665172314
-0.029116152865507318
-0.04267005747738624
-0.050884530132154396
-0.10276765258677328
-0.09241832642515013
-0.04772990078393485
-0.03492971391289646
-0.022091942328741666
-0.01725234944176468
-0.014385907711764245
-0.014862157519698401
-0.010863976484534995
-0.010183148654358183
-0.009487598976798493
-0.010860934271699103
-0.011657359431080242
-0.012245627089290853
-0.014566639265976188
-0.017928300479797606
-0.022461076141782596
-0.036112897640314195
-0.047575956572539754
-0.09215021529715094
-0.2978649399891718
-0.11361911957211203
-0.07092444063668801
-0.030016920224046895
-0.022319834035743457
-0.014159799140313541
-0.013282963969426857
-0.01177882589403792
-0.012056465414132928
-0.01110979321071507
-0.010845675510506225
-0.010480385882475315
-0.011233373418402122
-0.01133726464660481
-0.013900639461031788
-0.014299861103693592
-0.022177280635722368
-0.03102936010469439
-0.07126196474116381
-0.1155595583090376
-0.00463013493841492
-0.00480345203968684
-0.012821578702726762
-0.00555156880472181
0.015507618519575429
0.01579974894540846
0.007511510912336625
0.013684453864678436
0.02643578412873919
0.020252602241318505
0.019844935976097593
0.00852177092599959
0.012358942060430925
-0.0007365767287268668
-0.008177523192623506
-0.011352393641024425
-0.007896290219236692
-0.006466590676423292
-0.007339812543397989
-0.014415435706608765
-0.010342439400166527
-0.011699163120003154
-0.014260483204976032
0.0040419589818952795
0.007241961095404485
0.027260127411855038
0.03044402351199198
0.052732369245711085
0.04864592829765227
0.06388493912025145
0.033347280132416404
0.026083050755316445
0.008613647518104464
0.016851244710407477
-0.01638455932733675
-0.011649994221375965
-0.014808839079740106
-0.023069683747495573
-0.016053213529980945
-0.01249583512842175
-0.02015951985280417
-0.01038281338484808
-0.0017560976146928247
0.004653527601676675
0.015634009203664253
0.017841955542971664
0.058528657172954725
0.047607747077826015
0.10197553997694446
0.20493419231857204
0.06584774160622531
0.049557658613399856
0.01902107967870827
-0.0027447353366771097
-0.009851563161074826
-0.0029209908833479196
-0.009274905944131925
-0.019141540718525307
-0.029314988908851827
-0.013962058251476703
-0.016681106656890137
-0.007203928506789017
-0.007879216513326688
0.0006726896835151479
0.013950625571715954
0.05388980140148629
0.0803392429813414
0.19681255721296764
0.7654284192343112
0.11581458359603237
0.1991465137700916
0.07121663897592939
0.04068894302483759
0.008287108681929032
-0.0018653371898351703
-0.0022644848863749316
-0.015751137846731378
-0.013909169308232128
-0.015994815123678646
-0.009744718069453043
-0.012335315522212328
-0.004757541754084306
-0.005462572503147197
0.0124568736919032
0.030419968082902454
0.052424890189763
0.22313688172421228
0.4126746479992267
-4.081045971948162
0.8302106791041746
0.17211584044536576
0.06882368545779025
0.04869219623942764
0.01064883882284623
0.011111664755779412
-0.0077435777393671905
-0.007616864423510438
-0.01641124109044272
-0.013441957622434348
-0.010641800667909346
-0.007632061442284184
-0.008662413442651704
0.002886085517040232
0.02041278723212624
0.011847591540379194
0.06809163013913443
-0.0025626555968389494
0.4597371820284817
0.5070442601210012
0.3648147700047442
0.10866794760870183
0.0844438208693012
0.03807299112962222
0.026714334077747252
0.006519156304128568
-0.0032440982889050253
-0.005743144759019929
-0.015622756569249227
-0.011873329070860583
-0.01261752529156896
-0.012823822088905599
-0.01568971772181382
0.009008398945809591
0.01645299000547108
0.027669994957676806
0.024424494163048205
0.10493488263827096
-0.007734283305413654
0.29011572786119116
0.14287529455441705
0.11039642712679903
0.05417164008014283
0.031832935272265495
0.008638662481751326
-0.0011733193131151791
-0.006840840918723065
-0.0038543141806899723
-0.015617165388717375
0.0010996056149613223
-0.009489902537208519
-0.010677698588785502
-0.00548488090421669
0.006853112727780208
-0.0076497533703027846
0.01264310320885705
0.030560205132343955
0.04323672400606937
0.07609583915856255
0.07249023455575171
0.08495977043314432
0.041131938998449954
0.02846262616711058
0.013478645604704046
0.003378769801143565
0.0019207489630002615
-0.0052811576351266
-0.015283790489740559
-0.014807937274528612
-0.012958912173485292
-0.006826985348272319
-0.021812396520727244
-0.010944137985186505
-0.004381572687739578
-0.00683344918392573
-0.0011359416934456825
0.013546407059829315
0.029514248485686012
0.032562322198066575
0.049217676064788676
0.03819103353870672
0.03884390541027651
0.0033993545217289125
-0.007544431301209659
-0.003194337956767669
-0.002630463532167324
-0.017325540351073018
-0.022761398396886394
-0.01599455243361576
-0.023435451984920423
-0.02678205025543634
-0.012814916051421056
-0.01070402291103588
-0.006552747748287474
-0.004196612918728289
-0.0007440321720924947
0.007496336760656152
0.010604534102417105
0.025880502989070475
0.016568897287705574
0.02377919441669054
0.0158625002836097
0.006126949016555468
-0.013795943779392616
-0.012151424827895713
-0.011173730804041883
-0.015601683873661086
-0.01457823420169048
-0.018363642817905004
-0.02944782543589423
-0.0179922699743017
-0.014141059712020726
-0.02700767627707919
-0.014585600718682014
-0.002347638370783078
-0.010327715513368599
-0.007825605670289651
-0.0008602473765272872
0.0058446303696933505
0.0007491629268763611
0.010857280217823704
0.0019295637841782358
0.00948024342717305
-0.01440149367056286
-0.006140013280913598
-0.014670080567678531
-0.02276869244866421
-0.015111431240269368
-0.018691547340306248
-0.013622433085525217
-0.01629708400203875
-0.004307088958998058
-0.019140647576020582
-0.02426908393629352
-0.019175765595756903
-0.01899850851461259
-0.01463953641024572
-0.009677194833402705
-0.006135477635572145
-0.008446605068389453
9.77412533494942e-5
-0.004166835033480828
-0.0048824140983758525
-0.018321770372721095
0.0021962266146955114
-0.023169954626252723
-0.026616541591833465
-0.0199032938743092
-0.013737510291921499
-0.017706284437490314
-0.016937423041939553
-0.021283572587116863
-0.02379024760598388
-0.0224354778134863
-0.019368853636037065
-0.009013700778268192
-0.010786277543382194
-0.010310242513838592
-0.007290210053433891
-0.002875162322700634
0.0012561574288536533
-0.010291412316308335
-0.011121119049765073
-0.01730691971301747
-0.019607378567208355
-0.01790976406280667
-0.013196448822735372
-0.019427447754536382
-0.02024115248460864
-0.021927208343911854
-0.017338155500937726
-0.018797628881343734
-0.01968577905047524
-0.02501835299935293
-0.014236742516205922
-0.009977843542362669
-0.018573213234772862
-0.012107850602728527
-0.012742046104220056
-0.009111039773649346
-0.005805809938370432
-0.010460761157334806
-0.008985289046007792
-0.019019822343970434
-0.012338248660364799
-0.011845932256726227
-0.012105772210876026
-0.0202466150138658
-0.019383475009973783
-0.016631268599942583
-0.023927248010496425
-0.022949914269977716
-0.016822173617111087
-0.019224044753971013
-0.013489928742677548
-0.01284383241161395
-0.019389875294492244
-0.024215387808144632
-0.0048716917333822135
-0.012342359937139977
-0.02189836022833392
-0.0040659514697779274
-0.011486408566640587
-0.01998989421423767
-0.020701357682194586
-0.018834166783283292
-0.022162441869833766
-0.016414881543560043
-0.01844729230304374
-0.020486829279340316
-0.023925060694719773
-0.018805429895616566
-0.02427870086804005
-0.02457655697682452
-0.0211122685221308
-0.01163440484319083
-0.019974148399222808
-0.01678797763976848
-0.01845563627187532
-0.016163619701833876
-0.010963204066483243
-0.017096464527219534
-0.009265004801644348
-0.019965350914421687
-0.019903005242621754
-0.01277001469853381
-0.019089938597073707
-0.020348092578972472
-0.016149143134401234
-0.024635579308530095
-0.022270963706514442
-0.018291716312166993
-0.025408452625541353
-0.016216796576215022
-0.011903449221826248
-0.011793242489438855
-0.013528834594823624
-0.01197956081136587
-0.02139223655650845
-0.015171439924097502
-0.012275556909518377
-0.010148989684488994
-0.014384584458901463
-0.017211409432523455
-0.013159510702649164
-0.01213083748041937
-0.01426211670210991
-0.017008389731410584
-0.023069689692201186
-0.01768370515119591
-0.019587446674794833
-0.01682637227244113
-0.009548116432721349
-0.007484630779777851
-0.030326688927338495
-0.006636401063609527
-0.014233833098978282
-0.013225711973182092
-0.010009139458288007
-0.0035839608097380567
-0.002475140622803384
-0.0039050283579447316
-0.0018839306685839846
-0.0032826578972957234
-0.007454529732083371
-0.006971145963621604
-0.014870493267719984
-0.03252128856796165
-0.02045927198252726
-0.019911554826250177
-0.023724733683017994
-0.017891342409190766
-0.006127779658797793
-0.010006387552749548
-0.01690011306382227
-0.0004532828563279115
-0.022956209559254506
-0.004606465452587055
-0.010739211980831916
0.0051721044767378726
-0.0028299321434470054
0.0017514946296516812
-0.0012253214321097767
-0.004176949950641588
-0.0205401193711316
-0.012698174753015365
-0.004645135615970843
-0.01935993442272202
-0.021147919608405927
-0.02308168533976984
-0.017746423565932493
-0.018124019296969187
-0.010027868018901697
-0.01230222061158821
-0.0026510599620744287
0.007213608306304631
0.0006716764799526613
-0.0033534260909734784
0.0033119120899534763
0.005920000288743777
0.00260397135952011
0.0028724858143893755
0.0018287049155391397
-0.004737822224847938
-0.009500176473257535
-0.015105157621951897
-0.014947473373193316
-0.018731561592229252
-0.01613569750275286
-0.006603350512708204
-0.014050720305437647
