-0.000883189322828559
-0.0030829696138163004
0.0012984729384227208
-0.014516634226299872
-0.004409181103100564
-0.00059036389856679
0.00013039418693542535
-0.0004285985049539485
0.00012721376018527512
0.0019252582433092365
-0.0007156890013872746
-0.0001166861368899176
0.0004510020455550477
-0.0016651161161244763
0.0011784062138074963
-0.001209527219935962
-0.0024049119102375876
-0.0005655055323149055
-0.0008858458001927355
0.001080990665428165
0.002660887045336364
0.00533655072295155
0.003600879197583232
0.0034230307411700317
0.004236418086605355
0.00481107514987543
0.0028910219026386397
0.0020820367415833475
0.0005982305555169186
0.0008362350273888885
5.9185814617278266e-5
0.0014777227157412556
0.00237198825896989
2.7874334906415532e-5
-0.0013135617483106784
-0.0005468111562390949
-0.0011433653452524767
-0.0038952871323083512
-0.0021562271778191974
0.0002659590439891566
0.006800579827106875
0.002849774975546414
0.004858033889057624
0.002380736350624864
0.001680944074608446
0.003591688064350164
0.0018706252872199094
0.0006339262243358111
0.0007761916637885679
0.00043731064007463164
-0.0022357890562911898
0.0010234471242205852
0.0008752569136937088
-0.0006295914597168193
0.0020872901330282866
0.00027844035029725087
-0.0027124743626719943
-0.005911793151321129
-0.013233631099443772
0.0011627239361825625
0.00444465423082136
0.010900022839009645
0.003731012169826871
0.004705827144424916
0.003825090468447954
0.002081484442572853
0.0024204140799660243
-0.0004486563345866238
0.002959442754520459
0.0017231851730937085
-0.00047522474880951705
-9.958168262083102e-6
0.0013169868752976781
-0.0006017497973266977
0.0023663376062347213
-0.0014756774788171783
-0.0019652645551390983
-0.016918465837650463
-0.01905949437919303
-0.0782204752112776
0.0626967873638563
0.013286883066567725
0.013991514207262966
0.004415622189982151
0.00438665185913665
0.0015995903164559907
0.0029483067329062326
0.002195427361932653
0.0034296026331701924
0.0016613126694511476
0.0009623812940138754
0.00142101902971347
-0.0002993161146519832
0.0015934464631056071
0.00014683642234098997
0.0021531176530041702
-0.0020564279381616235
-0.0038927301316214226
-0.13851048631558602
-0.27508505983747966
0.07024119935919042
0.08125917362358721
0.010329902596718937
0.00511400571229856
0.00201777427333723
0.0027900031996133333
0.0015351121263968846
0.004655094793829485
0.002092811812032244
-0.00044601307533300344
0.0006212950221806088
0.0002850317142854802
0.0007568671358621627
0.002917567682663942
0.003046438036004782
0.0025381203812282764
0.012065990766766
0.00710095906788063
0.10254784494629336
0.23336784193522753
-0.4998256900208488
-0.08314186501380552
0.009772276679312719
-0.002516017331449699
0.0019595409732005398
0.0024851531747166113
0.002388670283238885
0.001950981355782973
0.0010635831617460568
0.0011779610019973861
0.002236931505498462
0.0024469004346544055
0.00011324684420577495
0.00109295131019453
0.0012062865187299093
0.0047248762858917446
0.005806868516947961
0.0331244639278208
0.05337247419228579
0.06385905417989927
-0.028834587535038946
-0.008699838338384737
-0.007370575373999165
-0.0020912513484932383
-0.0005563096383620051
0.001652388735745749
0.0009866373942703317
0.0016064040559654203
0.0007891604610203961
-0.0015886092295554718
0.00160569482923638
0.0006289971960899521
0.0010347656216678866
0.0001505091354666171
0.0013010367339215067
0.003007881552911801
0.007088622566826174
0.013182556022469663
0.03151141673301721
0.007661226025320323
0.014325382935374465
-0.008219959615687835
-0.001411327645136937
-0.0021855400689787287
-0.00013288194468282746
0.0005589195026543614
0.00038812145161836787
0.0004741198154281528
0.0011289235516151175
0.0020648248830511112
0.0025670267665466413
0.0019291613154548207
0.00037488687845520447
-0.0004727542171386583
0.0011289346605676599
0.003433342094468665
0.0040655935897615
0.008905363779302315
0.006661608491612221
0.014864854284771441
-0.0006571720643274086
0.0028746530856415013
-0.0005543844981855399
-8.969570066594035e-5
-0.0006443570058297216
0.002479851298035856
0.000613410087070292
0.0001130954947658133
0.0007504909957412707
-0.0011492072386870386
0.002397312591772281
0.000540980823302887
0.0011784133919197249
0.0012417931800242374
0.0013872434005518808
0.003347127247619946
0.003331671934393045
0.0025215209798496504
0.006994901704124779
0.004755081805781291
0.0028376375737510055
0.0007046006599984722
-0.00048273486725006377
-0.00016274510349175634
-0.00027716649785770826
-0.00027201883013373666
0.0022035735015220725
0.0020406343851707724
0.0007865000560257516
0.0005797870889242226
0.0018237144862221963
8.334365978981828e-5
-0.00024885648452242873
0.0008390116800425993
-0.0003169580926369472
-7.061606141003831e-5
-9.685631425484088e-5
0.0035786708145602326
0.004104486687830843
0.0029167440530322723
0.0015417229801261913
0.001134850474070278
-0.0020001243588810974
-0.0015759054701736512
-0.0003431789373599766
1.9740617266667983e-5
0.001560826733123706
0.0014997427077373447
-0.0010320828964839118
-9.317130038596216e-6
0.0011542748097845492
0.0003303644528366146
-0.0013154666159404535
0.00035586683943559117
-0.0004074096731742135
0.0005782340097502307
0.0004792422236882941
0.0030805311337278535
0.0013766806659544213
0.0004431011232231266
0.001858950678902175
0.0011089039516545057
0.0008519908132840331
-0.0012764216673124232
-0.00024086770083408236
0.0014236891368812495
0.0013206859099075684
0.00185864684745707
0.0018434631693395919
0.0016503161290656715
0.0011559521567485612
0.000894695778169754
0.0011453833128678263
0.0007551067843310302
0.00025840124773466634
0.0010921710733454806
0.0004217772502966919
0.0003593605986340806
0.001295919270834405
0.0014194734880443826
0.002012463541854673
0.0018109202978410339
0.0020255965266710047
0.00030197076517860574
-0.00034945263423984585
0.0001723906753475164
0.0013040031678956062
0.0029087300433785408
0.0034749885557727664
0.001145353508703116
0.0011449204487759713
0.0031154833235111094
0.0007627251223105676
0.0008496155688841067
0.001468383058154421
0.002505017098719548
0.0025727757842613024
0.0006019409842224987
0.0013327430700420563
0.002336733137272569
0.0006185631319388889
0.0015548723999351346
0.00378297433153949
0.0006295623618369245
0.0003834148708583594
0.0016505263400508176
0.0007395671583893178
0.002179046108648078
0.000854623600037719
0.0007264277577367174
-0.0008334971866515684
-0.001956239911532564
-0.0014538025412284344
-0.0010535312979740702
0.001587823501088801
0.0019647723125904228
-0.0002787702317031867
0.0022798173831979846
0.0030006126495179175
0.003375574099845515
0.0016374736035117948
4.231401807511595e-5
0.003029566127083089
0.0025332097413243247
0.0017471135926894294
4.362032145338834e-5
-6.8780815837126e-5
0.0031545439702547746
-0.0005952448489745475
-0.0006566983513903199
-0.00040103743811916267
-0.00041129979106561856
0.00010810336982489534
0.0015908953434864439
0.0024391550008460213
0.0016563233883577742
0.0018289765343089447
0.001967269963118724
0.0036820737287383146
0.002062299624335576
0.001576430165841085
0.0007097446065294872
0.002175019853818308
0.0006702562320911916
0.002305383460878516
0.0020787667784246937
0.001506692020052465
0.0010039816471569692
0.001654319137972902
0.0019665498839995035
0.0003587201717728765
0.002585069155640425
0.00024881476449535074
-2.3139341472239628e-5
0.0007010997066201572
0.00031834579267184075
-0.0007531299617774595
0.001390277246651919
0.0024287924724730814
0.0008377556208463082
0.0016021589902352295
0.000637249887009867
0.0002074132749595816
0.0008044715257095252
0.0006206978755503241
0.002233573408346266
-0.0003909369222506807
0.0001633375454573934
0.0013086732561125424
0.0021791048116257595
0.0005650720685087527
0.001618193908116964
0.0006422372171449617
0.0023490380244133454
1.3230774514923097e-6
0.0013505470496283929
0.0006201801452486567
0.0009014927394845268
0.001858622500882582
0.0010183707157519488
0.0013961596924884634
-0.00028991681254061854
0.0016572623034718159
8.992140007430872e-5
0.0008506928097489298
0.0026854462962042657
0.0010418667279120388
0.0004624101631885455
0.0015750688010497452
-0.00015506679400477397
0.0006008611845826961
0.0022440953262786206
0.0018968178469210286
0.0021434789263934696
0.0014907852803805184
0.0009695079646540303
-8.402505166699728e-5
0.0008351839506705312
0.001876920705978254
0.0006646949247471124
0.0013110824625334955
0.0020732489883112616
0.0005884890667712456
-0.0008984240478296441
-0.0006437085908742699
0.0018854453993464829
0.0017705837332261522
0.0025064498206331287
0.0016821424820837767
0.0005376974035983843
0.0014084571001890954
4.198604369984641e-5
-0.0005655129172395209
0.0009407648959010861
0.002343914894252374
0.00020447257311486018
-0.0002741584096488056
-0.0004465202868916334
-0.0002234051917985255
0.0008360315658860829
0.0023001931052563434
0.00224048027349679
0.0009634654970391104
0.0011628777175387598
0.0008637468080686537
0.0019790741983095207
0.0026400680570375593
0.001174541365566039
0.0031296242690372457
-0.0029121056667918057
-0.005960887283909257
-8.300725027080426e-5
-0.002478772629642664
-0.00451993659606317
-0.00696221001132662
-0.005079427785399293
0.004951691276345684
0.013000222159313622
0.016565084601778267
0.022559166067180322
0.008994160914788798
-0.008276999402837165
-0.023218863584329237
-0.011285305713817705
-0.002586391744347083
0.014641469392961012
0.007408716820635938
0.008064091931377833
0.013061902233230603
0.014657496877194467
0.006873242064133882
-0.0005866014502151733
-0.015394301081331514
-0.006887845983851866
-0.02015559035401134
-0.009834986948937557
-0.008406544415889955
-0.004340585772991411
0.005351729055011262
0.005352350343926249
-0.004694334142172566
-0.011764240068391697
-0.02249156045349027
-0.010129465296364529
0.002957396380950078
-0.008401907955624382
-0.003580346862585964
0.0013158619475912067
-0.00011788462094498593
0.0007064571885859157
-0.00970646813331382
-0.007507484799983515
0.02042560502543055
0.002951550398502906
-0.00984858440724827
-0.01275639069107963
-0.017660399038072965
-0.004564122125325035
-0.005523991009041929
-0.005901359451762028
-0.0024949457721569843
0.008870553565014015
0.021443678727053623
0.01493550034059876
0.00822018659866942
-0.007855050576108453
0.00626715519219871
0.003761087370611753
0.008167350889563064
-0.010783053294801592
-0.0076738484403876235
0.0037408128482502405
0.024322243218710314
0.025383760121999773
0.013030019400662448
0.0002536557244000497
-0.0014157755965294458
-0.012902127946949157
-0.004145153605169408
0.0186327356856491
-0.0025070287486020984
0.015008125799144349
0.005371475855729217
-0.01729747545449319
-0.0024468536144147623
-0.0020690374599576455
-0.0028672452368559507
0.006161199795523973
-0.009798333120091308
-0.004753319159616122
-0.004570600052672869
-0.006640114055370361
0.0004583399164739695
0.01210228144690922
0.00526800929266526
0.008736358606950592
0.006021689815657967
0.014391516765047683
0.012738504298619224
-0.005545071894946951
-0.006194613745760743
0.0025673005428642664
-0.013122872267334555
-0.016086825814406073
-0.005512273769494587
-0.012446420499754592
-0.006259998491694523
-0.0030524368101925922
0.009953513124053986
0.008386987168831562
-0.005811131637823769
0.0010028522159717286
0.00260304677107081
0.00420056650963046
-0.0031501332406981735
-0.00614233784743174
-0.020888278369389557
-0.02006970593636019
-0.0024969873335426553
0.008678456736836725
0.007807444582981388
0.019020888135817777
0.002494229846464676
0.0020871764207411737
-0.005930006594130367
-0.0015107756206965942
-0.0037943317618492414
-0.009700635473588057
-0.010686200342367332
-0.009405957687396946
-0.01734496212704542
-0.0168799952694883
-0.013302190871265433
0.0030951618113613023
-0.00014372564221627943
-0.008142093515603908
-0.00815038556324295
-0.00587046351633679
-0.007518724908676812
0.008480182941252822
0.00012420302209489712
-0.005974883147536599
-0.0010168252966182725
-0.0014760603370758236
0.009586283467331936
0.0027558327877213063
-0.016700358932143312
-0.01446461468155225
-0.032944324527933284
-0.005732664260946138
0.01626862934808435
-0.0008398493571839176
-0.021903285305220843
0.005679533914154607
0.011706782463523486
0.0005757680005138857
0.0041825299106667164
-0.01171196140870932
-0.015645015704218997
0.0005145779294552337
-0.01121420543871777
-0.011887797445060262
-0.009780366576004475
0.0054957662194963985
-0.00010467652223597164
0.005281871540416509
-0.0003220608703652706
-0.014287635180505178
0.023813579689315384
0.03078756466261691
0.015809281355847908
0.0011734743531092219
0.003883818709907062
-9.989174832801431e-5
-0.0016680419422209752
0.022900901200649353
0.011184602021721878
0.002939085230827366
0.006155181512541659
0.0066350605556634535
0.0017307289576116765
0.0007705597313401868
0.004510972963844711
-0.008210670007917358
0.0051383017592045626
0.008643822905776442
0.02774530964286674
0.01081577363126583
-0.002234921038266609
-0.004871144091093222
0.008453549582961796
0.022188529506723516
0.007008169717159313
-0.0006856269746721173
0.012687280236489044
0.0025808040279893182
0.004694306901094772
0.024316493969025806
0.01449594098791082
0.0014464614046292236
0.021655206007787912
0.014076460590792072
0.007826585535433923
-0.0018164681977824771
0.004073404974206378
0.013648618596648959
0.009133413816893969
0.011886252269759501
-0.011523101585013294
-0.022244843622829143
-0.014569363561693343
-0.005127484652830394
0.0007599298268142931
0.004220271067501819
-0.006130390622397094
-0.014390706539233853
-0.010976700710019143
-0.01254872265951719
-0.020200611369564362
0.002108294923443182
-0.00397826329924189
0.00825060054236739
0.0110983630564179
-0.00853829605146629
-0.024599599390541956
-0.008632370438293633
-0.006267465032304197
0.01106356867859417
-0.015044641020450623
-0.0019431353152569411
-0.015630160332134088
0.0002014935304249924
-0.004819988527955069
-0.009834051087921432
-0.0031775872103872367
-0.010658510979859568
-0.003021947933760503
-0.013382221328614188
-0.012628689192679784
-0.012234961011548036
-0.01672568742985778
-0.008356190370031715
0.000425512069708867
-0.013557792207270361
-0.013259871827500318
-0.01624064959759917
-0.02042549756063416
-0.008019408205976129
0.01231838101632356
0.013305195213314172
-0.0007584476879853229
0.003962868763701938
-0.002218047445200063
-0.009073718548433819
-0.002894964780539994
0.001056887457001983
0.0093821864720306
0.0021123970132280625
0.010771632135557499
-0.003974236603974812
-0.008153901406063719
-0.010630960612713996
-0.000959243391421223
0.0014465264049534597
-0.001415563579486961
-0.009793728551790691
0.01160236792885237
0.0017856608385615888
0.0021148439783590647
0.0029912328135970035
-0.005145509882584991
-0.003163396415088292
-0.00859763029617235
-0.016750232727582196
0.0048000107857251876
0.012512229117144365
0.00448184330029616
0.007513728365191987
0.01741089876708212
0.0071885986016656245
-0.004978820425552033
-0.00715164760102086
0.011930488386404571
0.01914571266625459
0.012300311196543432
0.01052986515110557
0.03708208311262106
0.014656474560033642
-0.007241802664269025
-0.006634957776787516
-0.004887288613339666
-0.009927301997289648
-0.007550376978006393
0.014818298128720743
0.006657782958019377
-0.007295574141625289
-0.0002760721316994485
-0.010786168789126235
-0.002285391424615725
-0.004816667872321208
0.010405262391552463
0.0062298798994807
0.01488977235638109
0.008013157278931971
0.007621198924160496
-0.000681015368820051
-0.01028641693060322
-0.011660040772977205
0.011215002101480272
0.01775727518649716
0.013529170543264503
-0.006528508997913773
0.01762996272468797
0.0031195645128565927
-0.004913487107156578
-0.011893609619381771
0.002682999071911901
-0.002904190095107398
0.0026197553834229194
-0.0013140434846228418
0.026291708441942663
0.006081668879002923
-0.014353781626960497
-0.011504505890074977
-0.020263584140029673
-0.02576423944475411
-0.01695206364325274
-0.014486541184914324
0.016709324790031375
0.017268213761578322
-0.0009401088118844948
-0.013914779114909305
0.008881008764594736
-0.017770994647946285
-0.0031614806914502837
0.0034662095599924656
-0.0029241254802633175
-0.00596977893831813
-0.009071162400858413
-0.004439748494210791
0.024480062209527455
0.005157614113082187
-0.01897345212277048
-0.005384389742361671
-0.011867899164895116
-0.0029419337486457646
0.017060795083143614
0.007214503784911418
-0.018621485770777442
-0.018044535300279288
-0.009072920299316804
0.003657633693534294
-0.0058075845929894945
0.004671567000453154
0.00524379164230939
-0.0023437595070458757
0.0015631301450177038
-0.0008594159969231088
-0.021189113179641793
-0.017692066504722086
-0.019832606576785695
0.004908594208221859
0.02365972531641019
0.010058060966178008
0.024692041888415506
0.011590867457877675
0.018772997992379057
-0.004222394499853549
-0.014480038838745775
-0.011907616183225049
0.01131657711986516
0.023885542496059925
0.002229002347269101
0.0025611660099334145
0.010295513269477558
0.01743934837596016
0.009493641117613295
0.0008739577873055847
-0.007112982135356171
-0.02400330691937692
-0.015342880240255811
-0.007644640678034826
0.002188943565591778
0.010851900222129481
0.007886514787800466
-0.011038057419052952
-0.0008983584445284225
-0.005878694239401909
-0.020381285487152692
-0.007292530022816296
0.010172329049321454
-0.01578349092004837
-0.0013508442889854544
-0.0012607238811669762
-0.001670549092720092
0.008208882712441625
0.012675432360389524
0.008775637875878449
0.009893375509124658
0.004318176005032359
-0.009258431842423111
-0.003674453833772244
-0.008399342991943065
0.006698746422695524
-0.010434486635800563
0.0044891261816023455
0.0054963171709519944
-0.00500554276747967
-0.08641314652009424
-0.04262572605948494
-0.02940745452622986
0.006993235366894715
0.003142271784593451
0.00783951907981968
0.0057558883257535914
0.00673828532697321
0.004278614822437525
0.0053856509391841875
0.002900619289059482
0.0030107588505129
0.0006713134970834458
0.0009244740004729075
8.886668091869973e-5
-0.0014723182587448231
-0.005924405198278348
-0.012571503401054116
-0.027548507829578194
-0.04381968188576597
-0.026690885877642512
-0.03959744897348543
-0.009655473027377823
-0.005047923015539632
0.002911380810096755
0.004334851954968687
0.005176130741292566
0.003658771542984559
0.0038979191785799908
0.00285685440576214
0.0025494520054158243
0.0016328603792575686
3.959689108189179e-5
0.0004614759365937596
-0.0010586744044230867
-0.0014079634879858862
-0.005922808417516708
-0.010593666127679594
-0.015292920141006104
-0.027933354873994357
-0.017833289443641268
-0.011131031866502127
-0.007822887132651207
-0.0018565834539778356
0.0015988036034327014
0.0038853975864189894
0.004330581025222558
0.0044106039379807225
0.0033633284383198497
0.003550558749689666
0.002825032287131017
0.003504949816574477
0.0009343791904139269
-9.975079945348888e-5
-0.0001143957608742926
-0.0005362970243400183
-0.0024308239340276746
-0.006128177983969969
-0.009876311746213763
-0.011677874975292017
-0.008247744980125
-0.008017570283605373
-0.003514810036610535
-0.0006109375415855516
0.00272982915742955
0.0030154376479195506
0.003622295157156921
0.0035339947343774056
0.0028554958585272714
0.0034878135252749375
0.0031398775609220468
0.003102588409858524
0.0012061539526459985
0.0006174924369072959
0.0004766489211967701
-0.0003433112229370445
-0.002029497512739928
-0.0026371720969012276
-0.003933622954221998
-0.007451984680168543
-0.002127040255515045
-0.0021811391203573807
-0.002262133750828254
-0.00021539784049247871
0.0017819158943333984
0.0028001556250251266
0.0041425482904308645
0.0038418238980241683
0.004157610308169112
0.0028367248844766144
0.0040121677788448685
0.0032542412049210404
0.0015088811188867077
0.0017821931244660755
0.002424334439631356
0.0008887479905539841
-7.65253020062725e-5
-0.0011015119678608007
-0.0015752362590712786
-0.00346681912383045
-0.0003637028085744944
-0.00015298981775238428
-0.00023848437109770984
0.000661984809796216
0.0018267256464804447
0.002637929694348857
0.004270586936539934
0.003961982280492258
0.0036239437315212565
0.0033332588585044893
0.0028310796603438207
0.00346364658399931
0.0030137369177089036
0.0029145876494139134
0.002624565863329479
0.0020814572785959663
0.0017039229923084195
-0.0004940199599336893
0.00013236895773744047
-0.0009362539268045176
0.001349005031551141
0.0020821078688536
0.002618675488763203
0.002931949709401083
0.002089949061448579
0.0028341711892975355
0.002484192680540158
0.0039305511177424755
0.005142889726286467
0.00474967839567805
0.002109375135102111
0.003160141875204298
0.002351262715393641
0.001271708588528194
0.0012727720208323698
0.0015763929790060958
0.0013509969087519902
0.0018588793752984433
-0.00028684622697531365
0.0009663589524183892
0.0010136822856550909
0.0017698192064510782
0.002528699212663976
0.0031492904728319775
0.002099760099907223
0.0020496228692346084
0.0027288969328099063
0.0045986575420440086
0.004472384869995442
0.0029188263324591277
0.0026068324195202713
0.0032911814803174137
0.0037130465984018045
0.00396037218260092
0.002552706153092992
0.0031685429985021532
0.0020192920121414088
0.002354993847457976
0.0030493492981169853
0.0018938943984244542
0.0025286523510897425
0.002571841423123272
0.0029909952190070943
0.00461099145151014
0.003140772790907139
0.004934505494640523
0.0033505973117441776
0.0033413919932285155
0.0038791628388337887
0.0031303800176007606
0.004787972229957194
0.004196367333295378
0.004250427443644475
0.004298661883459907
0.003767670378053164
0.003046586850887453
0.002141831927814601
0.0033076720718348863
0.0018731598048787061
0.0022830730698896106
0.004169036828751026
0.004693646981809264
0.004087412788416916
0.0038368330510855056
0.005212135134303964
0.005752804160816469
0.004733636395746081
0.004953938705104516
0.005376893395258574
0.004249766270355352
0.003331941840550334
0.0034645464997411163
0.004059990306034972
0.002440558350840936
0.004268221899310081
0.003772436165923942
0.004469432862388507
0.004480061764717271
0.00486890149659269
0.004723517868906708
0.005653096405829343
0.007076454176632905
0.0072275574597136915
0.006847872973312477
0.005706599744088487
0.006354045274584181
0.005831051107075708
0.004830796926264454
0.006032998676082382
0.0053478068998722775
0.004384609380454016
0.003838614703713452
0.005028959855862938
0.0035460918824921687
0.003717631105001002
0.002626958706366559
0.004679346784680116
0.005559197199116766
0.004989644533871167
0.0053727523433157315
0.006610931950492465
0.0077912628181417256
0.007369154539634879
0.006707640068657175
0.0077660117823288655
0.007996018587625848
0.005995814155459489
0.005391681053970186
0.005901805674263169
0.003435451987569975
0.003788658379649694
0.004083534844483505
0.004693885409389117
0.003582227157545584
0.003071728225271779
0.002571573225548474
0.0038118045934406705
0.005880679011499755
0.006569353843802184
0.006243385010092113
0.009869207216697857
0.011500725007216175
0.010030440246431332
0.009261723198897669
0.008993227422975465
0.00833759588661395
0.007049350233730623
0.0050694431659195766
0.004536028203059447
0.004150661985091639
0.0034082278159677216
0.003695509920115277
0.0033382737939922622
0.0037188869912881516
0.0045114313440469695
0.004065900363630558
0.003784524016359466
0.006534107575180472
0.007327276296149186
0.008253498980448411
0.013371379375793576
0.01367295208664176
0.014193361267750634
0.010552077804577778
0.009909615910977774
0.008363445031352217
0.005318254733844266
0.004542215111886967
0.004067607412427758
0.004638626860327565
0.004712915427659796
0.0034042367747623907
0.0034513204831090197
0.00469535858556474
0.003457211282150381
0.00435518160940449
0.0032063687733629178
0.006628080845279224
0.009177861648433684
0.009359246373512728
0.01869422099491693
0.02648144008371773
0.017898708920262314
0.018556334110289764
0.01308520723992628
0.011794143522721675
0.009615131281965407
0.007029581629985704
0.006196898829653736
0.005268981190030418
0.0049607605389287825
0.003834227843735676
0.003980500332911353
0.0027892049733601347
0.00196782342362512
0.003624431507658038
0.004700179818486042
0.0065992168807156954
0.008644514068428892
0.014484693782222162
0.042657094721839275
0.03197761163185239
0.04184136595276451
0.021138891568657663
0.019520440739744845
0.011812415698231687
0.010061043201911438
0.008392779508909098
0.006611128263113072
0.00533084913375084
0.003627039515885007
0.0027453295116995555
0.004709784716809234
0.002368323163704484
0.0026426566186439158
0.003489115483939059
0.0026190025303597995
0.004726417453899683
0.01156761009607837
0.01614439551182901
0.04517993329662619
0.15655574286990345
0.027888342063940804
0.04036853011327231
0.018342188831570964
0.01502748035050361
0.009675478038987382
0.008662082864278263
0.0059952686370603695
0.004527315396360861
0.001832660427345781
0.002506473322127374
0.0030143775843119694
0.003075368511563158
0.0018883672472713605
0.0034638235813879838
-0.0001732239080758861
0.003098502048980061
0.0038117063055982834
0.029367639648416155
0.19092533656539148
0.35626567540062465
0.13654811736645198
0.017912260662071335
0.02932915714066915
0.015304201431912965
0.01146621813449485
0.00677213583209302
0.005310680615634535
0.0026739218905383355
0.0014687657400015615
0.002033628361362978
0.0023773582037281563
0.0003101069205700127
0.001830140603433005
-0.0010117967620806782
-0.002231776715816994
-0.00655779259952531
-0.002417835751672434
-0.009953100999267809
-0.25017938703942455
-0.5599154895790361
-0.8217270328923253
0.09915586794402736
0.017604630338010935
0.018035020050860297
0.00982344924863143
0.007621099114158256
0.005476801308457565
0.003943153612938931
0.003024552711530087
0.0037626715983314785
0.000997992955881467
0.0011963124198671414
-0.0004535194985665374
-0.0021451543055511684
-0.0071596498145739575
-0.011660316171182206
-0.034507754376146296
-0.04523444084787654
-0.1395347515087227
-0.1805065117004777
0.026211190970647433
0.01259157551698282
0.018186377439726766
0.011169940863666942
0.008368975634411835
0.004884237230499236
0.005546043367577045
0.003546963390341453
0.003277369834852377
0.002337908533292868
0.000894271753034303
0.0006050969266961577
-7.110868893345622e-5
-0.002502957726684948
-0.0058174009410715925
-0.017879886051966564
-0.02844382668711357
-0.0896497928688153
0.004465809505284443
-0.007975426199384355
-0.009042121902803294
0.006538324911613528
0.021161096136259407
0.01600701236510969
0.00653714969726681
0.013012937199368836
0.00043236060975829996
0.01374637951992414
-0.002377982614748591
0.01629888791717948
0.013358063102527648
0.0003227656418706535
-0.0065536913697893905
-0.0061337925092452995
-0.008978893634644507
-0.01872503956659321
0.0071306070166262375
0.007052319235349724
0.012122536022481417
0.015899377694351888
0.0007763590364328224
0.00712733574639993
-0.015261790955202973
-0.0073949353129562
0.007575359718218407
0.03261900937306408
0.01854138990050597
-0.004368064015138166
-0.051892167658620876
-0.01586116803397019
0.018334099022441378
0.025971033266746595
0.009315614940464394
-0.008716563511761057
-0.0140719872704428
0.0024565359829079895
0.01065632113639318
0.006599647656876223
0.00910575207789444
0.012392925350685844
0.008620689105604222
0.009104536308322725
-0.008268371223413156
-0.01163145126587076
-0.012823791778494256
0.0014055277886804594
0.0023594561075294448
-0.05291511161670242
-0.04514143607869274
-0.007486996113467769
-0.0010101220580049195
0.014259829312004473
0.01734225621877658
0.000197990218665378
0.01348096903203832
0.013665653567803516
-0.01713307169094765
0.004553186204005527
-0.013693802248038218
-0.007758185833518455
-0.002477884062508334
0.008854181500051878
-0.006980817427143649
-0.019581145210981116
-0.011602640159946232
0.00495733805353946
0.009350487759824402
0.005141849039363302
0.031529616348301995
-0.008686979338796672
-0.02705772894252089
-0.006220371398759473
-0.012601998949122211
-0.009729358689108495
0.0014153754889241425
-0.0005897625189551464
-0.009798282754717873
-0.015804950181322535
-0.01492423587115892
-0.021066968782958852
-0.001328065437628887
0.008572777604409844
-0.0032481157027948
0.012247796790311549
0.013372211262804676
0.0016826482524713322
0.012145545438695574
0.036950681604722674
0.015581910700218412
-0.008947638443530241
-0.008942988279275737
-0.0025468528570501796
-0.004457250877216682
-0.00018369532171510182
-0.005141512745827906
0.005711259628404549
-0.006768035354124449
0.007497227874707505
-0.005845835239429153
-0.005112519285377011
0.005593853043293396
0.0031087739945285394
-0.00242832118077326
-0.002541373842362706
0.0037555766837681914
-0.0035199653426822314
0.006167583926964565
0.0068909927234103744
-0.004935064130264554
0.018524565059397716
-0.0029023398578878696
0.012759849897947123
0.005003463384080455
0.004677506866590422
0.015457710439617196
-0.0009395271842569533
-0.002163540133928865
0.01040297361137196
0.006751826708474849
-0.01051155679703732
-0.011509484959369595
-0.00047028568772968155
-0.010997134646199582
-0.01764087165998446
0.00320316475069949
-0.004378366691180928
-0.007873654615236116
-0.01625285856671415
0.00374108555123143
-0.017564050708050553
0.0032391542596104037
0.0020053184621125065
0.008184389092606393
0.0030505439034651948
0.003933698957930341
-0.008273808629207029
0.018374804381674558
0.0017571459752360687
-0.0071388794569348
-0.012991280041147055
0.011124116144634849
-0.009466727576715983
-0.0007345369065519877
0.0057838304117275585
0.008124609094794195
0.0007998585932568959
-0.013314331973853023
-0.01874943400564387
0.0034436257232579003
0.0069934945499814894
0.004055030944030059
-0.00792124702390067
-0.0030244485756080264
-0.009443968631056045
0.00037043737294126244
-0.0010643269109436493
0.007058064769412276
0.0018489350882831285
-7.808360579699856e-5
0.013963783104367704
0.015386798986464927
0.004966849743272972
0.013099574328921778
-0.0010676279661059906
0.0017158682477995035
-0.006824033344651659
-0.007527955107374616
0.012586390615615358
0.011026322239290185
0.01637039195260096
0.006968111163190054
6.541007777314135e-5
-0.015899042228094705
-0.002419247906759083
-0.0030217400664755097
-0.012391736460894788
-0.005728207692900852
0.0009017414343013095
0.009314482875257078
0.010594142355579877
0.006494005274551817
-0.003109249719450001
0.0022476862636507623
-0.010975984323396607
-0.006251163372390405
-0.0025880469376163384
0.03340908118788144
0.009644471347110724
0.002115568021384299
-0.009486067433357205
-0.010274025815873968
0.007271611203767345
-0.0036720600325111583
0.005766915298167399
-0.005214790220241352
-0.007662810335894007
-0.0035771215560931446
0.009568184708842756
-0.0005858444572044443
-0.011776228520928496
-0.0033244234181320125
-0.0019398444990933396
-0.004518006806705854
-0.0014819949331529867
0.01078421418498389
0.013870496516378302
0.001980059433727369
-0.01001096951492674
-0.014090078149885802
-0.008538634082258769
0.007451564344742749
0.0005386142262734754
-0.004771417409612914
0.00400795102979332
0.0024568550243459788
-0.013884320768525173
-0.020159887480696435
-0.0021711611897778094
-0.0021018034191750846
-0.022265492130248598
-0.00283848155985633
0.0005399521345316974
0.020309821075546314
0.010801590980559966
0.0016646085190439603
0.004660934193128939
-0.005785227097860701
-0.012005513004559655
0.00011207150095687539
0.0011519558507964345
0.009396985966365446
0.0035729836297984877
0.013084282614232674
0.005222364775439584
0.01351572928949233
0.0006788397159183772
-0.01299772691290538
-0.005200414798252627
-0.008483501453446056
-0.008602059069704281
0.0033502234225678733
-0.006209982872148713
-0.0029168873389611816
-0.014510749648227225
-0.025198404905945746
-0.009786424238367437
-0.008527430238411318
-0.004465686656873618
0.004634723524974536
-0.007067019560460029
-0.003061699012556436
0.002746797361719007
-0.00016567681500396537
-0.003877662088399817
0.01864864111451745
-0.004131308532969044
0.0035777907210384334
0.003642678626654154
-0.0020032459004779178
0.01153954476891806
-0.00849903054465838
-0.008133903626691478
-0.016996296116691914
-0.014383238711696944
0.0018480003863125083
0.0022134347711529204
-0.004276275567894256
0.004261448129780751
0.0006662109879386783
0.0067097832574487554
0.012561013626827279
0.0012561482361308223
-0.00996780363906247
0.00419545272376249
0.011469743527701004
0.0037884571409901734
0.018780388862830674
0.015916978161143718
0.003862227982763661
0.014006718557960164
0.020190032674694967
0.02818160725215602
0.00040968729675396574
-0.007519080434596065
0.011158639941970989
0.008602835621807574
0.010290109750415981
-0.003709518938251121
-0.0024177308783791375
0.012581608745827413
0.004245837097175264
-0.01016687910378618
-0.006195298836773154
-0.006717485123321295
-0.005532061290854109
0.007879406118077414
0.0077064559949912795
-0.013765016434530753
-0.02210662189761819
-0.005443664428721965
0.022575816969165195
0.0010456001314610342
-0.0012103197159461943
0.0010154553974515766
0.005512589956299606
0.010418262852761357
0.0021401787866221927
-0.0008562150867645665
-0.004501785774599261
-0.010958465853347948
-0.0003850806291447797
-0.01524633016205364
-0.003819469836381079
-0.010695931905866705
-0.013664428329316662
0.008191633552758851
-0.01397202992481638
-0.012873215478864008
-0.021503305764599582
-0.02133646987285571
0.008381321432985728
0.010705212045428516
0.0017557280553545346
0.003492279968482386
0.02674118951507757
0.003172468160931065
0.006484996957108691
0.011803703568478107
-0.005401322468998411
0.0022129540051663626
0.0048390049419668145
0.0011701504350258912
0.0038245327562864587
-0.009223671124767133
-0.0012075912686154923
0.012363804296184434
-0.008455412601441122
-0.012900599421158423
-0.007104214554295262
-0.002220365017090777
0.01254305515649788
0.007455855641984514
0.003715512997243265
-0.017035222198636762
0.0045721998597193
0.0008035902365491092
0.019894475558474393
0.0007943009898968938
0.009958335361473164
0.01580834661904229
-0.0015833530544459894
0.011061370191773178
0.0013484970702070291
0.0047448365231163095
0.013603714067258244
0.008791998672626948
0.018014175142058383
0.009323354738016185
0.01251256399151218
0.0020387352175903605
0.00440542778474792
-0.028875299303244086
-0.02382573724824525
-0.02332151746494316
-0.013796486560645239
-0.009369951796842179
-0.01908527730546114
-0.0058361429426317
-0.0020878432033399575
0.003008286239293716
-0.0035409149783947793
-0.002922903296551934
0.002600170265753231
0.014825461959042061
0.0018821847417887538
0.008120074395639828
0.004097893324866553
0.0031440757796226456
0.004819237498572496
-0.008588806378215729
-0.019174323845596794
-0.01107360948092774
0.0072040901071955925
0.0093673817450813
-0.004829825684082236
-0.009427274171477418
-0.021470385752595432
-0.011536887172023797
0.01017904352659015
0.00758452379865881
0.014681711325230476
-0.014758118788874262
-0.009241753435001788
-0.004066341413854861
-0.016392236049807545
-0.01965624611781345
-0.0036763059847438207
0.0018788275293945315
0.013438930409177166
0.005894503765745952
0.011745911477422858
0.010015636359723917
0.016903330174031235
0.013949447519287363
0.00953410829320037
0.00588160067839194
0.003914958436617586
0.0014720922593575625
0.00195485417433883
-0.009311584411308771
-0.015362601639347646
-0.02146194458670897
-0.009056404619974845
-0.009351945958991232
-0.011580177655329843
-0.0017717526896707317
0.001090122468869532
0.0029264229291325757
0.005829264289367988
0.01672139887673976
0.020029724430630166
0.01533982344392715
0.015237039277719425
0.014644385709342397
0.016356177587668906
0.013511191311082329
0.006702159294084397
0.0025705849960089423
-0.0030089121622750826
-0.009561458597339128
-0.008429323772386815
-0.001215831157058414
0.0003972948657785687
0.002488296748353525
-0.005927161055203276
-0.004438382693230266
0.009404613083330295
0.006227659071522718
0.009990121940544338
0.01329802451138825
0.009973383721212951
0.00943844274905772
0.01668727044359481
0.016247184863058962
0.013628789853665673
0.011542237662802907
0.016697861487695278
0.013876799361941807
0.00814043061154592
0.008826156675234302
-0.0010146781871211224
0.0018475019610307206
-0.00013699929505378572
0.008798338679946473
-0.001100581554388423
0.0021995836074971166
0.004136231887614374
0.011026053961150313
0.01278777881550042
0.011973602626578568
0.017287637637784903
0.016263687377863347
0.016578980539704392
0.010256601779148883
0.0018103897638045464
0.009881278901063387
0.014982489597398086
0.014654822688528104
0.010866151074049698
0.004391649398233784
0.002709451665903088
0.005303765173849277
0.0021950564221505245
0.010596608278974618
0.01037677379513692
0.007544974478881827
0.011928525598900007
0.016521556787593625
0.02571377825107878
0.010884536073513768
0.01611743521755455
0.020728410620119667
0.019963952674210864
0.012446781487435794
0.014487674272547178
0.020632126766992727
0.007997852177607286
0.013805292813357106
0.012813487250654182
0.01680499003434804
0.01139133883930058
0.014414366525285719
0.01587632275352349
0.011279126490756797
0.012505332971456052
0.008848416351550049
0.011653105633863965
0.018729960742545293
0.01906748204419133
0.024150519874025334
0.030723857947513478
0.02627932128637242
0.019354007578164256
0.01897875917984086
0.016221446914649926
0.016265756413683455
0.017439132214143203
0.01255821863445053
0.014624440899526551
0.01987547385876383
0.016315232175909897
0.010529180381498646
0.013286999720379831
0.011903552616679514
0.022407346609252646
0.022339957291466504
0.014154715163326101
0.01601951816257664
0.012287337568358474
0.018704970111945662
0.023002475742912223
0.019794760590407016
0.01594246016410865
0.027872075916828026
0.024961639145842755
0.019015593656749426
0.022622173074367202
0.018382131315198183
0.019706866884471142
0.02249797469177881
0.01997065628519713
0.0049260642058148296
0.00856865712847174
0.01645546085606579
0.025336176154267302
0.01423862275880231
0.011902943108450813
0.011399182101820855
0.014683886755432628
0.013418714889979463
0.015375396913199592
0.01522576499325363
0.019505102500802708
0.0215257091892273
0.01881300289561516
0.019265305885248503
0.02616236759013151
0.01874041928674497
0.012362062439691146
0.023632277480734324
0.025400653424952492
0.011805098934182419
0.01215839471958534
0.013948903490191095
0.020230520383557167
0.019591938667619425
0.01758074168227151
0.012560725204199898
0.014348827152073081
0.01732852947062082
0.019212570151143808
0.017843487525630218
0.013004255979205183
0.020884230039533297
0.020802737442526333
0.025749985679872522
0.015736462153841346
0.020383440917660735
0.014022344731682502
0.01630732048380118
0.02802880073975392
0.024343327715723513
0.013308943388413453
0.017476593755740545
0.007483024671133069
0.006541189951454835
0.0027615544771179947
0.00908383862135305
0.012157402588900813
0.01574408024960506
0.022507355785305393
0.022384854453365806
0.007358447096510483
0.013265380314918782
0.014756175175401667
0.0183791211329421
0.01599315218203225
0.01857211868273417
0.015341811328059991
0.018370066539094627
0.0239174623470397
0.02284380565996076
0.025194745791430963
0.014323650930954838
0.012406411778989188
0.003707422948459654
0.006913174564720045
0.012444337296319786
0.008859607774200173
0.011557061369888082
0.01205744163771974
0.01167051131464386
0.014995313893069191
0.0075165681661054674
0.01056649274666654
0.02103057805869963
0.023049700208971083
0.02936952502147599
0.02430501916630906
0.027187738660160395
0.015825976829658667
0.03327364192887716
0.015281267582448924
0.03711439459042937
0.001966397346044831
-0.0020027035841534632
-0.0006854732946825675
0.007172334542043543
0.003718403311733622
0.010812379462009358
0.006730283196067628
0.01056096669693586
0.017190802022181404
0.014723278279954758
0.017676965541014108
0.013303202836703078
0.013683179333527178
0.020434352999714918
0.018973062821225458
0.010966340280699101
0.02896725876722577
0.025746643807005216
0.08748303483603663
0.017225142095148763
0.009318414258779802
-0.020519756905523736
-0.011723217921671894
-0.001101626321214561
-0.005451680499970103
0.005056068429361516
0.011616780507010555
0.01822649250451955
0.020936931238216477
0.011771523584841475
0.0129999861420795
0.017835068940759875
0.012110266860654896
0.014787081643721684
0.0028708411988003606
0.013401287246405092
0.004835772955690974
0.11253150228471871
0.09856864677329301
0.05661166697021414
-0.021174446739789125
-0.02657001891474496
-0.026262123423641443
-0.00861923735011204
-0.008174610851615903
0.006605983043001816
0.000829458433350887
0.014437846586039
0.014147759409297371
0.008057483439874412
0.0115613919434404
0.006681525721854073
0.0055998251833712185
-0.012858197445536625
-0.011755178412739502
-0.03746543287618873
0.02894509087326923
0.10814388123740902
0.3317232893290488
-0.5598422192547572
-0.15103417250186868
-0.09863418155558044
-0.0407309430797282
-0.02122967376759223
-0.023049165612920364
-0.002425375649451488
-0.004047712867715004
0.005345197979271658
0.006833000513167113
0.008953009154378197
0.013083537351617066
0.005549946053793212
-0.000358843829576133
-0.017530382484160584
-0.03619603251520523
-0.06841722282434098
-0.09313569204887986
-0.047359380491052844
4.9708811514642655
-0.8259099070767064
-0.4673362715619392
-0.09524793018136227
-0.06589523714576098
-0.019632353322546182
-0.012699017837581835
-0.005043038831467037
0.0029110294233516453
0.005973880801237093
0.005578579753729365
0.007838265624322232
0.014742423185196175
-0.0025723139243728575
-0.009152275633547827
-0.03139982925940171
-0.05422027784443505
-0.1261642894790653
-0.22523452061560587
-0.32588446306814123
-1.2060736334654298
-0.7082130097801101
-0.23229256955827945
-0.1276215182927646
-0.04746571174084411
-0.024917803101627358
-0.011853973247734427
-0.0003413156042909849
0.007380485739161775
0.010697222372392038
0.00551686050745918
0.0071697523386838055
0.004823097737831639
-0.0004688072888419045
-0.01079717023984054
-0.02954777305740823
-0.0587653532466345
-0.09356141056479884
-0.21122638057229673
-0.27809578761115905
-0.41575128431663716
-0.24609824669095065
-0.1765370452202619
-0.08093620660234188
-0.05329604520042796
-0.023022804641346244
-0.002791107249344591
0.00232767415348678
0.006120104765085684
0.012363332105582027
0.008348461840036497
0.01398728149132257
0.007757029447850613
-0.0064514432215964
-0.010106404699199538
-0.024245468920733815
-0.03863921223529153
-0.07042550465389741
-0.10319493019132325
-0.1488560259136104
-0.16156726799664967
-0.13652870709007725
-0.08079813004590337
-0.06238906103589217
-0.02938197416635878
-0.020494510166446323
-0.0053305979257605475
0.004784851023854023
0.01496444292314893
0.01967787199030097
0.0099719740094017
0.00962748379860933
0.005233125484720478
0.002319087606210745
-0.0036121868220665436
-0.018362622202955828
-0.031930059329830444
-0.050274342012704906
-0.07674895883617949
-0.09354075419974713
-0.07627135875075541
-0.06364192887136727
-0.04960933938174616
-0.03819817379476997
-0.024353292256213646
-0.015575083394449888
0.012406230252483032
0.010555975963015631
0.011753603326421808
0.013668855492117443
0.015238332777735767
0.0053911938213555815
0.003838620048876459
0.0060794863516085386
-0.003690669704808383
-0.012785063450649952
-0.018044609679921154
-0.029282528469186508
-0.04416863211128957
-0.04901994327322505
-0.042971441217549526
-0.038327596391340306
-0.026039692755380397
-0.017134498692868334
-0.0009996143581429105
0.003998965510437297
0.003373376284203371
0.002428814533733884
0.0028620749564874405
0.004409738604340783
0.004645150865075868
0.0035669586621523033
0.00025445678628120433
-2.1311659791046654e-5
-0.0004020660741074723
-0.0018011566041312255
-0.004046865690020994
-0.003617475707344509
-0.0029833216045310326
-0.003491160866403464
-0.003074140678943394
-0.00024659134320663466
0.0004790507538292554
0.0008073031970017629
0.002729874429459441
0.0029495998484248796
0.002586829214923529
0.003228708426380455
0.0029152966599258244
0.0030541830124030892
0.003374159883490944
0.0021918387506001426
-0.0009338503775332919
-0.0017873462584659737
-0.0034059009578490534
-0.0064031695368454225
-0.009470324559292946
-0.008828129697794522
-0.00803609059090255
-0.006589192763176984
-0.004768133011839634
-0.0022449859949169944
0.0004739903508104254
0.0008549684582755846
0.0017556999004421695
0.002685433315032466
0.0028816903980618427
0.004896570705894768
0.002906063663988551
0.003745584400688352
0.0032839860145495005
0.0028194923454493495
-0.00023994222757357924
-0.00402236457074248
-0.006002625762027654
-0.011428886211852592
-0.01390803724049751
-0.014592940498233896
-0.011269424752288199
-0.008551134440726924
-0.0055019632712983105
-0.0014979235282257504
-0.0003395278683266809
0.0023154968882589354
0.001664928210720149
0.002273237366754662
0.0036374131423054555
0.0034304934253718256
0.003815008710940027
0.0048125946575704
0.0031452737486997954
0.0029686768224922995
-0.00030298118064598967
-0.0038014157696321096
-0.0111558563085968
-0.019077704554515802
-0.031563496749600926
-0.023721849337551955
-0.021688043416483747
-0.014207791864582455
-0.009946619495700013
-0.004747955707039951
-0.002387950117627751
-0.00029091644174672666
0.0014434703118163682
0.0016530617962238815
0.00484279716188617
0.0042086534756364214
0.005606112737517221
0.004965921892453391
0.0050910927122161135
0.004270923098156022
0.0018916552182944627
-0.006385143460059511
-0.012062374185728995
-0.045516180217842074
-0.042702441508094637
-0.05567169822819814
-0.030461538411413233
-0.02198296693197643
-0.011011108188995039
-0.0064131418137684856
-0.002669254014812124
-0.0016827327102405026
0.001823703671665834
0.0032146971517946904
0.004683923975578133
0.005373771227609413
0.005591708532061776
0.005547515510039239
0.0046742066041807456
0.007324473432195693
0.0048564912863684655
0.004466013106206423
-0.025176379360974107
-0.041471163920306725
-0.19991293788436035
-0.0671385753029376
-0.05690478987212787
-0.02536509352274363
-0.014946706557659428
-0.0068266525679513065
-0.003718367196847529
-0.0012029182725008518
0.0014707383022285617
0.005125574007458918
0.005284152756143705
0.005387713221145309
0.00795463561226217
0.00636006245643588
0.008495641334927766
0.0103047886984981
0.01536740670336153
0.01226139812264893
0.030077912883306277
-0.18258700680689946
-0.4824525083340515
-0.22987447553738088
-0.057878178756963196
-0.03759696755234938
-0.014552606694690001
-0.006362925964358107
-0.0008278252059925232
0.0011736663032529398
0.003555932735989629
0.0055614511441636925
0.004346191286762039
0.0065241695842241515
0.006967097396749713
0.00883232212902866
0.010145161987544365
0.01572750960695818
0.020009299537335025
0.046364100771465855
0.06016545534867191
0.30171729628584476
-1.8250762455974865
0.5870965993540201
-0.05098289773524502
-0.015897245370252458
-0.012630368498954804
-0.003940670579267393
-0.001320642353464877
0.001509470093670783
0.0028074228850972402
0.003915962949402799
0.005594752321414264
0.006784703914301616
0.007786827779462684
0.009241616268483214
0.011998897639534266
0.014962969898759936
0.0277970049038506
0.038189672144567206
0.10128226181849055
0.15424301767433576
0.263270516180875
-0.0007695165320198412
0.0026324893742849893
-0.009038909159957984
-0.0025448563275188543
-0.00018109033930353467
0.002652073568597572
0.002416108570006987
0.004628589031589744
0.004862978354000193
0.0052662779452492155
0.006867307616645721
0.007970652524205184
0.009204175534501943
0.011236795501478974
0.016080152232635342
0.02264342161678164
0.038823287604427756
0.05537732013466094
0.10487223895687586
0.07456743274361656
0.04833016158960096
0.00883765754764284
0.007927932407559046
0.001867376478800611
0.0030386002878863127
0.0012715555233450222
0.004409304169214055
0.0028814374620132325
0.004474304178897614
0.006456767320098008
0.008442984433769144
0.008219920928576718
0.010712642876677286
0.011517772468505234
0.016413460676763615
0.021872450418713288
0.027485849990421852
0.04104125529085721
0.04151585328473204
0.05766340945048879
0.028673176725001012
0.01762499799850601
0.009164007999077331
0.006192904119553728
0.005189831380075159
0.004046725572654436
0.0039948616226365
0.005172588235588195
0.0055985575852793
0.005700288447449549
0.006512257740948697
0.009386537848319351
0.009729718668194758
0.009997855865166959
0.012321568160508199
0.016309015956704625
0.021973508735155325
0.024432944632682113
0.03093595843315774
0.02490189433797429
0.02179019666395111
0.014760862801761358
0.00978465491277767
0.006074098427583453
0.005294232830604976
0.005551388636478137
0.005265503940838541
0.004108502549331852
0.005221148338823119
0.005585045879372779
0.0064330955324864185
0.0081935914826743
0.00911548401286028
0.009240247197186616
0.012207329265274885
0.013184837664486344
0.01584666346303197
0.019229510661410862
0.019882536023171683
0.02119853860313658
0.01581817666034369
0.011005839113360602
0.008678811865337612
0.007740411620310893
0.006479635800426384
0.005588754017109865
0.005574319952225969
0.003718533454725503
0.004556773435626231
0.004727428654161425
0.006586959845243158
0.0069789017294594495
0.007782665300138428
0.008556980946747002
0.010562185350594439
0.012001084180795155
0.012070788413887507
0.014117657813879166
0.0139501557131047
0.014085689495746857
0.012623777243048886
0.009811348735410471
0.007708404151301338
0.006181784826858534
0.0056708767721555505
0.00548985213540984
0.004256645137751909
0.0048982354904174834
0.005016449985608907
0.004221732707791917
0.005379903272486235
0.005693227487143278
0.006322930406648433
0.007027046524447895
0.00733770053974826
0.01007232576660521
0.009383111785212145
0.010734690963576824
0.010726718217170698
0.011249071403229397
0.009722457777431498
0.00819138865548438
0.0069988432683314086
0.006397559959991485
0.004894409705234374
0.00594393592763323
0.004928022863918542
0.004659705677960412
0.0054311846773304326
0.00499872680407846
0.005949268013986306
0.006493653537131283
0.007189278379451652
0.007090558232932491
0.007563580352765219
0.006960427053426748
0.00874625114438773
0.007904203092525602
0.008396046955927557
0.007200839708094577
0.006866225721058984
0.005448442960884534
0.004942272362629423
0.004614998217422635
0.00654783031213938
0.005295314923479792
0.0035609702999244014
0.003539930575239356
0.005315094274644657
0.005620898649894714
0.004447660151675259
0.005442167827541092
0.006033710371445404
0.004853272375592919
0.005902813188317849
0.005817671577008672
0.00543075107121614
0.0057811980328378735
0.007066204494056367
0.005409785089549834
0.005002604885810055
0.0052899705896252485
0.0049789043402535945
0.0050928592637011095
0.00475529277952142
0.0029466264764702052
0.003539804683377809
0.004366093131651524
0.006004100546569434
0.0042509715016448785
0.0038960888406968067
0.0041716868993833586
0.004105541793580835
0.004629032490059942
0.0055404642062091775
0.004414331286553885
0.005453632956065259
0.0048308742114427095
0.0038867141819716395
0.00434555181437772
0.003974407776064116
0.002157214369305463
0.0036438194716030283
0.0027625734938513057
0.0035540468103291405
0.0036749303305563127
0.003523456365365678
0.005406922672955545
0.0041411500198992295
0.004332370100365418
0.004483124434497503
0.004655342836524559
0.003733143418734213
0.003179986046879699
0.0028396009367520087
0.003803194476336691
0.002678676677728258
0.0017192390599778215
0.0020049562418402414
0.0010856487347180623
0.0025272774688389504
0.0032633677717539213
0.0016634257235621577
0.0005781836710775079
0.002400154376101039
0.0020629647542908494
0.0031384180543876455
0.0035496375907962526
0.00427091569215248
0.0029769785476829306
0.0019967760052017856
0.003741863795258375
0.004120970162575054
0.0038864146047528376
0.0025321780555198924
0.0015134072458628583
0.0024919246559324416
0.0010699751314227515
-0.0004386853322912392
-0.0020669594500390535
-0.0018347542097342621
-0.0005675656672400432
-5.714899802394211e-5
2.0257351999831328e-5
0.0005332647492257282
0.00117007991985356
0.0013872408702791613
0.0015855803419007994
0.002855173199297156
0.0051379956512895555
0.005469703669264812
0.004432075285831017
0.004250418455559316
0.004055809383117516
0.004316767935882683
0.0036070258845414243
0.00301016235169172
0.002274630432535759
0.00161395818520369
0.0027477635665282057
0.002984770767005586
0.0037394957869571546
0.0032404537082893177
0.0024071613946875948
0.002735503812872631
0.0029533582608133667
0.0025420952887976562
0.0028734249304262246
0.00426757590619714
0.00640449375206566
0.008087399189545994
0.008352868846264539
0.006482669492501567
0.005954097597221295
0.005602842243204713
0.005030352284440213
0.0031801760457357874
0.0024507376681222118
0.0026835391022758765
0.0026864984686289033
0.002240431667244026
0.0016476766339767284
0.0024008657181360396
0.0027855237677085107
0.0022762425778375442
0.0033252716868522707
0.0038256462391596763
0.005924539662982094
0.006740762410389883
0.00847838885218938
0.011842077323279458
0.01296770746246217
0.012358896742587293
0.008834344045366597
0.00821739347607499
0.0063321860823600485
0.004060218109183199
0.0034261776911754765
0.0033625887935426445
0.0025465439075624697
0.0022586303230793968
0.002519129130752836
0.0035302455775581866
0.0031101764366858347
0.004321399838253321
0.00590328663987601
0.0071510487532874915
0.006642012205039262
0.007571679851529496
0.012239919187814446
0.01494112572586233
0.01723319992215311
0.01779375420278744
0.017024176932348974
0.011108623589988065
0.009130271753140115
0.005714763840743281
0.004366253535677983
0.0030012374529478753
0.0033112869291854205
0.003579762877495651
0.0036433350320060616
0.003212286434979157
0.004463926290791588
0.005249451417509213
0.004614750741277537
0.006157016261641028
0.008335332326571248
0.010089577548497793
0.016491574323678582
0.023361246281723255
0.026042854646491666
0.0306065440398472
0.023104002116391804
0.01975804174787064
0.011332220178307066
0.007394105567370803
0.0058565344072390646
0.002818310249487103
0.002625188421090153
0.0029360164960733365
0.002094293616119616
0.0024495186022422464
0.003382806084523508
0.005305102489002108
0.007045284137604096
0.008781950640088809
0.011617702579249633
0.013957425278461612
0.023417094359327796
0.030711062723981247
0.04648853812259121
0.04728824078005348
0.05250902677725109
0.023551586731705907
0.014894704328837195
0.006130618348743222
0.004566901466903318
0.0031625078226404403
0.002565204151373819
0.0021848465090255507
0.0033040011812862833
0.0035458509516707575
0.004466740835503191
0.004501292336630111
0.006951400300586962
0.009204339753939738
0.012139718078956883
0.01815642918977212
0.026234338926600646
0.04504259773317708
0.06566358819538382
0.11341261849567813
0.07265708898191293
0.04271031531992199
0.01088368688048217
0.005450988353756814
0.0005884031246776939
0.0005251563235478224
0.0008941026132767018
0.00034399831283291754
0.002971876242394825
0.0036882508113382268
0.00605351549895369
0.0054311325967356
0.006233528456117797
0.01005421826635008
0.012602672909661486
0.01785390552896812
0.03137611009078925
0.05089544832856187
0.11359915637335016
0.22217644341734247
0.1793781873777184
0.022070352599627037
0.003997340848964939
-0.006862224792533931
-0.0036565070975837465
-0.0034314425516340243
-0.001375200477585519
-0.0006958469609643437
0.0020090680195379985
0.003475600145180432
0.0028074650570794717
0.003913790659627847
0.006810458774294733
0.007801769879030428
0.012055078902630302
0.017462513479564172
0.023134785129299017
0.05576504392094581
0.11834807608063642
0.3747690075265925
-0.6353611685303108
-0.09140366374175796
-0.058689244506502446
-0.023176857288405982
-0.01465564721267475
-0.006012922303692
-0.0031856108658867574
-0.0007818809945377454
-0.00022289962088020113
0.001434485089418128
0.0015112386972480946
0.003789356803136451
0.00499343773231102
0.005235198735852153
0.007490195914244167
0.013675923856622512
0.009279495365450436
0.007057575889414939
-0.0018488670991612503
-0.1741569002799188
-0.2895191682575251
-0.1810692967007011
-0.06708710888209392
-0.038694016957344264
-0.018180774929579813
-0.009897681386652238
-0.004933481714480297
-0.0027762967466018777
0.00012348308476352616
0.000623217505798729
0.0019486106462523228
0.0035085557485501594
0.0027634391869621644
0.003241856020643876
0.005195428498687725
0.006243458180507685
-0.0026643885625983054
-0.011038163515598354
-0.04639304735019294
-0.1063582271289673
-0.1730415428396653
-0.09360126205933951
-0.06391838713894103
-0.03166504943018194
-0.019517454609343485
-0.010242427471285662
-0.0066942449297449505
-0.0033634725333242413
-0.002736051056767944
-0.0009598855160988795
0.0003545193256597254
0.0021124240546190696
0.0013736673306026415
0.003458171306034052
0.0023651049788151915
0.0023900136520242465
-0.0051669618570353995
-0.014965218926961552
-0.027685583735690206
-0.05625736678108594
-0.05520957644566073
-0.059779431542916886
-0.036460699684289936
-0.025603446314961836
-0.014507872282742276
-0.010210079764540525
-0.005778784541110008
-0.003920089538596318
-0.0017722092042141739
-0.000945748379751333
0.0003424798491252621
0.0013786923406134718
0.0030310034748168646
0.002977302210339711
0.0008706455418814979
-0.0003860191278272876
-0.004853264991036805
-0.010196170757765917
-0.02082617594505767
-0.029861872312627612
-0.03636087890745273
-0.03033897248930461
-0.025883464078795767
-0.017308472070191584
-0.011972112713867162
-0.00724435826863192
-0.0050167058925001074
-0.0036897981237026404
-0.0019753314224509994
0.0004333212782450808
0.0007208294925089336
0.0017635832924527892
0.0021639784607880483
0.0017231550226727392
-0.0003006191172776469
-0.0011633025251896047
-0.0047912210420532515
-0.008524512359008989
-0.013016875710053933
-0.017118697103751305
-0.018885715716482128
-0.019561333853702168
-0.015375548631419373
-0.012539617204784059
-0.009231578163756936
-0.00661828265020721
-0.0037960625122507377
-0.0024674818285592226
-0.0025655373667698407
-0.0011159606762870605
-0.0003801751533854691
0.0004939746617136957
0.0015521537418246556
0.0012985005804408577
0.00015560997332858816
-0.0028701752421991977
-0.0034272278713702318
-0.005479431515664927
-0.008110919340382454
-0.0110821910824818
-0.01240905932847238
-0.012982019921224119
-0.011066037632434763
-0.00788141954228492
-0.005132476127864437
-0.004652951409691306
-0.00346699727837298
-0.0024861391792913015
-0.0006749401836873612
-0.0007604471055584999
-0.0005974423699316932
9.131839894370501e-6
0.001015132308440463
0.0010168594808269255
0.0003810506847767322
-0.0010324221278591517
-0.0014061400093765611
-0.0036325830873155177
-0.0050003872822301215
-0.004359269296835444
-0.0056490897888344035
-0.007036294323899716
-0.0059583813715575525
-0.005552510004740007
-0.00371870515008756
-0.001436875754915249
0.0006556607436675422
-0.0011415530869252248
-3.662263392114956e-7
0.00015588622298817907
-0.00039854904619520337
0.0005270983731067752
0.0012601201378454774
0.0012048490237669064
0.0005326495193201709
-0.0008130432082404883
-0.0012471732220478635
-0.0010219617654079803
-0.002153904075195632
-0.0024450307454430935
-0.003094028794579446
-0.004164196256867456
-0.005401342913325884
-0.003923898781067354
-0.003400274085160415
-0.00016387498648579298
0.0011061375886856398
0.0009414839620990298
0.0009571564846027076
0.0006765468446938716
0.00016031025195950858
0.0006492453305393656
0.0007259443101252981
0.001223164165288073
0.00048609021600976737
-0.000687127387690189
0.001097354225726672
-0.00075085256262909
-0.0006864623161165788
-0.0006711571541310865
-0.0018047845785254567
-0.001049216416894835
-0.0014851186544200948
-0.0026164709419765992
-0.002227861275962689
5.9866683926836875e-5
0.00031529266803245466
0.0010137329581688204
0.002002601895916161
0.001920816008907401
0.0017735628170908475
0.00182585175895149
0.0010436302556429355
0.0015826040559777687
0.0026341894721425845
0.0017861223714084817
0.0013514479195421447
0.0011697227858582064
0.00022240907845430047
0.00021668749704778186
-0.0004896297523317747
-0.0010647600201237702
-0.0007993955858124751
0.00032747199126886774
0.000715392029573727
0.001004368038766502
0.0007515225511946205
0.0011431374523706087
0.002151042309089926
0.003040708619218005
0.002351467560191316
0.0024667980686796944
0.001785745253109258
0.0009779603706494937
0.002313572792499791
0.0019589665248291844
0.0036987589570005425
0.0025631258736659866
0.0031279280879063292
0.003017354191322124
0.0026128457248260923
0.0025313803780358866
0.0015550738970536808
0.000809053563863502
0.0021712251378163292
0.002131864918853107
0.0012464373278230911
0.0021615704062242736
0.004202464242474491
0.0044034974941262435
0.0038612460869957514
0.0035713208879893424
0.0030021413149528154
0.0019182869361346743
0.0026937987637467727
0.004290564849030719
0.00535973267714787
0.0034831398241084877
0.003156317143714236
0.0015636249239286408
0.0009700912721855386
0.0012586325585042667
0.0014612600453443323
0.0017189503037598197
0.0024687731471154406
0.003061774072950062
0.005862956374252736
0.006707106100621018
0.00808714738823031
0.008329782453984408
0.008909033121332623
0.00853041477741955
0.008119051405976794
0.007654949533270031
0.006153439311926697
0.0046604291406360816
0.00515913921758693
0.0035037200438539267
0.0034781351469425543
0.002494430472300156
0.002273949127177608
0.0029968927635642003
0.0026276629399408376
0.00277949747926073
0.003173040780162091
0.004002958084576486
0.0048192692606055885
0.0066911693371576415
0.007568276887175039
0.008566695961124506
0.007757498508880655
0.0074445434423834195
0.007593979644498027
0.007189765742140549
0.006683817842943229
0.005496272216739917
0.005197871909833916
0.0024549593325818
0.003067140841133078
0.0030956930246743308
0.001877434725388135
0.0026733541979912677
0.002384342795462416
0.002748205853565638
0.0045830974868266835
0.0037533136784169752
0.004710564524225705
0.005204171499754875
0.006559686264020223
0.007771527366483628
0.00743329273357405
0.0066614697347262665
0.0067802046772521595
0.00656961973669512
0.005264941664350712
0.0048902024643118595
0.005105027844977718
0.003296409793224526
0.002663821254599872
0.0029750856377912644
0.002891483876322008
0.002698343226058491
0.0032539265391012193
0.0031899509898260982
0.004424241529084172
0.004024696577029074
0.005646964967663283
0.005787059209205938
0.006188402386274118
0.0065210440940175005
0.007415432345228455
0.0072187253006759594
0.006424943861939139
0.00617757394318795
0.005200696867106513
0.005117315980597775
0.004871663529659425
0.003504473872490689
0.002880205706240354
0.0034368776786690876
0.003173035342223192
0.002585372548485469
0.002332722584484582
0.003829245343137072
0.00481739478279592
0.0048058772567765185
0.0048595746938356185
0.004570690989528142
0.006460142174397948
0.00781011022162462
0.006967718998202621
0.0068896570036434835
0.006723777834967781
0.006807109694605475
0.006088845886186513
0.0059549651537185826
0.005611178899700814
0.003937160839035575
0.002910707828018718
0.002918147533205391
0.0028247443702809185
0.0028218157299869403
0.0021095993721240397
0.0024450210833033784
0.003517259477074887
0.0053302625330531065
0.0062395935764670025
0.005699507297975521
0.006248361731568501
0.007104423168972155
0.006944397717156738
0.007710908656065198
0.006662525910021774
0.0065058759591989325
0.005917004612449615
0.005579389159005048
0.004843782307925382
0.0043677072043972484
0.002834404658341748
0.0019429189886077756
0.001253839205872797
0.0006446205911834552
0.0017700969759781643
0.000563310252119524
0.0023991211154767355
0.0036084309346628195
0.005308667828844601
0.007207900526144126
0.006957304478932507
0.007606989628588358
0.008294312564957489
0.00764512645234619
0.007137076833183761
0.007311786881962858
0.006178989056133302
0.005251903262239063
0.003907056014497275
0.002273267353399433
0.0015261478190722925
0.0016363821564504308
0.002376258622077886
0.0003356830298903773
-0.0006697531956857212
-0.0012339047737211614
0.001082921347491713
0.0032612782975552437
0.005741482651669923
0.008208204314769315
0.009369389378574207
0.009551415723943859
0.010146400484475786
0.009774333186294818
0.009367086299322633
0.008110008765255907
0.006356004952782528
0.004825245242353351
0.0038277010646464793
0.003578992449629307
0.0024652434227048605
0.0005125703728671129
-0.001301044679704124
-0.002216960739616653
-0.0030444618862617034
-0.003637921725551995
-0.0020124741638053553
0.0013980155899207991
0.0059060810200593505
0.012224263151254232
0.012263117272739606
0.013596337894200368
0.012989135137461697
0.011314961661776772
0.009202444163519955
0.008533157395746524
0.00699361719300916
0.00558438318880233
0.005269320136277063
0.002833303040308394
0.0008384476054251576
-0.001151801057954426
-0.004096757358631207
-0.005477669512247682
-0.00812769724134001
-0.009857557531142057
-0.0075735443626560525
-0.0017872738476305229
0.0101696158527495
0.015978428870094215
0.017969055693069495
0.01788200753974404
0.015069583270000306
0.01366049170761974
0.011382690995569912
0.009249894955199933
0.007364974988991464
0.006438794658650387
0.0036568327791269275
0.002152642262093892
-0.00018733046296213302
-0.002523089562111611
-0.004715995759610932
-0.011336354942841475
-0.014741103111720008
-0.020773007922041883
-0.020458660791946245
-0.012836151217242816
0.015672419503667802
0.029141127984275456
0.02773503226588004
0.024038137239931062
0.019812232754739766
0.015577245460512546
0.012471174538184665
0.010640778713074528
0.008340978841396035
0.005671916681355903
0.003534331662649021
0.0014022941723130992
-0.0010418795880892291
-0.004491387137885229
-0.009427690443806348
-0.015031482955701229
-0.02544973359642535
-0.03539205364511107
-0.0541740370430525
-0.04142082211070051
0.04269542103673453
0.057444830422128564
0.04532293614959232
0.03448833141831806
0.025489913112346538
0.019561464922184395
0.01469820313961478
0.012053615819982932
0.008534120024786113
0.005217543740165438
0.004441306395202432
0.0011953131535577047
-0.001368230357624033
-0.005866057160938507
-0.011126714758682757
-0.02100048697846623
-0.035532137263828846
-0.07010156213306895
-0.11582453908844736
-0.21503241023061195
0.16555333966397368
0.11943458576558227
0.07597675891577972
0.04455391307488093
0.030515294279828485
0.021247541198653925
0.0164723000184042
0.01273293453246814
0.009364917899827276
0.006005473625229656
0.0044444169211697365
0.0005232203544146077
-0.0022670041069958414
-0.006058056912444332
-0.012329718625515719
-0.021777357628421683
-0.04573689912466629
-0.0833462215477842
-0.2383968432827383
-0.6394620962918969
-1.2184635585560777
0.24273607335704656
0.09490238535684617
0.05514521416402397
0.03319400892993003
0.02362944668072175
0.016482965110763626
0.012836834792594658
0.010378049892291864
0.006358456253919255
0.0044133179732511
0.001049798882302903
-0.0011249391664199066
-0.005785779195844804
-0.011157049234459971
-0.021033759676670132
-0.033988694214811585
-0.064572588778105
-0.10561518813424561
-0.18558078870161154
0.159730885530962
0.1256098597773039
0.07627695182090762
0.043470320505979425
0.030664107781644325
0.020971522943535097
0.01599764471077899
0.011791887650277137
0.009101511330226755
0.006563817434067384
0.004159360328840994
0.0011322829525108
-0.0015913297792189939
-0.005112082812076459
-0.008819224594450756
-0.014584615325151413
-0.02493166539382593
-0.03465634826919827
-0.051815270683625535
-0.0361989505597769
0.04990661218330661
0.05806224640843456
0.04470337680707691
0.034319353872124744
0.024776965112931672
0.01858187132432376
0.014294323545255524
0.010991257124218473
0.008776056549137433
0.005701239984032905
0.0036545204999190455
0.00157251517021767
-0.0003187690514269714
-0.003328641858856616
-0.006291001516048692
-0.009825391779031639
-0.014151784829995158
-0.018478942662931656
-0.02063681891039401
-0.014010233668507925
0.013308861678101852
0.028575066821599635
0.02874000568860668
0.024282858799699478
0.019980232124585634
0.016261860267086484
0.013499635648360415
0.010055160731913492
0.008103532910384412
0.005842100041074969
0.004273463203556581
0.0019478935076907638
0.0006835381551143645
-0.0009656349627202996
-0.004159196555043922
-0.00590217611648
-0.0076149054289142894
-0.008774810911232826
-0.00744285105290982
-0.0007226391586214453
0.010015433524742798
0.01623966001715518
0.018914291196921628
0.01771706835955091
0.015579134443902172
0.012237543594671831
0.012277502832496357
0.010449792655391114
0.0074028531785797335
0.005186681163880581
0.0043063699071504554
0.002908099165179465
0.00032190545450191445
0.00013936364399172503
-0.001826897713853384
-0.0022554021712816756
-0.003375059456221568
-0.0025725676803958148
-0.0018960378110490853
0.0015906249744029213
0.0064135092198655975
0.011311023607802199
0.012486111911185862
0.012574886034556856
0.012487233179850924
0.011792210218464034
0.010079966118715327
0.008890018834864717
0.007831365131975743
0.004868278525589369
0.0044303946671487215
0.0031918202921680044
0.0015596821556969312
0.0008385256405476749
-0.00033500227615897225
-0.00045627040562790474
-0.0005299916287002972
-0.0006978502771513596
0.0005194690840060805
0.003503482551545146
0.005881349100489597
0.008119616514233
0.010252449269659526
0.010398104066641982
0.009522510842956577
0.008720079537012025
0.008580093477223317
0.00751805899950471
0.006459607123746303
0.005293995156965331
