0.00045531654262960676
0.0012080704407762804
0.00038183390877567466
-0.0016671762452207476
-0.0032639322674174326
-0.004052725515719629
-0.005599270388606161
-0.005689111193547224
-0.005920769338579859
-0.00629598353218754
-0.006673096484754018
-0.008423863407710355
-0.007237066710078628
-0.007439588085582283
-0.006740652859740924
-0.006227226452559563
-0.004158997208244802
-0.0032192673681080176
-0.0030402935901209078
-0.002786282911992702
-0.0024839233799485994
-0.002188623445856253
-0.00302472548142935
-0.003926236379332562
-0.003157469443440411
-0.002766228596065285
-0.004916060618246931
-0.005239501308644077
-0.005924248189608139
-0.0054317223104671875
-0.0062124679727083845
-0.007951199349013612
-0.008595104357776152
-0.0075216878384896935
-0.007660742576010982
-0.0060562377790355434
-0.0040416486874291285
-0.0032387291304943424
-0.0029143306935980936
-0.0027354204703924395
-0.0017492355648786033
-0.001982947887694009
-0.004386846149871649
-0.004187559229092738
-0.002195328933803679
-0.002838331339848516
-0.005662001927180396
-0.005932252202298024
-0.006287748282783174
-0.006796678968816608
-0.006668959548675259
-0.007958389852304008
-0.006926609640981798
-0.00742295897400663
-0.007354260771705272
-0.006272473427352604
-0.005685864645476147
-0.003975473738170521
-0.002379701307754726
-0.0025155617836110635
-0.001272559319106571
-0.0015848711241165595
-0.002209405569858805
-0.0031720880342078926
-0.0023219133090137843
-0.003259711631959622
-0.0054713416555892905
-0.005001491688868523
-0.007022201917278116
-0.007509969998296774
-0.007518129436555769
-0.008249911610267316
-0.008409341496358799
-0.009071660671712748
-0.008719557460525364
-0.007661384494827403
-0.0062279889641183115
-0.003998484193857875
-0.003126061353466081
-0.0002051735977400879
-0.0006037732334868054
-0.0017094437889995893
-0.0031996709678974687
-0.0017576094002054224
-0.0008082594250239662
-0.0029423053378007527
-0.004885141158239307
-0.005117875455170047
-0.0068714435382675
-0.008142536023919763
-0.008082991178867469
-0.010414816274319071
-0.010369024545604474
-0.010250941957703454
-0.009257060600971872
-0.010461729067030846
-0.005809444876338497
-0.003944407309107525
-0.0011158215061759951
0.0003581513487782537
0.0005079315814139709
-0.00010832003798681337
-0.0005959211973006971
-0.0004969510836719845
-0.0010160980952603755
-0.0011633308479349104
-0.003995896040857355
-0.005763732107087122
-0.007175417638197941
-0.008565482779810429
-0.009418081381091032
-0.010191583049008862
-0.011754928041285518
-0.013235231394738785
-0.01427500426260216
-0.012507785759875026
-0.00859184362272339
-0.0021933878238407463
0.0008139186919039003
0.004484594124785875
0.0035769828391092806
0.002397784513656416
0.0009387755569772595
-0.00017354262678795563
0.0006516632251985594
-0.00031233914928673154
-0.003818169631159983
-0.006297335952514749
-0.008133199298270982
-0.011283737506724368
-0.010655881899548292
-0.01321752340754543
-0.014758711069020878
-0.01873099713833651
-0.01782530311679612
-0.01968234260305647
-0.011144040686017648
-0.0029687241984564516
0.007524723849323906
0.007708771940683814
0.008566009640679528
0.005685717067208452
0.00266382681064543
0.000486221462288141
0.000252084035421031
-0.0015161613672734337
-0.004530178277591505
-0.005690742475656685
-0.008406231841898388
-0.010876580783493652
-0.014220536772582943
-0.016374653157958892
-0.020274517308086187
-0.02433161044363621
-0.030913354201531212
-0.027064328852907035
-0.027772350974935796
0.012674365759193399
0.01533546826033421
0.020648581067469165
0.01380666608635623
0.010969928825655777
0.005751284369094632
0.002756389187351232
0.001135807849087659
-0.0009083346317768264
-0.003626493203855549
-0.006200073066341254
-0.008856555196648684
-0.01169149696621977
-0.01406883191588429
-0.020041015501752225
-0.024753657226850075
-0.03852559696308003
-0.043334760236360084
-0.07131620874699858
-0.04179363039783689
0.018223306355858233
0.05532465383019489
0.03200820933976856
0.025794328707956525
0.014533629558805702
0.009724233293410588
0.004256039418961112
0.0022027120188103195
-0.0010786053140929412
-0.003510040412378755
-0.0054476305135213446
-0.009530565363786152
-0.011619839655559972
-0.017575427209015327
-0.021655370249448476
-0.03402247892909672
-0.046435491280619016
-0.08555096527951944
-0.10146760581120291
-0.08134812229077266
0.13133253736949793
0.09214328737880094
0.07397073412327866
0.03465181710968235
0.023478370843631833
0.012298098989616413
0.006337036343923019
0.002000259151324165
-0.0013778632099827922
-0.0029066330467087224
-0.00537351746466643
-0.0076756791266691295
-0.011543514614503632
-0.01713190575488843
-0.024333779161611425
-0.033750059719636474
-0.06247255168968199
-0.09956326864777212
-0.24061138200681684
1.0851995499009779
0.5280466667105839
0.23771881492958175
0.08660753274573876
0.053640178090636106
0.025277076346294353
0.015164295624521101
0.00680608346847779
0.002205002300295437
0.00037107895913956687
-0.0018933757744438522
-0.0047609689634208145
-0.007487554071857443
-0.01130471755291519
-0.016105987091960712
-0.022042044613791327
-0.0351790873419312
-0.04995528072910911
-0.09784909984986837
-0.13123597522632005
-0.19358726873534535
0.23048662649957455
0.16089296717375745
0.1002814548282341
0.0433124144205679
0.02713010268569763
0.01506851008538184
0.008963058054015764
0.001989392835037248
0.0006228656610967692
-0.0027302159094110936
-0.006347805200753378
-0.008371504356034665
-0.011246872493224551
-0.0137679500845978
-0.020530007259110136
-0.02702904449647757
-0.04055790827860046
-0.05189914507473773
-0.07424384523049789
-0.025448002678102773
0.037676763612471596
0.08066026945467315
0.04860103666732567
0.034300148855672834
0.018388661973665864
0.01340364064307409
0.005890156199427073
0.000681022624194368
-0.001479327610068794
-0.00410400880638007
-0.0058892746953594696
-0.007444232155225556
-0.009225003072033396
-0.012446811061197953
-0.016945751950590227
-0.02182097457431156
-0.025485594563730687
-0.03507893027110156
-0.029722071962215425
-0.0205604499135248
0.02316116747083815
0.029130957179836228
0.03011972412576808
0.0189137901540146
0.015096865710039707
0.008389263345779396
0.0049098432997675655
-0.0007429028515098234
-0.00296658546801556
-0.00494129354909531
-0.0055171047266776895
-0.007064709069659634
-0.008147623497571446
-0.00962529823491673
-0.013918127099684551
-0.015342749299831192
-0.018242364304172858
-0.0178921422596376
-0.018219845642415584
-0.005498577263853169
0.003114369673106719
0.01477753763268188
0.013126246263634081
0.012021119861876426
0.00759647535537898
0.00552099951497334
0.002348910803857064
-0.0023454798511431878
-0.0027533746233694496
-0.004464274700949253
-0.006328857803866542
-0.007355642652843285
-0.008865560144765245
-0.008610965737718152
-0.010462590080218673
-0.011574552051917857
-0.011083605330355528
-0.012582460189773478
-0.008717733427192323
-0.005601253752183168
0.00135915090112192
0.005685003518879886
0.007475598958799669
0.005898090333833487
0.004384251875332488
0.0021922366996596156
0.0005857543271114195
-0.0028587437955774676
-0.0037519856072375036
-0.006231565791961499
-0.006775177067833838
-0.006887944770422766
-0.00717140497273811
-0.00925602817776837
-0.009279088279166311
-0.00886213670604884
-0.00880971357704678
-0.009193029731008238
-0.0069487378683519485
-0.0023244540810387843
-0.00212103746486653
0.001236698790294943
0.0017181150402786661
0.002536445108794932
0.001251531535191098
0.0006112066780426794
-0.0015955805637858525
-0.0037819294830371774
-0.00447932958987339
-0.0043876585425409
-0.0066695528678654865
-0.006767270543762703
-0.007114694229946047
-0.007988304790019577
-0.007816592474167534
-0.007227358639459978
-0.00725775231889621
-0.007550502870254759
-0.00372214260400141
-0.003120170730187943
-0.0012328022001184844
-0.0018094249117599662
-0.00028033342909670404
-0.0005432599411714157
-0.0020264334247289415
-0.0025290419273886347
-0.0032106485254090305
-0.004575103585890248
-0.005357219610559994
-0.004135446305068311
-0.006130738530291126
-0.004785014033217585
-0.006098607378879133
-0.006710391492429621
-0.006959260701768019
-0.0064543055351165435
-0.007214702936392109
-0.006940201215814135
-0.004917778346678299
-0.0032634560600942756
-0.0034778751482323757
-0.0023588091595273617
-0.0015422072795463226
-0.0012855386585078341
-0.003023986180587626
-0.0028276746877008174
-0.003369776233151298
-0.004075087250613437
-0.005536412453599754
-0.0047463202830578454
-0.005367360797664895
-0.005579563117707636
-0.006464094926925336
-0.006742927825801119
-0.007388003630531417
-0.0064050591089832454
-0.006598353380182247
-0.006680137626488243
-0.005432605768766801
-0.004844214931552083
-0.003953964398017614
-0.003169069751781468
-0.001611826250220192
-0.001621181989860934
-0.002879966054076631
-0.0033455586544625044
-0.0032160224435316314
0.00621595747498841
0.0101004061287122
0.006567638045310667
0.011453778596740863
0.012312298385532706
0.012369359507473414
0.015393396216403869
0.013161704923354828
0.01339131143244798
0.012959705842289875
0.012444562782154632
0.014298797788243306
0.011474647478597307
0.00800624003180987
0.00679518036527012
0.00692282319029823
0.006066310898074532
0.005842012294390866
0.004324597377668204
0.0043413807501935684
0.005747614468636788
0.008710799888613995
0.008232070479499075
0.010498526007636283
0.011108129795722642
0.009527404898474152
0.012626543670073763
0.011316639848744092
0.013638265450446113
0.01254838736513891
0.012272699618445577
0.013368691562426658
0.01193636572138383
0.01073597573545826
0.009209746293490792
0.008763985521136329
0.006986224001592168
0.0055838379453844265
0.005515227744447262
0.0059483166071485245
0.004686210983097667
0.009254036140566843
0.01025465023905907
0.010705205523424223
0.010241023483815177
0.012169263947762233
0.008277970249053277
0.011603001892771471
0.010139067747061177
0.011252251127775548
0.010433556897253778
0.012581736728263015
0.012654568220381917
0.010885912446516115
0.009510169280407755
0.007484870593157852
0.006964055595503328
0.00772452434425335
0.00716564785311614
0.006749304628012131
0.007391935308146652
0.008253008439370803
0.009645290602380664
0.01204900615765189
0.010954289447869343
0.012261599785389852
0.009276666104773823
0.007765572243890963
0.009168639168650496
0.009207848977095806
0.007578919805475328
0.010289791432565807
0.012127990719052234
0.01107153204222338
0.010484710057272598
0.009448106166677895
0.008647638325643525
0.00638219361773134
0.0049994518084889965
0.00837178314311565
0.007984545774202148
0.007024127940273916
0.0096255030164263
0.008371536669185428
0.01027955867656843
0.009775613258918889
0.009733059368882024
0.008755496199425792
0.00838603481956307
0.00751141316659386
0.010303803965256575
0.010653016053597086
0.00922861375169494
0.0077829183997852975
0.007839029237242053
0.009163459464778662
0.007348259473403596
0.007813146856403427
0.005780523618048098
0.007839233081675346
0.0074054114126674495
0.0040538998891816785
0.005652669715021097
0.007503682971993303
0.00826083432043771
0.011811475748495826
0.008365059694307021
0.009303717108935008
0.009849766752397987
0.007308381426449268
0.009129402908834544
0.0077450780478299204
0.008303880221959206
0.007920925815828152
0.008618699341927084
0.009364869664718282
0.009273660947806654
0.009086830619314638
0.007615100316347866
0.010179403319709065
0.008355085477170083
0.006901410553977261
0.007491733712365608
0.009231473584093368
0.009501199561603915
0.011084963731174338
0.008684027797975025
0.01027976252992268
0.009234607413858278
0.008981169209119384
0.008772212056776302
0.00992777951629055
0.005866018763324191
0.005823754583889769
0.007676049476158463
0.009964427897067394
0.00528764576691678
0.005351046944637478
0.007829317271380672
0.009109408907202758
0.0073767063180783885
0.007292814865768298
0.0065032380716355115
0.0059281108299615
0.00824095318509398
0.011768861612257642
0.011812833626495982
0.012134944327640612
0.010688799041985785
0.009762974188346008
0.006605717052289953
0.006105337997999391
0.004700895495023231
0.0028381789178469666
0.004475268769471618
0.003643165574559769
0.005259731275010376
0.00568077399600805
0.00823547188571323
0.0078022827635169665
0.008135753592764852
0.00796012922167943
0.0072294834693202685
0.007323824429101259
0.009158058318549524
0.012250653812257904
0.01257755414833414
0.015475841749976451
0.011630652034332452
0.012761010991251247
0.005003668226625722
0.006499308641429807
0.0028738155223413994
0.006245853918171658
0.0028432648283448643
0.005043786920825031
0.0051872072204709845
0.005977139206917277
0.00649127950620986
0.006401030964577648
0.007176075370873056
0.010212365731251935
0.007472138005050383
0.007829504173764506
0.009031563352401654
0.010526466287153051
0.015258104095635706
0.016559706389150948
0.015503135521978116
0.010695153982088711
0.010205791662671835
-0.0019442232636040831
0.004798248261805626
-0.0013702543932132456
0.003281444380199764
0.00280161295597498
0.003099819304096543
0.0034855587300739125
0.004820370420130697
0.004233460897679114
0.007846302140344647
0.010587779074679827
0.009410073531846674
0.00905805006507201
0.008367517479505676
0.013164573354899761
0.01395215160810882
0.018598241176375613
0.014745794907034912
0.0168702788398118
0.0009221327754515806
-0.006843410346269226
-0.0038837476195331304
-0.00352526851596844
-0.004516942840069115
0.001240008845233149
-0.0010341216340523417
0.00211071858140001
0.00176755092999017
0.005348262724499055
0.008041637755048497
0.008326477106959329
0.010242763221871983
0.008931880510402546
0.01144741404990547
0.014745588384994224
0.017975437308185887
0.01827843089349677
0.026386758111840117
0.024725631145325437
0.015838168016313714
-0.0387415204967809
0.005114900434641199
-0.020118836110502344
-0.008867337726412003
-0.006597955105008572
-0.0004861231046982728
0.002014962466293268
0.005478822951603312
0.0046126297904963125
0.0065687593391736505
0.008299703986127204
0.0109470484050203
0.013129300320661114
0.01255508656217925
0.015189710838946076
0.01923268645068039
0.02724682375449149
0.02873264097587553
0.06327051486222658
0.0039862953219667345
-4.080934974452914
-0.2719290294547553
-0.009707267657577795
-0.03431278004750313
-0.009853535200368349
-0.00418417326512192
0.0027093719940159636
0.0036913062971440694
0.004505744279886148
0.007311479517895433
0.01076807002909222
0.01225282107382145
0.013573815603596466
0.015132942547400604
0.015996862521333928
0.02397434108356288
0.028973057455854663
0.050703574168202085
0.06951511186792847
0.3970418977767947
1.1128428336183696
-1.2245822474807517
-0.1848846188897117
-0.026218936685054275
-0.01669495283477021
-0.002013366543800142
0.002936762175513658
0.0053481779107001194
0.0034723876768389546
0.008990250015079715
0.01150708439356559
0.012948504818001114
0.01298405099419717
0.014143073060022873
0.017629348967337373
0.02048412015683158
0.028505943505504925
0.03702414343420636
0.06211482374672933
0.06228786445830077
0.2826854469679526
-0.11304596413179248
-0.0006046498451449032
-0.017798528817274836
-0.0032382369108715746
-0.0012846370312063833
0.004688368933557332
0.005421796847820982
0.005834553633188339
0.009953117443232115
0.00770802975720453
0.009938533016750776
0.012538126444886253
0.013544284343033572
0.01660337860930676
0.01926925708826274
0.021836357977398618
0.033487247538088835
0.034624065383264374
0.04935899605191805
0.04238003862957108
0.0280925791459241
-0.0033254571741846927
0.00037319390620784776
-0.002880260158380977
0.0023281267964753967
0.005687603847003246
0.0055396480731710945
0.00407441805015688
0.008804198967389694
0.00959649351120524
0.007104695682317889
0.013423241388303215
0.015164709709910441
0.017010827972154575
0.018138321810033532
0.022849223761265802
0.021320597932026387
0.028683539318941784
0.025494964136395844
0.033542498876531594
0.014997344085562862
0.011498945069353504
0.0036990330227880297
0.005336827790986317
0.0023939122483450054
0.0038437267533665714
0.00599085689742719
0.006037327921219624
0.008872989794676387
0.008219078527312074
0.00969144073382594
0.011390219119329657
0.014080426471935041
0.017026530304459934
0.01862579823875222
0.019315887107737215
0.023558349227293992
0.021408193799073383
0.022782151867158595
0.018423700942939675
0.016543372579940416
0.009831672360652762
0.008038562844730784
0.004469924996290513
0.005738843415706002
0.0048465431241393655
0.006658110518299781
0.005596784880293205
0.0065718029329001545
0.007270333755857953
0.00931296882325987
0.010107806169150572
0.009728360449898856
0.016918500784102293
0.016120404041645525
0.01772615683393475
0.019257992085007346
0.01806941945887863
0.016615803762525288
0.01719743997296055
0.011362575881831278
0.012619353869650716
0.007631069242009771
0.008944640665956679
0.006164594099940049
0.006594956500934365
0.006877545679530986
0.007108093143662666
0.007436407573842828
0.008284843970244852
0.007084993429868494
0.010039733642349152
0.012566376915081992
0.01399775929872587
0.014108160283228812
0.015027825915450089
0.01708831941441745
0.012912170768426618
0.016092393666170518
0.015015311153339664
0.012805946773591047
0.009945246187937023
0.008759052223204195
0.00893182956743843
0.007184907696285124
0.005528608719978593
0.005564868476977538
0.005600282448208118
0.001070341601220806
-0.003962407033528197
-0.009390838107499576
-0.02459883073594071
-0.03185970533181188
-0.043616920167765014
-0.027636091895723726
-0.01899693181961083
-0.0069392220378975
-0.0024295353866842628
0.0027376275926958914
0.005235220779088853
0.007237331788826797
0.007633669559800376
0.008247138468572163
0.007638459557100318
0.008740541456891043
0.007208212921762035
0.006137742852530909
0.002436663725830139
0.0004167502098780206
-0.003965880699705872
-0.01814964802713039
-0.03427703136110032
-0.07581457671475314
-0.07613499781975787
-0.06413052805204712
-0.025515707356580982
-0.01215533906656683
-0.0007095977490284392
0.0022825562341996924
0.005573421841482269
0.006385525486568995
0.008699209717043039
0.007892659923001349
0.00880812494585811
0.008515235396257809
0.00814945580437035
0.006132902286407471
0.004721245561101516
0.004193318371752528
-0.004750086583698762
-0.014495875676897954
-0.06092863993348926
-0.10274444801687645
-0.25583765111880646
-0.07136843931919991
-0.04466653613588022
-0.007524546597535667
-3.153066238704286e-5
0.005887628275711451
0.0063432430165088465
0.00847684809887392
0.008701970403667337
0.008730477492074666
0.009118379045267142
0.009825658349391855
0.008003148508503206
0.007568889606614614
0.005722226788560533
0.0065632115496204926
0.005413306680082973
-0.01095279298274408
-0.0214593692520816
-0.19422621974063858
-1.6618576903225908
-0.16525219713119332
-0.003904112509850835
-0.005077258109956556
0.00860205063065809
0.007543247209140536
0.00896233377796731
0.009002452886540542
0.010219132894158833
0.010653424618180148
0.010485385183461173
0.009589627127455777
0.00938246279130038
0.008358684036264632
0.008795545427422552
0.013312234924978142
0.01364457572604127
0.029002440852245622
0.034514735172298715
0.2281981605663679
-2.481945277547681
0.16913852711087388
0.03144242412449248
0.02993231975507382
0.01501246914640158
0.014007489620060027
0.011061852463603038
0.011357197247671346
0.01056716747293187
0.011699788813400695
0.011584674735867094
0.011065463681660044
0.010228011054657066
0.010330309752261298
0.010005897485539351
0.01526969936126026
0.024266093326522273
0.03285387036867054
0.07214467843669423
0.12093750890276042
0.3010998962536485
0.09376773629708005
0.06719024633374132
0.02962618149459038
0.023533728037889872
0.01651292387275943
0.01464948130604727
0.01232039847318351
0.012486866662961428
0.010889586680046068
0.011539429560376025
0.011715563942422841
0.011403115377901733
0.010948465990181174
0.013689708026393299
0.01972998176383051
0.02300904325403434
0.03691115771087586
0.051729290170825816
0.09248898357782699
0.10231837100271723
0.08772219691710477
0.04647923659616475
0.03560085592322739
0.0237448846905578
0.018778107410221793
0.015888704129147446
0.013875853441855511
0.012051898362914103
0.011795163619873102
0.01122872970396194
0.01227407579215275
0.013261332091713488
0.014151020836835039
0.014993688910664993
0.01919602568870692
0.024604163045754014
0.029283457399592785
0.04391941770118123
0.051483538172219005
0.06774986900896518
0.050947634244556055
0.04219439963968597
0.028731986875079576
0.02466693992494955
0.0179240055229597
0.015929339015348022
0.01432423197601126
0.013059778966796718
0.012277818856263788
0.013024267890917788
0.012018207667072747
0.01361538768578872
0.013738756162169082
0.015713365981592797
0.018718293603594133
0.0210827358009752
0.027038533004589433
0.030722977881195854
0.039870393654904586
0.038890291746817685
0.03866427286954572
0.029913369985884505
0.02648724894155341
0.0207098635593462
0.018179774716553885
0.015223780980450899
0.014330317243927013
0.012421600546550253
0.01251761973668633
0.012218613486937105
0.012694236408007915
0.013362267168191725
0.014713307807002309
0.015291748806025445
0.016551913786961987
0.019934215489039387
0.021032837318805866
0.026186960616110148
0.02767753264255156
0.03000898470939217
0.028283693863500093
0.02584180872939537
0.02099129227009416
0.01934143154548938
0.01499368218753697
0.013495570870117612
0.013254179865262172
0.012973953820809894
0.01272877053205153
0.012917701698215898
0.012992086878718901
0.01278161325663869
0.013503892716819836
0.015026879066398362
0.015283207664890146
0.01716172471150067
0.018727145124070733
0.020933985593068433
0.02287882713784372
0.022362899037303624
0.022506085761044677
0.020685599943661894
0.01861601295214181
0.016787490682882274
0.013959376103580907
0.013144585346187045
0.013509574274822632
0.01190526965672136
0.011865959639242012
0.012516446097702033
0.012616262613944919
0.01229561237035457
0.013983154082176166
0.015004712784607277
0.014341167172625645
0.015201261885064519
0.014866510290166505
0.017476630573684017
0.01714599057068834
0.018488539812021743
0.016897383232886958
0.017182176706385905
0.015282033759780414
0.013997057277207896
0.012693070534673197
0.012156956680072429
0.011865789483792556
0.011041839920827795
0.011269296613536928
0.012542187514514956
0.010859850571874451
0.01269473487875673
0.013124435069737195
0.013883708947055323
0.013593699893107629
0.012455810276394187
0.013484666030052519
0.014416658890470052
0.015001349805595122
0.014336606245326766
0.014114661547927407
0.01478522260247876
0.013427272903164172
0.01266104276015245
0.011046208020389837
0.011299875752850965
0.012286472335404326
0.01168389882337111
0.011196996919804176
0.01164086332738244
0.011383107940946659
0.012785360112942836
0.012837496890200318
0.011623524872833597
0.011537379706779292
0.011688686295463397
0.010252108836671407
0.011280596132625657
0.010747727914447242
0.011635342172082834
0.011550221121682643
0.01175522094081582
0.010517480058722951
0.010325356257627136
0.010253944300857874
0.010490582489839464
0.010405657911709117
0.01040656822938503
0.009940920753332926
0.011349915750385256
0.011893777207024248
0.010830812564029757
0.010801219704409327
0.010914606950925894
0.010108896339954217
0.01001758629699962
0.009507350554727232
0.009239226248783651
0.00911375006287455
0.008917381733939224
0.008755235736597892
0.009019005643332863
0.009332793081263696
0.008547917354066584
0.009781365338732686
0.009533368696358891
0.009513004015745903
0.010193345938435308
0.009081589291168222
0.009662155003109622
0.010756492679336795
0.010396130558706092
0.010554872466072215
0.010768721743951498
0.008965333529838505
0.008655013848660829
0.007888001414961864
0.007529066144180914
0.006434495796164149
0.006990171778185096
0.006575005264578679
0.006090441251547764
0.007236777832867409
0.00736085489020014
0.007450743694638718
0.009370718056587209
0.009012211631547102
0.009726106785670388
0.008706017515567963
0.008833157620348647
0.008913980156336071
0.00834199455837448
0.009011256696057795
0.008841486500764011
0.007297586686865058
0.006662919865949789
0.006293720976019261
0.004203805392932
0.0033672490135951915
0.0028073342940941057
0.0036294543165296465
0.003820473191238716
0.005767380693338579
0.006021369009736808
0.006830941561482568
0.008439786326295277
0.009010474304133072
0.010066141402334522
0.009177934575486763
0.009651315613811075
0.009289185479892294
0.009060546226054735
0.008099462370765267
0.008231935616746738
0.006679526753080379
0.004820533989943418
0.0033186996509413365
0.0008309614267466966
-0.0015600785097756797
-0.0003664773121119103
-0.0010524046232315478
0.0015065787263597136
0.0023334923762498285
0.004161425649688724
0.005574641603668923
0.007527252113061957
0.007824999322252429
0.009256596368684809
0.009317783785209255
0.009730717190741044
0.00843825985411544
0.01010646978787935
0.007630187422229891
0.0078064542118981665
0.004203199180608127
0.001232302236410824
-0.0003096681034588405
-0.004892159072741025
-0.006227216354181594
-0.007632347770225573
-0.005714495533847484
-0.004867881003741198
0.00028641933124968946
0.002791320406259195
0.0052896720207007185
0.005391499437177266
0.008172812432128355
0.009141330159427462
0.009145909137065188
0.008387624424824994
0.007628304880974124
0.007500834390095229
0.006687929747243123
0.006583831850339505
0.0016561309599285802
-0.0009788088582654583
-0.0067357346322338245
-0.009995412997478028
-0.017065560523779607
-0.017089885705585523
-0.017119919371275494
-0.008865446308663549
-0.005120690070840943
0.000921042289400481
0.002712084066749195
0.005344797560802368
0.0072835737591317755
0.00804990540422546
0.00833994123101905
0.00789136173341536
0.008730873691956546
0.008191634289199065
0.005648647583367808
0.004568549131626489
-0.005350208233414086
0.00984405943245736
0.004607781159586438
0.017500897051478826
0.022708138946851364
0.020186781119763988
0.011324971247482532
0.01829771504520708
0.02442232320762248
0.022278464003705457
0.019342486212002696
0.06589127613479802
0.16711057410658262
-0.7616652861707387
-2.0203651784152727
-0.3976857244175446
-0.1809664882689946
-0.08302457125270894
-0.03693361010328953
-0.01875743507797669
-0.012421718833610632
0.00012152882378715923
0.008896007277505082
0.021483051248520072
0.022781271042261166
0.01817726170029286
0.013633113134226585
0.01606852113777976
0.019558730690710176
0.018013026518735067
0.01218933996339489
-0.016739161573790858
-0.05876994926420796
-0.14947685896373775
-0.3396483137607289
-0.1876055731479529
-0.10619198829777185
-0.05965448024912074
-0.028096686914680882
-0.0252947140009332
-0.007289359784881664
0.00034802321982905983
0.008147170748304207
0.02208539847329833
0.014816665837269118
0.013564640596465245
0.016748246100274772
0.014338966232060116
0.016862238489182967
0.00864462251756398
-0.0010472005524391989
-0.02079244155959953
-0.056402086625150866
-0.09369038291230114
-0.13265531015512885
-0.09830831030588291
-0.07072434035338876
-0.038404170809149984
-0.02498634508917897
-0.01630525705070615
0.0007970758515714514
0.006349155641450282
0.02026549028402148
0.01922013654185123
0.019650555052833554
0.02148692512645323
0.019066270770898924
0.015119215013936961
0.014375506764435289
0.006285417226430093
0.00253521858820461
-0.01685763476201138
-0.03886540981306693
-0.05137092434613652
-0.06364781328198689
-0.05246813902876059
-0.044082082407979846
-0.02805412401233857
-0.019902788394274736
-0.006521576707987653
0.002406718376725018
0.006319250735747075
0.010876460809511209
0.0165999346953179
0.015723769905203567
0.01604364717739325
0.010832449819989962
0.01638306465600611
0.013737077384142714
0.00631360190885464
-0.004499102668229482
-0.011542406488917942
-0.02009725162022624
-0.027750897967645197
-0.03069864447662516
-0.02146428743565533
-0.017847342634392895
-0.013110033413618783
-0.011595513127434549
-0.00766915017972702
0.014417045431330716
0.010018186754719086
0.01165681359809317
0.019131254236773216
0.021795961573540888
0.011392418129873964
0.00810785955478282
0.013603041771660107
0.017974461982738322
0.012229644371651267
0.00704059555955971
7.127829123543565e-5
-0.005627381489100971
-0.009524961843999102
-0.013445733608498269
-0.004224253628296298
-0.004521520396567544
0.00016067719881641485
-0.0056343815654963025
0.008533441609064938
0.014704518694247985
0.020765904438964183
0.019642449777550676
0.01860915653455529
0.011452688749939956
0.023386784711519136
0.013698106065145403
0.02132881163299337
0.021021940975046022
0.01525849387698983
0.013989235208570424
0.00999941788892017
0.0010886198862235278
0.0029263025821101227
-0.006528877556402569
0.0021484887844138347
0.0038951415219551063
0.008547958769288677
0.00621802227884315
0.008375719707177154
0.00935762870931264
0.016522448840108693
0.02205490898387091
0.022111355559194752
0.006921228144772619
0.019244528362731425
0.016469884618139464
0.018925564986947897
0.02351705621963294
0.022199667630520052
0.009643255613236418
0.007623898084074767
0.006374014300717739
0.010886088091338944
0.00782730628619878
0.012940239272552166
0.00834823498065787
0.0034844792602968934
0.007490120875345594
0.00984741623473247
0.01578753344073823
0.019542535284406734
0.02285629829367331
0.020706399747587454
0.022292934432917747
0.019541745901531096
0.014726123489640242
0.016370407613552625
0.018002423355538484
0.01009254514980636
0.019117049306323686
0.013884976672337622
0.014812011767465607
0.002463957844911171
0.01052238455943172
0.0076331578233626
0.00902294344206838
0.009600225257322131
0.010608220832716574
0.018477102114955953
0.019643278238995154
0.0166106109374939
0.019032028198474618
0.02003569829911232
0.016298020306777003
0.019489426425765358
0.015038641478497611
0.01733806117181322
0.015053740786948266
0.02016258290657635
0.02441647924869574
0.016538333831256732
0.0068351800713303285
0.009663613579068826
0.0120180921718741
0.0044000680571243496
-0.001892879090683422
0.004926646233330994
0.012031820628350991
0.017133530696906284
0.017540226045146427
0.016909746140941987
0.012018995530917731
0.016593019178647396
0.012523010982066353
0.016718167233369066
0.016702562161907627
0.013326423508728041
0.01700662580558797
0.013980259586335702
0.010483798262330838
0.011952602758025416
0.003834851941855219
0.015014749034321546
0.0027254367316397036
0.0062002460481515136
0.004514597990841217
0.014705226470517013
0.012169900155277342
0.014086883256474792
0.016738162821774084
0.016852740990323453
0.02594080553979719
0.015516931378212138
0.014482442239610606
0.01578880465128702
0.0222943633021154
0.01835611421791337
0.01738116332153416
0.015946991592319278
0.006294710900623057
-0.002620237866152661
0.004125786470231745
0.0016243830869691967
0.004558457891818856
0.004586551350877034
0.009060870213310916
6.539181838449357e-5
0.00569275651401204
0.011497201648136944
0.018667649886764684
0.013584573386765414
0.021379507569249372
0.014877846779758785
0.012016342567442646
0.011842674001217732
0.014573022818190322
0.02072046937388655
0.01604428689787267
0.009853698659327182
0.008172209775053195
0.0029511241792798434
0.007246684816560238
-0.0009914008969942028
-0.00013461269236269093
-0.0043900846968890645
-0.0013388107230812188
0.0047552190401098735
0.00492765054929444
0.012141537356947387
0.019369487529248736
0.02135666213555861
0.014855803428311588
0.015613886789247466
0.02006871613134968
0.022814025989619947
0.01590408237782487
0.016449883350123908
0.02153230177865352
0.011025591740904351
0.0051877000126714975
-0.002587688147652282
0.0011957128900158917
-0.004688994276722954
-0.007278764485435333
-0.007325521117024166
-0.00029041167414340773
0.004444807386040664
0.0015806708124128147
0.013326713800313306
0.0184318450101278
0.014959823060939511
0.016751534427945317
0.01635275628845578
0.021951662610686127
0.021346777362107532
0.021573615136160927
0.026878753896493603
0.02092774909110412
0.012528707282964305
0.0019232751918199145
-0.004971033397767248
-0.00866690136405778
-0.012105140523998364
-0.018400615869049515
-0.011914760998105844
-0.005819974082959008
-0.002392430363149898
0.0004508225797338086
0.00556637753943228
0.007090780178457053
0.006721335586793515
0.008007904377885892
0.013649436096961523
0.012837161593683288
0.019992335395325446
0.02311009643068904
0.018646269044174588
0.02239590783249422
0.0170310309108352
0.010446690241334414
-0.009908779780383868
-0.015505672668554259
-0.03195965988698946
-0.027646344821130656
-0.029613871133612156
-0.02721201610027002
-0.011616274960495162
-0.0044593283667458085
0.0033489743899009425
0.002241487035933685
0.012450658428773595
0.013775427694499652
0.01106589819183881
0.022205333203208954
0.023021499012317582
0.025702221920624106
0.02773863822863682
0.01834284874002259
0.011070657479898278
0.0005579478479874312
-0.019415577270661854
-0.0331254986576452
-0.049430986576517316
-0.07490557386361046
-0.05229716412362275
-0.03978051355127819
-0.022944111704638163
-0.01627059784429807
-0.0009419011782944068
0.0037198361708219527
0.007765468500228583
0.009095256420301838
0.01213771627279487
0.02083921118890148
0.02222170999680708
0.028424059275346466
0.031119609718864585
0.015138993782703485
0.011201854592827003
-0.0028576397082089025
-0.03304947001624406
-0.06830267993185683
-0.03361077437289218
-0.1206822538161024
-0.11704745220062741
-0.06734633898329072
-0.04455694069699876
-0.02323463768671494
-0.008215261248560913
0.00631628898067239
0.0037543411788223467
0.007633825894856345
0.013005634616650531
0.02188957426962981
0.010904676319238114
0.019617163548467265
0.02511149509102344
0.016502955847900416
0.020417368137145005
0.011799497523686874
-0.059225901169592324
0.10421843838102192
-0.2050218249761947
-0.2853928011356342
-0.2208635584199681
-0.11793073353954099
-0.0554731755285841
-0.03564829292647232
-0.012313280559304685
-0.00028685961443498465
0.000269221306016175
0.008736958579288289
0.014239369761688577
0.020006734758805864
0.022653937372716735
0.01593425663889803
0.016016516061364866
0.019023263475640845
0.02069386802150922
0.04728250557973272
0.04549300740200561
-0.46937343690040867
5.095022264491963
-0.5762141071949948
-0.3677763663662041
-0.18106059657685142
-0.08301751191869915
-0.03477733854366094
-0.013351691775843475
