-0.0022952342705231206
-0.0006865974043348353
-0.0014764615574865705
0.002888869973791445
0.0002137058252793485
0.004595857419016114
-0.0011283677677374274
0.002671128482033337
-0.0010066879838602494
-0.0002676325195296864
-0.004829914342824563
-0.0007681617942519262
-0.0009095300230680548
0.0023009495415501563
0.01716986594278601
-0.002286823020040559
0.006171456884156431
0.006470828611153399
-0.014706578878375842
-0.010463816663956762
-0.008977495735664273
0.037591999041863014
0.024850670266065206
0.025257772984408625
0.017292005293088088
-0.005219414009064395
-0.010712602715070425
-0.04229088888048541
-0.009262428029581462
0.04634325157378248
0.05056789316021587
0.027074708197283914
0.018277265686318392
0.0008252026738513542
-0.044549254434010976
-0.05891717221472008
-0.23347657094554403
0.1377032631365747
0.07206603234680099
0.06486923232018749
0.03595966897182468
-0.00672607309232383
-0.0329295422959564
-0.3297036649197169
-1.0936527993677523
0.7698081627659377
0.20013597290887913
0.06487981319246784
0.019709685035266097
-0.005593224544985089
-0.07256711737015174
-0.15703963572955462
-0.2012257256148931
0.26097715830487556
0.11053348407799667
0.06834130640724671
0.021339135794133796
-0.00973049948375823
-0.026313482416649648
-0.0647166334754796
-0.03728894926932622
0.057123758973243795
0.0638169958257811
0.03572269888713869
0.007692008746303326
0.007451476203876194
-0.015060163050362722
-0.013431612370565196
-0.014309371064068068
0.028089133953327315
0.026317553350984464
0.025146331055398673
0.013239282440571293
0.0011662263818480552
0.0011549575575233201
-0.014541033383868217
0.005500933254846018
0.013276450411091158
0.02837534747341376
0.017486625775639704
-0.017947283755348226
0.017929430572483265
0.02470406536104483
0.06721673303899214
0.07693087772863999
0.12960130044015838
0.07710838600839276
0.011719712533863136
-0.03838951676094712
-0.020740770122605657
0.04156755424245859
0.06175169564509457
0.14012488818842408
0.1835216654493239
0.2745605032953843
-0.11737653570911423
-0.11335626522051517
-0.01742860239547469
0.011503330427894191
0.08435190870784165
0.11949751115872422
0.2642011802232883
-0.8806477962044914
-0.4514708478963808
-0.07546848835048822
-0.03466066731260334
0.033150274213725676
0.05257321458568346
0.10977553235061899
0.08486105470155246
-0.5152188796857116
-0.1822191097699644
-0.05210038556471983
0.0012932949799784636
0.015632553002573657
0.05617112856942187
0.0500024088841172
0.053111456470045275
-0.06340109006994939
-0.07088472640752116
-0.000916769353674541
0.0017145004283868582
0.034707594944942355
0.032022338801446296
0.05311256723721667
0.025074329278780397
0.01984782484849509
-0.02660191649231647
-0.0029953095405349166
0.020970002047285153
0.024692896173921088
0.0459610200953773
0.03842310573566203
0.05285868469213169
0.020201405452560908
0.0161637794897855
0.013364084794094462
0.008020626233118361
0.0358847451135862
0.039325855566179554
0.06922955382996426
0.056005882212396114
0.06574176255626624
0.00024074031754537343
0.023100403996374655
0.03324350951903501
0.018543839651396173
0.009142528330467367
0.005996927196788853
0.011891381637960524
0.012224285892404712
0.01866864207634024
0.02787396982722671
0.0293256037287146
0.014229546438753281
0.006005777279506947
0.004663610374373885
0.007077096875485613
0.013987312958318034
0.016687767774076927
0.02516501656905525
0.04026740877901848
0.0005183313238589279
0.002592693021510447
-0.0007473007539070938
0.009335652246581765
0.011910819416316472
0.017913329565094727
0.036371230383637654
0.1561944557864464
-0.0019205937904039102
-0.011254721991432627
-0.0022818963411029994
0.006052991021517865
0.013167374083743254
0.012433283977214294
-0.3656764594509462
0.4371824211983091
-0.03261343648158631
-0.020127538599487734
-0.007884678388483543
0.0056542985540922
0.0004004606149378017
-0.03307229969213372
-0.19561860532462932
-0.5460403322642985
-0.08769896988919305
-0.020583851062087967
-0.00255917495606952
-0.002437370802955124
-0.010799933294348783
-0.05818689570306878
-0.02418874887020778
0.15082445161788338
0.036732084889257846
0.0016075326341379965
-0.0006770080094800227
0.0038258348109001046
-0.003564752296299728
-0.011276339644541207
0.02466739898918862
0.06635212547566137
0.03072250239003947
0.010363699840801089
0.006586647166017576
0.00803733838980984
0.011799534631119038
0.011769786492380781
0.2714600069068682
0.06411201107692242
0.02936558914061017
-0.004974618403000579
0.001475457297568666
-0.0013190693880252317
0.2378735619117396
0.8500573720850293
0.12553490950778418
0.07413009440688655
0.01791174214996554
0.018070222368083616
0.005763014444308037
0.041596340040720534
0.10993123976984566
0.28700791349266797
0.08294954908674408
0.030367924623774058
0.024680926969563866
0.006228327976393624
0.019414727863310038
0.01940208380698995
0.06528435377690166
0.0584494614212321
0.023642558991626424
0.02701658858826248
0.01036823417448403
0.011618878352549692
0.005812158643297389
0.015189201383179739
0.012613158650609767
0.029637994925083386
0.010029278187269765
0.0007143500696862821
0.010976037564267353
0.0003895776644480738
0.00025670325049430417
-0.01204420562905996
-0.009490841646732622
-0.01871467079809114
-0.01778366036844359
0.000536893469652579
-0.007528344775499465
-0.0036948868640617853
-0.02465536561247554
-0.03365046190864781
-0.061948714713179996
-0.04823375149828017
0.00023936624132519122
-0.01987465277331233
0.00011250210226253315
-0.019556374670922184
-0.0263504983051741
-0.07340685907814619
-0.11100992834428738
-0.12897481386394707
-0.25998594683798354
-0.0007624633197236787
-0.009129289753412463
0.001047267171065856
-0.038277389320561434
-0.08399124087667098
-0.30477500336395313
-1.2905345272616287
-0.00296430857423623
0.02216803527175041
0.007919272839541285
0.009991012933767602
-0.004666699878231722
-0.003925757984531847
-0.022601447625770852
-0.015527250605282206
0.007136618779440949
0.003807166660112103
0.011680358302415237
0.003100926937042855
0.005252542668753305
-0.00217977121629186
0.00151588493645463
-0.00778276306513576
0.0013413722912465225
0.012966021048212387
0.004451822892172868
0.010569095794073554
0.003082276841735472
0.009534206452849617
0.0022433659099298647
0.010766732012007233
0.022728771863676597
0.008831304623786184
0.01655373096034235
0.0037513875260961212
0.009897773733536088
0.005166312990559584
0.016614653730611793
0.00865297314147742
-0.020659293174412327
0.04152158930367458
0.010611874476601712
0.01651813171896995
0.00360761593314134
0.01643495903634281
0.010707501176228318
0.07998310382969537
-1.2218484497641222
0.010190713580421097
0.03311680073168485
0.007775709676483297
0.010283428718039618
-0.004900731465206771
0.07554679603700279
0.5782235204935875
0.48570498452678545
0.08376060026833151
0.02349791168261765
0.01766509304967149
-0.00817201643593126
-0.014961597330179714
-0.09940350118752038
-0.2930457997681991
0.06749901841745122
0.02623317869026454
0.02691065657187886
0.0028940265252788092
0.00022962897572495624
-0.024002415609094357
-0.036630222076315
-0.07796843894410585
0.04362913119572969
-0.016937778385863203
-0.025271187413666275
-0.013365845971124255
0.010316893130079224
0.03226830797571731
0.05859497924824035
0.08228799967671337
0.0010270583329360457
-0.01988468006990081
-0.02160456944292594
-0.011708334966722408
-0.0052586577848967656
0.013328109594069965
0.02094209373792144
0.024121379788131555
-0.03516779584639004
-0.050177520622534603
-0.0357952117955746
-0.023261114783087313
-0.009877045083337982
-0.005416528384569556
-0.0031147023225601596
-0.021424752456342677
-0.10273744831127354
-0.08420151738851386
-0.06865213788050911
-0.03185896951853784
-0.018862590198201416
-0.009946433853768791
-0.02407254339423813
-0.0646696069395486
-0.19721026435525718
-0.15185433189156522
-0.09246965844597663
-0.04832678304669217
-0.01305590027618217
0.0012014170345050655
-0.011371545380916358
-0.13084654637449522
-0.15612961572441952
-0.2499653655837182
-0.1252593523848674
-0.04113602161738715
-0.0031966570280507686
0.03208097222391666
0.04930758046677185
-0.4123025483683402
1.3450858918806488
-0.22952484329823172
-0.09792318958288769
-0.03889997832548446
0.019200625169058336
0.07991699007962665
0.16980455243770196
0.3286107124190288
0.10405428383381672
-0.044264423262921807
-0.05516999342711061
-0.011967179170312477
0.019430083668950278
0.05954304893840545
0.11962767485234324
0.13446138464494448
0.029219329695469688
0.050697746278036325
0.06056272312356398
0.037659317346966426
0.01707989667657611
0.010518541566589797
0.010861328005224985
0.018736523250558183
0.05977684308219259
0.10423417576897065
0.14750269032437652
0.07567777794359144
0.033633632883932736
0.013908336741097024
0.01839058304768175
0.028368620989048028
0.07289037770732741
0.12306985338314534
0.5152168357728095
0.11783889477276528
0.006747603651731009
0.009407605342781265
0.00986951915331195
0.03491461507442739
0.0076302875737706945
-0.4159569962149492
0.9460273245337065
-0.5603069208518967
-0.08754666777461297
-0.029638002607669422
-0.0026663008454002528
0.01201208922753921
-0.03159821699459434
-0.1174148392344877
-0.3201200408669994
-0.22547411100261103
-0.10749166648323216
-0.035694151553472275
-0.017871547405882333
-0.004229989316679981
-0.019543269848705247
-0.06528378369340972
-0.10060509404263562
-0.127162113223394
-0.05647728521422164
-0.0322254702309509
-0.011905286311580186
-0.012754123164440623
-0.01344345186488691
-0.02015056416224571
-0.041700656187424794
-0.04068057546372426
-0.032871947889615456
-0.014650328067503717
-0.008943899059671627
-0.006234404268252534
0.0057409885830037935
0.010270054595187011
0.01132115207777112
-0.004653599775850109
-0.0028618439278119963
-0.004662454372892977
0.0004695724456293883
0.004464761710151071
0.2661984256276705
-0.6439782776213702
-0.20724877086456578
-0.15146463489015863
-0.051253254943590586
-0.004390472105930083
0.05263625305532242
0.09104494213713282
0.2390009908625581
0.6640959873799147
-0.36106923158454285
-0.12798781005482612
-0.05781649462138013
0.00633156973264493
0.05298440803390865
0.1260453411742143
0.1536833490765713
0.12875774887502092
-0.026248987141381352
-0.062403177590655126
-0.02564904204687516
0.007105088714253389
0.05008608864306355
0.08394062925239068
0.06934045691260644
0.0687979722151276
-0.0010339871709928205
-0.015167802303981261
-0.01230540729808711
0.009698765498346848
0.029944176923484174
0.056759009849635875
0.03998627065357068
0.017275238443447267
-0.001584888106812684
-0.015919444390587845
-0.001372007214561545
0.00566504331639991
0.02232605549259049
0.028584319205065992
0.010762296162591547
-0.0015995837133239586
-0.03031437474800038
-0.020135854301081665
-0.01405422658676156
0.004804821589583401
0.01314970551739805
0.02147372504018475
0.01673370827602351
-0.0625315177545219
-0.06177823181759284
-0.05449021610808427
-0.0214754573362423
-0.00013615155086479566
0.019599468511513354
0.020456536371332164
0.02243376324024155
-0.1666757541242915
-0.15253641855133576
-0.08281442524023637
-0.04297460593275293
0.004634345885571107
0.026079463024113618
0.055594543525646425
0.6312158065035145
-0.49393965273734614
-0.07193499172839583
-0.04130051945100848
-0.0005631192781323725
0.012383487082623337
0.07006698891729479
0.38500530428125335
-0.3250747520136447
-0.31135308582100757
-0.14567681242014266
-0.051399800648296155
-0.03024218016604784
-0.008749825646138359
-0.03853169351998559
-0.08425912514095595
-0.13687968293128838
-0.17655316605073987
-0.08169884455365702
-0.05701215319943021
-0.025370532535462665
-0.029070828934553296
-0.0348536285675424
-0.08596110329592246
-0.07389086485680661
-0.05986311022193155
-0.057702913815686416
-0.030051535040363345
-0.027407379586666728
-0.017374483809844927
-0.030111546880647058
-0.034639154047860464
-0.003191662290075418
-0.022345402299520607
-0.012674371925292747
-0.01809752436193545
-0.007804697720429991
-0.008610986135385822
-0.00011417976790167135
-0.005798566996499412
0.04265309140500341
0.04438369185201106
0.01192103553890853
0.011458776484589001
0.004295280694147403
0.01764862628967708
0.026627843967773474
0.04876166889473957
0.13057893988042577
0.09579214244869223
0.049714813472019684
0.015436324732753123
0.02143747381663764
0.03078858682778797
0.07292459087748739
0.10439067263879756
0.30041565448818264
0.21122695506505043
0.007646851115772885
0.020525965935128995
0.011686007156842466
0.04346414341766562
0.08504286173377608
0.15551029287747714
0.04919687981186253
0.03864681681668007
-0.006108478480664287
-0.013092941270665839
-0.007712236075908034
0.008754766882950526
0.019622833817091286
0.04322084550807131
0.09358894407706975
0.08724802758741947
-0.01754006957530677
-0.02990629022062821
-0.013036066896816427
0.0052780874012583485
0.03376210062672967
0.058452176727758695
0.14960762990277485
0.2822195478971907
-0.07010521500777184
-0.08447389650652723
-0.0453795069956322
-0.0007741661035538303
0.03696272655387688
0.10201888737935955
0.30761169059473203
-0.8701282500024504
-0.5522204054004225
-0.15884338142256987
-0.06138387209340892
-0.01249971429186238
0.04306753656263922
0.10501911822894833
0.19780163232650821
0.5780074164660436
-0.26808798796964123
-0.14742785943691514
-0.062039371395737106
-0.0053468682032327295
0.03693703431706768
0.10057458796025902
0.07741677404339584
0.05635983322142387
-0.11290928703704312
-0.07581387053608922
-0.033463253759963944
-0.00622266131045371
0.029993372791781103
0.05357524984767024
0.035690828922342044
0.013825985827840146
-0.02872473916548924
-0.029294909939387565
-0.016618760972508435
0.0034871234947078207
0.015507307763007277
0.03409164225936474
0.03339622707869652
0.016317475024708126
-0.005463382891079662
-0.013587324005950124
-0.007384098058342788
0.002120645087565909
0.01725503443967248
0.0248520777173556
0.029304656799770974
0.04699804259502128
0.08243702320915125
0.12485784770401366
0.157345233913681
0.14738031216162348
0.08091431706561882
0.04454871165759249
0.028597006966211598
0.04604777445945449
0.09356569689041992
0.15909207116921004
0.3090754296747211
-1.7351420852342254
0.05991245298189023
0.03823208065310156
0.010642396225047765
0.02586907485205745
0.03793357174476142
0.04417532884399005
0.5965577216876573
-0.07591989170733067
-0.06617227872492386
-0.0102461475555586
-0.0018455647688136276
0.0023237298239762506
-0.021887157842691664
-0.08982299731784674
-0.20349374582477164
-0.13477950268434633
-0.06929092577674456
-0.013584645898444764
0.00013428170425788095
-0.0023878179233766056
-0.01341505458369125
-0.042389371640725544
-0.07453494009787681
-0.07039573620746001
-0.03219113503138044
-0.013135783506446537
0.0030628186099391753
-0.000912238109570662
-0.005440430987830136
-0.006237928623678826
-0.02262586260305401
-0.013992392586984535
-0.012842971056978344
-0.0031317957764356794
0.015308058883840308
0.01554056777551011
0.01837762506905752
0.0293603812938589
0.02265832628815438
0.02416077007979771
0.01822836395919863
0.016385573174827764
0.027028201071345966
0.02845618584131097
0.052709329215537296
0.06622548755956086
0.0800199756462042
0.06675847355158197
0.052776911381928644
0.030716589766334308
-0.05515102940313241
-0.0047305707323844195
0.022780810921699153
0.0324262538138971
0.05568907028266257
-0.027157404525113508
-0.4216413692293627
-0.30206820598685535
-0.041721316049186365
0.0013992667447442814
0.010902143001802226
0.02543442975987263
0.02073334218281828
-0.0005860371017569163
-0.09691184651044266
-0.0912141716326156
-0.013173974869576152
-0.0006844776946426921
0.014544104376244756
0.013191684857252431
0.017985986999746826
-0.003769090683239286
-0.013253409965491118
-0.039764189014781126
-0.010380441942179096
0.0057182468679246885
0.008278263075737934
0.014756284243453113
0.010028247524792857
0.008749645618806055
-0.009307512414338723
-0.008853837760601523
0.003025063905415967
-0.00042773658927744646
0.00932190119282904
0.010319929941041642
0.017153676585774824
0.006327082256578005
0.003276924740434717
-0.014798319208525805
-0.005685654218995671
0.00883936945752237
0.009238651769512852
0.022164486847163916
0.023241947546554967
0.03138467325285313
-0.013242817358065394
-0.021066293605854727
0.01692724725093908
0.008464211790391252
0.025874512447389354
0.027825260576644237
0.053558369260351436
0.07239709644814218
-0.04422779514281848
-0.05829359538365068
0.10859841643645432
0.03321493530022245
0.01930337168474659
0.04351896956625465
0.09065846311962499
0.23472902206485777
-0.7535995993596766
0.8873293326030519
0.003972017457903478
0.02084539417317017
0.03483584748943429
0.04972386347195236
-0.002003867176081708
-0.003656519514216478
-0.01076184205485888
-0.0015918033990023114
0.009614244372169357
0.030062552993629307
0.10419262595680473
0.14166822735882006
0.0004245735408050429
-0.025304989034350345
-0.014805230828104624
-0.00819911067249503
-0.0016898122402478949
-0.007192083940678433
1.1421023834308583
0.009374175948925917
-0.08820362695241016
-0.042220789014376245
-0.024915001940204164
-0.010582407520690075
-0.009786687237118214
-0.029204372881960657
-0.08286662024502882
-0.9307305689182408
-0.09556616126948654
-0.04622900620422055
-0.022802374087528575
-0.018514174338148625
-0.010402738073339276
-0.00873461153804196
-0.009543707495487018
0.05785225850095463
-0.02431145922253166
-0.026072634418414755
-0.018916519917440096
-0.01033843035586436
-0.0009504120255456414
-0.0014699057335693317
0.006939475322886241
0.01724263776578741
-0.0009450760454044742
-0.01307740627415899
-0.006663077881620927
-0.00978033903844108
-0.0033249308764748166
0.00625579419891142
0.005896240314411218
0.013842893176698606
-0.0018831999858754211
-0.005284460658122742
-0.008120011263500704
-0.004429493613529725
0.002470658735043902
0.004984833186590734
0.022356738360962164
0.013763975501652433
0.0059497847190794146
-0.005883307699484779
-0.006375572272284345
-0.007036852052349839
-0.03523084070561205
-0.02281743783663319
-0.013849407214961008
-0.04360472871964168
-0.08869044855827461
-0.1402784380428787
-0.10550914602662916
-0.07775708025929995
-0.0448533704750792
-0.010198119797854118
-0.017544820497609484
-0.02129256127627137
-0.20129201816924047
-0.2487024403690746
-0.19573419476810258
-0.08541813361485079
-0.011831044001438803
0.005279656297649137
0.05563508585524954
0.09880319829266954
0.5606808796192526
-0.589759466386145
-0.2806945963541867
-0.07745606422151628
0.011062382049670057
0.04190828883946326
0.06141879489808126
0.15630636754965976
0.26139859500731544
0.33313081561449664
0.07242222722348071
0.023356728792379
0.027152294030598514
0.02861223213878585
0.06416611416177181
0.08532049327596924
0.15226167556835865
0.11454255501214332
0.06408504134348506
0.01778789591418935
0.010142757704701398
0.02521456921413377
0.030540660093968216
0.05704256240816799
0.053007440837945105
0.059055843796368065
0.01676420550699564
0.016670592887562532
0.00018988970458510602
0.0028964885622207895
0.015800489600214317
0.0095241649464751
0.014239024217965673
-0.007643720374457759
-0.007039999910086356
-0.012405242191949207
-0.024076207981670022
-0.006212754378954442
-0.012538168798730613
-0.01019028459197843
-0.043978383295722366
-0.05288235459716243
-0.059505940282813814
-0.036332597489274546
0.010058283837004278
-0.05142875967666058
-0.2793225641768523
-0.42224406921306495
3.5529958679240154
-0.4543964393945144
-0.22024163499833233
-0.051267402325348155
0.030698545218850147
-0.0666049512938996
-0.18269623786154543
-0.27551211071313186
-0.32971877216562645
-0.29070305640619837
-0.21813404917329096
0.004319308333296126
0.08120013230660805
0.050021047017058375
-0.14726130143014735
-0.31203537443558976
-0.23489910735301803
-0.15334539692849847
-0.0038861257074339975
0.12009604816195138
0.15678902722224627
0.09890770406465595
0.051515353147252016
-0.07254772318365403
-0.0439430002472092
-0.01197807465310396
0.11192218385644095
0.1320730639637879
0.13670659382892247
0.14108781800761172
0.09822450069792929
0.032235377794122125
-0.0037045199761397804
0.061919004922953096
0.09750244012491764
0.15009445751861716
0.1315279650387103
0.1213699997655329
0.07704562856482336
0.02162549722167675
-0.07165264281014697
-0.018543953076363237
0.07178754197273994
0.1252661799534663
0.10754202227708784
0.06713744363966517
-0.017330934441245335
-0.1488391249562781
-0.15876582043475093
-0.21375994427961628
-0.028981745549125068
0.06643198030068657
0.07877234412184934
-0.018255266148508864
-0.21055686359313802
-0.26787781953502815
-0.5565686102671947
-0.28283937862279174
-0.2004309981429585
0.00800041228094534
-0.008982003917952727
0.0006449289536943388
0.029354397907848363
0.03510413474825723
0.05430429239360409
-0.07728904335433945
-0.04759205416819769
-0.03781560420730613
-0.021567827846172786
0.005588605889102754
0.008866759164673348
0.08951607185868767
1.224197096403063
-0.36006160444599256
-0.12274987344069213
-0.03216769920465626
-0.00240328549247388
-0.014412529422591117
-0.00800105814954986
-0.10728909084353212
-0.5822080128241804
0.2683689269302091
0.06851835632028441
-0.01153576983754746
-0.01051428914738605
-0.008015360756390115
-0.026900277096161197
-0.04379544461198737
-0.1206658133911935
0.051315832338266996
0.0032640827916869905
0.0016522577367749603
-0.0030562464756440314
-0.01422241304837653
-0.009946825482867388
-0.02789628220096507
-0.001508562144295213
-0.009895391882352205
0.003313963395378569
-0.009463701923242205
-0.007948322543445855
-0.004117151747395584
-0.012139582570320289
-0.002982836206036614
-0.009878010396617808
-0.001381050690360985
-0.014050480135379404
-0.007409287103259824
-0.005835777209290186
-0.006101538906118071
0.004328685327826678
-0.0018189312571564589
0.0056484575322541235
-0.01746974417321718
-0.011270399688799554
-0.01575685565166826
-0.013083642245261639
0.005820708399031511
0.007632288895907252
0.028878071609504924
-0.0021651755640307246
-0.015181881109122481
-0.032357120424849596
-0.016514065675896975
