0.00016749458757387738
0.000687623315451577
0.002964925344903847
0.004224253431534902
0.0022313611213275256
0.0020773828412910507
0.0018567772373134128
0.002910404149972287
0.003950267569281267
0.0055659657263203086
0.003391619909347261
0.0024686054645843133
0.0018788887701751585
0.0007022696222995963
0.0024923999487298297
0.0019463267997425616
0.002935664882740403
0.0038174838681881433
0.004320650901920729
0.0027372541703513283
0.0037886215054924264
0.0029232343509155985
0.001336579245709124
-0.0009168733550874084
0.0004278938958537967
-0.0018733286189841173
-0.001597284355434946
-0.0015642466709623725
0.00033537220790675606
0.0010835970912053063
0.0022910879227392425
0.003156991067313991
0.0025854908197789415
0.004973922711839793
0.002929205507070282
0.003090877096454921
0.003095430728184498
0.003694072257224397
0.0018576410363722589
0.0028189318979062986
0.003188874900669836
0.004028594146032194
0.002710988128920172
0.0027459002445334724
0.0029972243364576228
0.005580017670630204
0.006017150054108247
0.003432124726637691
0.0023271486053768266
0.0029845918001653246
0.004829238671817794
0.002528143696983612
0.0027835867406990696
-0.0006161265651698638
0.0018463355173354247
0.0010068711647099745
0.002930515331957054
0.001512149516307683
0.003650710229256743
0.0042850206106179066
0.0025267072817246592
0.0027033100830195196
0.00407770831979526
0.0030127859662637626
0.001946064602909746
0.003648690664305244
0.0018224703187935615
0.0027303422116372596
0.004842863334763628
0.0051685645122280235
0.003746713365167083
0.00515475825768163
0.001504636471466691
0.0029827360249715168
0.005834669102285762
0.004190264231844832
0.0037915223288230706
0.005977633243775835
0.004353308488973626
0.003238783523829965
0.000635304243302567
0.002555395993159268
0.003335510814097129
0.002392613680392542
0.0045798937336894606
0.004531284095620023
0.0019757163272010885
0.004064363506459763
0.003320041689859298
0.0044179486218485975
0.0055215966438951925
0.004330212285740194
0.0008793574393332431
0.0034196557056786854
0.003663247205158836
0.004320534466596229
0.004925335582120921
0.0032062491882842996
0.0019906131551006836
0.005192097736306452
0.0028173366453840836
0.004609791297751346
0.0059489654659052385
0.004062789377236892
0.00434067431564463
0.004571248810213947
0.0041040228002907336
0.002381161986536364
0.0025794353429945847
0.004018479923926713
0.0047807773700256385
0.005291857440406748
0.0034711250130214596
0.0050582638187011385
0.0020551241685747273
0.004401726077774944
0.0014456842011299682
0.003742248308523579
0.0036037373337268405
0.0031630956937878955
0.0018032155832563288
0.002694616738796938
0.0034315136766808175
0.004888378884703913
0.007551495226208158
0.005385669871005807
0.004736999134287114
0.004216936048917817
0.0035629889249842836
0.006600983681116616
0.002712790599667397
0.0024813859450484805
0.004810057313205436
0.005221313302620465
0.006222871380715881
0.004306019304505308
0.0047662977568479386
0.003739774464843423
0.0025576053915869136
0.004259576530849317
0.004281014927041459
0.003417812070769956
0.003202256047233601
0.004471280481523462
0.003356762735424095
0.004927133999320282
0.003535443651146384
0.005688319946631089
0.005840193449149057
0.004409583548728249
0.002924997429808633
0.0036067382353142173
0.005548314027699038
0.0056485506347169305
0.004949578673509588
0.005679804034181422
0.004917867842732181
0.004033178914694217
0.003380008886543152
0.003628626183312621
0.0012526123364096173
0.004007001946206873
0.004525381171953305
0.004688202150370638
0.0037074449902548268
0.0026502050538401455
0.0031236194717725258
0.005527505333939923
0.004432107098868591
0.0023807170410639956
0.002989963188858796
0.002006987482548305
0.0008435060007978843
0.0037271191290607106
0.0011464742306700774
0.0038719504175512946
0.004172351303574632
0.0036953156944710963
0.0044823557531479446
0.004541896322173334
0.0045157751202945275
0.004197044802020307
0.0033141353612659366
0.003985661643524079
0.003958206074255684
0.003236585347182189
0.003189095954785666
0.005222939835988969
0.0034002421413857806
0.004611791787182192
0.00470973923009722
0.005626015002525557
0.003032925697449537
0.0027660816478470114
0.0011820823148539004
0.004110216050276894
0.006346874915159831
0.0034995086098444706
0.004583995614462452
0.001682222166195871
0.0020807602761631254
0.003651996104436999
0.0034429288193754525
0.003950211129438332
0.002398804644097081
0.002646901693858957
0.003508774374834009
0.005007948814656615
0.006212723474731484
0.004718529731073519
0.004118981798743918
0.002668070190263521
0.003657975278570647
0.004867257128446827
0.002100230419841297
0.001549089027334743
0.001646530340920851
0.00473728103000505
0.005275077463950488
0.003752774607875085
0.0032565974602714698
0.00401667588523931
0.0030393294191608496
0.005205997542624034
0.00512486397859047
0.004952903941414636
0.0035437770758402253
0.0010737758284524097
0.0018998607115783624
0.0013992515760945417
0.0021477962507857364
0.0009818209571471725
0.0029213383828580273
0.004147594246498489
0.005429474952892635
0.005816061185651327
0.0034941722846532465
0.003922878215284275
0.004357015116066995
0.0033304308414053145
0.0021727847122782738
0.00463384919042845
0.00293044979721697
0.0018069143719497513
0.0036946567338521355
0.00498063568580674
0.0030977816752036894
0.002545819857327396
0.0025835093638625693
0.003954123281916062
0.0053613975132595845
0.004992279666738028
0.004864255309261335
0.0037654921394132696
0.0034562342605293267
0.0025099784228864905
0.0031495744803579566
0.002753715083248932
0.003683076427199086
0.002672762788812067
0.005279462252417688
0.0036422073470535887
0.0050525945471491356
0.006370367390145367
0.004866038301101783
0.006723744458185039
0.005079494783125523
0.00561114639600633
0.0027103252940774546
0.0022379982904432907
0.002048674169362925
0.0020574323339412645
0.0037499938603712943
0.0028255221047230853
0.0023002318400319995
0.0035328921996644713
0.0027467541124564397
0.0014119719120579649
0.004569384824713029
0.004063997908060916
0.0036158882905338923
0.0018803959022213675
0.0045455185645806384
0.0033671268961488346
0.004364430782016349
0.0052112530193227195
0.005105897364162235
0.004050936193865141
0.006089358896786765
0.004719941265480484
0.005454609793896425
0.005324218926961259
0.004403864391603091
0.005944924493890298
0.0031051422740048804
0.0039411896454140975
0.00047516445199229215
0.0020052596372867157
0.003929705858781349
0.003126954943820843
0.003943260204166651
0.0031439498743709767
0.0035447396997051353
0.0038372949841849564
0.0018672916256568
0.0027377374055929465
0.0026356139925728327
0.0010283901681363643
0.002522319133440986
0.00178177082136742
0.0049353189264462185
0.006283617563519712
0.007845852393986821
0.003542126963245815
0.0029396118238899944
0.004511296044670998
0.004017847298193117
0.00442203775924766
0.0037693946980099373
0.003172903102848496
0.002566697444908236
0.0027655027179220824
0.003278175895932204
0.005580676432086455
0.0037470817982777544
0.003689424599692431
0.003044473597690115
0.0025775138816839485
0.0033690709483578884
0.006897760795601982
0.004431970534232875
0.004600474500788841
0.0029848311500933213
0.0032611610771423223
0.004719211804150724
0.003479711100558068
0.004337175162866634
0.0030535746672079723
0.004350598606125194
0.006486552918999706
0.0064445385516539635
0.0034039176695101992
0.00408721282794581
0.0030814008001142867
0.0026595907254816013
0.0045195459682028745
0.0024251950289588846
0.0036687153649451066
0.004310171824403885
0.004169815809386134
0.003776546485893461
0.002372079714126222
0.002188632295704258
0.003298214957995205
0.002819314342388585
0.005654082788869642
0.005815142376024785
0.003041610913190299
0.004378588512259539
0.006301320310392533
0.0025955592576036544
0.002551312758081299
0.005709511380092172
0.0038558658823644835
0.004800402180389345
0.005376427651034288
0.004529222780322335
0.003949091610255844
0.0031672485974059647
0.0036100276910694734
0.004754648921994311
0.004812291171947852
0.00438675381719289
0.005964483250024023
0.004722701221102499
0.0032257962944245034
0.0030931522581408785
0.0034175880366234188
0.00642129286057169
0.0038480569038433026
0.0022130847377661205
0.002091077839461244
0.0016838278090607508
0.004148122883965901
0.004181194758849189
0.004087687162208234
0.0055906904233772505
0.003566493871028713
0.0045146673369182
0.004339787591818976
0.004817603175773308
0.004204459471566439
0.003050140849783371
0.004302812808508469
0.0035632742481676084
0.0019275806070528563
0.004625079151197335
0.0042896695090993385
0.003886642934020754
0.00466010516650563
0.005842240418261247
0.003821660978020401
0.0032269684552451265
0.003386507310068604
0.0026242716707211636
0.004710687790432669
0.004167198159796047
0.0025103982804690547
0.003169811417869229
0.0038711025164745914
0.004055513377707006
0.005283266534515716
0.003963368527378868
0.005451324776429596
0.004725675908519618
0.004834388785367581
0.005042417120462735
0.004754009442910974
0.003386485050819163
0.004568186592723479
0.0072063390154725425
0.004011624847339435
0.003443130038391237
0.0037304756996843547
0.005146889362050293
0.00656957569503625
0.0032871383880258634
0.002493665997217206
0.006283701333722497
0.0027316531929694314
0.003102572770356296
0.0036648369761448363
0.0029632711625195342
0.004151102193558546
0.0005023497091021941
0.0014376649036476033
0.004520005689904239
0.0036664337351449347
0.003228068257310608
0.00404578136291706
0.004845814510003114
0.005188893077776169
0.002041682584698425
0.004005068868110879
0.002783636729508569
0.002722592589850138
0.0013209518083176566
0.001426113116419909
0.003327913503820744
0.0044080510657397145
0.004535537288305492
0.0034028663216838727
0.002383126551136641
0.005031288891931826
0.0015696919415104595
0.0014966889976438158
0.004125855497059374
0.002400510340507298
0.0029456062757461303
0.004100432350171305
0.004236788473125322
0.005812040694979783
0.0033995466231218525
0.003976843090227247
0.003306653877644217
0.005912268738171505
0.003965914300081881
0.005350567012758149
0.0048513488318986005
0.0038120409395203626
0.004674489774219562
0.0028447161520742227
0.0013281654438491853
0.0003596256562691737
-0.002540287191983445
-0.0011870199183760537
0.0007758310832467466
0.0030987441404859736
0.003185440928781828
0.006050214752992667
0.0033321488404139178
0.0031227879290603396
0.0016170863994658202
0.0038348857389615184
0.0035635713064696914
0.0025887855955466295
0.0034093918435118796
0.003689304897424574
0.004867935886901637
0.00176589568941321
0.0030613281610137504
0.004857371490108975
0.003288721598302023
0.006000333489557673
0.0034161325113338586
0.003310301031429097
0.0027448872419667124
0.003258199538377331
0.003575769864340106
0.0015149117396537283
0.002712792309314542
0.0011202538624873898
0.0011793837147325956
0.0014771008841685653
0.0001894562961128408
0.0010019507639192232
0.002663983332626473
0.0015717533733304284
0.0028386597884078784
0.0021305319309800176
0.0010866652963366049
0.0011796958810932376
0.0022538601994026093
0.002890189147379682
0.0029569356951720765
0.004523477479150379
0.005714448417946708
0.0048178636106433765
0.0043456501370764565
0.003718010281734016
0.0035959307245880213
0.0031758199673482214
0.0046745746323265626
0.00613086031496449
0.004557663348181458
0.0014835963128550602
0.0017140855582295708
0.0033901615179446447
0.004984789215382573
0.009740078108496562
0.01739181097074197
0.011664699397064934
0.007138280186343566
0.005426237676483329
0.005219734196722075
0.0020639435691322356
0.002948456513673256
0.0018117355365151878
0.0020307624235816686
0.0007964039591095485
0.0033862959209311197
0.002901052345016414
0.003529885078425952
0.004274647535882632
0.0038233001631531515
0.0051287456352515
0.0057274092318954665
0.0023055836370747466
0.004823450408610537
0.005244644759976245
0.006883337852932112
0.0042906394441179305
0.003802586978207961
0.0020288131029623704
0.0038871408365615907
0.009267753181089489
0.015758166267760783
0.036358970572547555
0.038810787068912236
0.03781912108343909
0.018681265874492675
0.009338939040523466
0.008647567392704131
0.004091557263117357
0.004551493278441002
0.004009915058248897
0.006408978154304896
0.005830335174900152
0.00406747118916986
0.002677048502192414
0.001261584390747087
0.003598281562856738
0.003997268870472829
0.004295694611070598
0.0048100229543026176
0.0040056857598743875
0.0030749911940726373
0.003440681751909415
0.005670460880348983
0.0049593177169051485
0.0034124120025918834
0.0015636171535383782
0.004777762581197557
0.016913919550119866
0.04085481826503766
0.07815858367893873
0.12151853418874765
0.0790228962471241
0.04269783477295604
0.016689023856523807
0.012236650840726287
0.0055464387295776725
0.0030206227175140427
0.005072025396297304
0.005513867526103621
0.006190416710219639
0.003218247668014933
0.00381618787064914
0.003092742634340945
0.004466326158775079
0.004207876657955845
0.00431313740594255
0.003198015052452294
0.004808930178651055
0.00400764963452065
0.00295838601638398
0.0024880194076879296
0.003943180599404869
0.002096528335283337
0.006867806774461306
0.012486575856729869
0.02690611646085223
0.07221267876655135
0.17253871333413834
2.222211341686125
0.1733441671045224
0.07069941568807893
0.02495112194684344
0.009098145628885675
0.005961348707408415
0.005952549744924476
0.005030204075234226
0.00463797432292674
0.0076840947632000915
0.006808262222543063
0.004291208602370265
0.004305594163875173
0.003898776540308748
0.003905934339091778
0.0037408597076928705
0.004726871576616032
0.004960299848197853
0.0035866350564438664
0.004592529506307845
0.004356454735047446
0.00397133508963461
0.001081694346986514
0.006331186472826503
0.010444219353413067
0.02935572411280064
0.08823473187788794
0.28577997472425004
-4.847361548522382
0.290653684026842
0.0862582249691841
0.026405428400674214
0.00806418957639832
0.004435013597593167
0.005493002114404814
0.003289002536055938
0.005567106809789381
0.0059113450941141905
0.007475129929409232
0.006006870236130383
0.005589477438639413
0.003852548532530823
0.004819366105045044
0.003050567480752887
0.0030235849070871894
0.0019624018029300652
0.0015304297317012602
0.0013259801960160454
0.0020975862962201493
0.00384637493268268
0.0037667026992829053
0.004159215605373681
0.007272528423761208
0.012812636457101883
0.015520647397105566
-0.01616015078830731
-1.8018092528449687
-0.01681217597239497
0.01302147985301131
0.010323358588526609
0.003932713033037429
0.005078154183605948
0.007025343167558531
0.004947637121177162
0.00599982191215349
0.005342801834813285
0.007805075368925891
0.0048148075765166755
0.004357127814252594
0.002502802952156459
0.0032935276051484783
0.002906669390750051
0.0020987814341135165
0.0023044254748438723
0.003329129659940773
0.0034314145220595924
0.0031282068685129956
0.004014309801052119
0.003280466863018033
0.0023271201524254805
0.0030059734790407267
0.0059169149313873706
-0.002421327216200098
-0.017812527662358385
-0.10538844725453399
-0.019573822691563627
-0.002722933999026286
0.005859558929259566
0.003546692845362743
0.002630958175314211
0.0033329685658163707
0.003922876506131577
0.006282008019527635
0.005559325240020684
0.005807732001261804
0.005127115992527199
0.00554586787690936
0.004276894942302791
0.002946866677981384
0.0034223279872267875
0.004406086651756672
0.004517123746190217
0.002662992120519518
0.0036051188043936186
0.00350102199511461
0.0020864512609201726
0.0005845480987927535
-2.8596400620907632e-5
0.0017053904241496856
-0.0012594047756014524
-0.002036476897439973
-0.00015304735039594448
-0.0059746172959122285
-0.001038297778817738
-0.0004660302254023158
-0.0005829228121077283
0.002783368509890501
0.0031752418069951414
0.005402690702532807
0.00311533963308232
0.004381221361207119
0.004136872893602448
0.004162040802327813
0.003745390022147982
0.0027928532630140655
0.0017508874225004869
0.0024771305362851527
0.0031296443972769514
0.004124968205299783
0.004008349168334238
0.003404761414329957
0.0040540732185946875
0.0035978501638564875
0.002720928319214427
0.0027832754751417194
0.0018067023116531225
0.0007249122380605349
0.0003016534441071903
-0.0020767355336391803
-0.0015549130066967384
0.0026902734149125557
0.0004595808524730493
-0.0007436611016211014
-0.0001012763691038981
0.0034331006952569272
0.0039550723319655345
0.005801666004958531
0.004679597627858745
0.0049860744357399876
0.005270172383707012
0.004292996497850131
0.004815253534795724
0.0034115340340004755
0.0032837799777680862
0.002268598632039596
0.0013879842326328575
0.0010127865962555223
0.002646939667730482
0.004869362144035223
0.004013477732662941
0.0029075409285475836
0.0025015634646797275
0.00409860461195695
0.0015862470161965615
6.803173887254602e-5
0.0009729926858485027
0.0005691543986849264
-0.003781666585084625
-0.001262842120213327
-0.002819593051641007
-0.0005170969200448759
0.001029181941387452
-0.015110701206998875
-0.003504412819500177
0.0187234831399191
0.024317621756754688
0.016865878565892695
-0.0014308600636546616
-0.015048113588897181
-0.021934842790104922
0.003431730583088698
-0.0026749265228887364
0.009655259206625227
0.026169149267776217
0.01950809702453992
0.015611137912749932
0.021558332455470022
0.024075615306422108
0.015937934546431415
0.008260756915966852
0.006243116073553682
0.01768525557237374
0.03485283599448244
0.032577587493940005
0.00621252281159056
0.00926832063974799
-0.010710862576828963
0.0001950155551793222
0.004263466346190165
-0.008381705867676703
-0.003978146478408761
-0.002474513770211606
-0.017425187288420546
0.004339604451448068
0.008397728744286716
0.011314284249245033
0.002546175417837836
0.00018950886976540208
-0.000827817000366838
-0.016820320813077883
0.02007555629790988
-0.005786134145163387
-0.0009056022797917095
0.011897850167827385
0.0043287160199770615
-0.005183699384157597
-0.005497449405281322
0.0016454489508765146
0.015163063287721459
0.006586365147506696
-0.021030586944941074
-0.024382358677014285
-0.0019240366067858478
-0.016484094136083483
-0.0059124666007670185
-0.007497221837891625
-0.013715882029349332
0.0026926246402807987
0.01683256456911325
0.02422838827987783
0.00524857277872297
-0.00414574730656861
-0.003752664567178509
-0.0012884980646567946
0.005701155068478836
0.007196726727719812
-0.0003225596103131294
-0.000975630280270296
0.006514962285016751
-0.02509832371929918
-0.019502710754766967
0.006047032457632492
-0.0020466039732172287
-0.0011884666085822575
-0.009203628679518547
0.0039665234574090035
0.008230798299426969
0.0021658805770321645
-0.003533267146254915
0.006599411445535208
0.016413593372800517
0.017359642268563003
0.025777283029344657
0.002646942058894039
-0.011761190267994106
0.015290743321836425
-0.01375619571071884
0.004626313726557038
-0.0008786447695828609
-0.005725803272781243
-0.015498861787716057
0.005660446778680945
-0.0005489478545117726
0.01782581081586858
-0.004266703604044122
0.008907466574934877
0.007014410946118503
0.011575827604384194
0.0037437684393708415
-0.011460085892667358
-0.024132955546046365
0.007870965908675772
0.0034911278056479417
0.00883035028322059
0.006308042740362255
0.012401457279679815
0.01975788651654501
0.006409287682121165
-0.00836902695106212
-0.001519652101514236
-0.017583156106565707
0.02226997161522525
0.0011927520705722543
-0.0014740383917486838
-0.011033321041534509
-0.005380212815463566
-0.007238720411338311
0.017300955197092464
-0.007309559464054625
0.00018616753413466238
-0.031423925010650444
-0.024669934093792603
-0.03370796355706027
-0.009533763431863103
-0.004736344713095259
0.01541760537624711
0.031800148915346854
0.007901414178986018
0.0028000061286870895
0.005791195370213884
0.014132944174872267
-0.0182172822541328
-0.02405986894443377
-0.022463406636514194
-0.014950010380193335
-0.017301928465579736
0.0015835851451716535
0.024314992126825953
-0.004783228103616054
0.008515725826619722
0.004956686718300435
0.00801499837167187
-0.02409760026069618
-0.030872869058821098
0.0023690987838698354
0.01617797957125445
0.020728017828004625
-0.00171497692166214
0.0061866753560869455
-0.0021848776983703433
0.019281976872820218
0.01848388701275092
0.010295938004348894
-0.0048812323481087164
-0.005053921704521685
-0.0050274023937325945
0.0010786766298011498
-0.028323490639073967
0.005623172807872386
-0.009580113070590573
-0.013067769577275935
-0.007344494771729337
0.016397046706393404
0.027473747820766455
0.008582431923980989
-0.011590868062866008
-0.003920111919428897
-0.03143899113876287
-0.02003476715828207
-0.007403395322735072
0.02774855446428959
0.018926942974261143
0.01235593284957279
-0.03996802681676947
-0.022057840099987375
-0.002862656034863711
0.03639225229083888
0.01278001514510023
0.023666023807400145
-0.006054034894725575
-0.003994861146876682
-0.0007961887218216721
-0.007787689832280669
0.029424899963238285
0.03307406863925162
0.005583840911700761
-0.01608404878368519
0.008275911179161401
0.024999911708678647
0.0035390043905083168
-0.013487667902902614
-0.008465446353178306
-0.010799160807190693
-0.008338882863004313
0.026162723640448575
0.006350782257582711
0.0058417608718544884
0.017173128009582993
0.0042732241554414765
6.694793978821189e-5
-0.004657873948404719
0.014433923273492586
0.0065494485264304585
0.0004415261390108207
-0.005353431607879541
-0.007821577329720995
-0.0016726082512424929
-0.022346668306911992
-0.0052774107544031655
0.0029231838984111807
-0.011121152674850657
-0.03194499285293875
-0.02881816381516497
0.0081864556302568
0.005792110645310296
0.011244803503837641
0.0203865719828049
0.013014135467956801
0.008811610682456075
-0.013923612249071791
-0.006106923281405611
0.002153364531050415
-0.0024493140426801053
0.01041944639508608
0.009049907838259067
-0.0044497515673630845
0.0024610070894797087
0.003002075054155916
-0.00828794014646565
0.010391931288364787
0.01149859297224394
-0.007009402910717808
-0.02115380760100792
-0.023084218947971236
-0.017847418892641354
-0.003739218514460481
0.005407369616341789
-0.003473837472855572
-0.0023511304320604294
-0.008378013684355368
-0.0025013991037545814
-0.008520047433348821
0.005717790706946881
-0.016429000936757716
-0.018548480803436417
-0.01357726141251549
0.016644197905350554
0.003946149474125457
0.01927739700832551
-0.005622548480355562
-0.02481669260748339
-0.010544092006255447
-0.011558421740795043
-0.011506001349752054
-0.0010932602092575399
0.00569063382903042
0.012898999004461936
-0.014055236512675252
-0.0019831504676115935
-0.014912030194177113
0.012531248474073794
0.004412726579709612
-0.015592853980465289
0.0037863999338194378
0.006316130326994625
0.006713440252054174
0.011317310022483366
-0.0011259540695038527
-0.005535117241377124
-0.01788469421502122
-0.0030746961417978708
-0.005512754562314562
-0.003440303720946314
-0.022545160805953285
-0.01636320221375805
-0.0228462053190863
-0.012621366599738566
-0.006490848420455348
0.007469880157415622
0.010421542266132752
-0.0048808411128266165
0.0039334671942836165
-0.017827524165588807
-0.033161139339011846
-0.0087658827004748
-0.01681351378114857
0.0016470994951993069
0.00970771967070816
0.013666212559316777
0.02982299179891888
0.018439325817691806
-0.004595767413500937
-0.008905263875652854
-0.004847182776885639
0.008374815535310503
0.012373926274359525
0.017952390687788332
0.023971801489763068
0.00571998411929198
-0.0004389104222699328
0.019189400723319056
0.012226219797321462
0.011737720815055246
0.028546614940528018
0.0029180907964408693
0.0053630161170245315
0.006063436444257659
0.004232635650326971
-0.0011985421436688888
-0.0020728846286545573
0.014523660410697421
0.00637752651198947
0.01623816783423266
-0.005243439036808323
-0.009716243846895036
0.0010985409044643904
-0.016575309027540064
-0.00904520534339058
0.008209438541206142
-0.00957559321131556
-0.00715457448232101
-0.0216244938223255
-0.010423109274283167
0.011400274719387683
0.0010651839638277298
-0.0057843281774901
-0.01670074064601107
-0.004090824104060404
-0.00934091606395489
-0.013216440575239716
-0.02306730713772814
0.005792153298000077
-0.005573252562157804
-0.00021858999079201608
-0.012586142169321532
-0.02236237334622814
-0.013775804132601271
-0.008844146285493756
0.008562546303166359
0.003129453825923034
0.01594730068469284
0.023069079780351425
0.01557095174260396
-0.0018703924020591835
-0.0002665279662080935
-0.0115938324595434
-0.001160554965709507
-0.014564546423361621
-0.004646542663358113
0.004177056036462917
-0.022227073598418325
-0.020645909995113343
-0.020207072293233864
-0.00218241174424056
0.004291787296480681
0.025607459795568634
-0.00845396749726323
0.007451463322327616
0.020737946046812762
0.0005537287593939467
-0.010021062411843524
-0.015306495813648227
0.012205544410352596
0.031922582470915305
0.026489341509265595
0.011763269392067264
0.003637438976405882
0.0015662162153076763
-0.012202415474293404
-0.007292320739590102
0.0019733346943056635
-0.017248198000195423
0.009230850703773321
0.0003792724056798074
-0.005407570259377757
-0.006187625562222466
-0.011726963834431177
-0.00974419305346004
-0.007926209327142915
0.0025893460175553757
-0.0008714940471697502
0.0011822417193448325
-0.005042837805280365
-0.01085545543836849
-0.010546599353438827
-0.007612563803994719
-0.007142828501239704
-0.02559600230511966
-0.005696440637640687
-0.007503549764572389
0.0026553591083958595
-0.01066428336230547
-0.02864787260041356
0.009922099892104505
-0.022328816295485297
-0.009509581118287539
-0.01879230752173207
-0.018133462398236183
0.0022666607953187824
0.002675075867140819
0.0081337692251213
-0.0014455585531389591
-0.004665625458817898
0.02130328261267423
0.020945526342381858
0.009271385745930906
0.023368203267835085
0.022878638976659288
0.001240051492633255
0.002479435127510328
0.019807415262008604
-0.0023770378613492994
0.016012771055208663
0.002438585455500378
0.004811026912092273
0.016613894299282637
0.036565124527366544
0.03875624261908326
0.008137006380522168
0.009961764347609973
-0.0062142013228085645
-0.0007636487947830679
0.012333204534402818
0.03370732845326212
0.028236799962090626
0.003674914381880997
0.009833658470597475
0.020734197620012194
0.0056790282608533155
0.02152497734835973
0.009558795850869144
-0.002563537156956154
-0.008494979860251349
-0.0015654673715215133
-0.00996854603730236
-0.012592124488886653
-0.00792137854325519
-0.02658203572892492
0.008250673905640639
-0.011235865902701543
-0.00539800507033375
-0.008401918726782833
-0.008163220665004054
0.00041283874529171095
-0.013208324733211364
-0.003593948964204817
-0.014384742709277962
0.007729953895877887
0.025142985979052748
0.008697997329723029
-0.007169026500432688
-0.013512651070222693
-0.016270272485121286
0.0008354480781485128
-0.004918889552443078
-0.015496229416384653
-0.01585711142198883
-0.006398693025791309
-0.007765274992947828
-0.01753826102893613
-0.029796589842881433
-0.015559696793909214
-0.013372676965044676
-0.005059771080432165
0.03558249822072407
0.004469233397457435
-0.0047954095645611015
-0.02972557197654529
-0.0031259481364121545
0.008435695082389918
0.011092636004668933
0.013974811576505009
-0.0021504813607244955
-0.02241404218763794
-0.019381069945630068
-0.011629450481117947
0.00108490684150395
0.006798382713764947
0.0027139302289642146
0.0057467428258108294
-0.007402951968030265
0.019859881272868755
0.004015367145997617
-0.0040238389799329265
-0.006687155166666235
-0.004568101835668202
-0.011970160006859309
0.007107093299461096
0.016715737650394493
0.022242925607105755
0.012977812087792605
-0.020483729736717946
-0.01511428961642814
-0.0025164899572333874
0.005652149089058929
0.0174977093103161
0.013384155621698066
-0.0053485496050511925
-0.009802286639640131
-0.028679218810725243
0.008960573559332538
0.013812602672677192
0.03301076800163557
0.01593310933846187
-0.0050255296577099776
0.011589296948175894
-0.00019085761963535085
-0.006172331433626804
0.011647040235922071
0.012045724618619212
0.004671795672522221
0.004205716949910597
-0.003989106752616564
0.012117665526025024
-0.0019673539498709022
0.013320226488446973
-0.0015603043941275472
0.0041460562344564295
0.005893911211294767
-0.005422675087480193
-0.012702031050810603
-0.0029482437030872513
0.005502181237277081
0.011134495859633652
-0.036697312046963325
-0.006808395998489071
0.009730334979418939
0.0046574261927972305
0.009525525255279364
-0.006778703012786458
0.0020267219708986354
0.005665760164555111
0.003127414664256414
0.011391704376710162
-0.002697796601223472
-0.010532411557280259
0.006574411625749299
-0.02284270766277842
-0.007465081745859569
0.013516783012883001
0.012387750534791315
0.006696472959932739
-0.0027187624868898826
-0.009843444788550133
-0.010253260833840773
-0.016428163303467948
-0.02579903520184675
0.009551761894810959
0.004763762608253746
0.021340428302138427
0.0008033245275469272
0.014383259396988823
0.008080990635827501
0.03246481389604692
0.0004326105247112544
0.013245069766273636
0.0032130096046523314
-0.01115618517393634
-0.007697395124586617
-0.0005654022444072119
0.0040372531960292946
-0.004292098696124677
0.017830176657930602
0.030661420773612173
0.01265059759887225
-0.0053584877354316595
-0.006708971155663863
0.005804272113638169
-0.004875765722220385
-0.020312497002968184
-0.007435952130605699
-0.02311294977460828
0.004575396500272495
0.0006371665658897537
0.0034006923137794454
0.014706773963354135
-0.006096680505357794
-0.0039055670963889033
-0.025417118985852017
-0.024919620496509885
-0.005535627216472211
-0.02301492121599995
-0.017504537586350757
-0.005332802065305271
-0.0037501134786358447
0.007844195386286749
0.01006090971501962
-0.009507050327616881
0.002612255209089395
-0.0004947664615061577
-0.019239552914951375
-0.013906883983591092
-0.026199919567144576
0.010035324876466242
0.0029153419017796446
0.0024261230717043643
-0.009258999991003856
0.008683590536474783
0.007248200782155631
0.01629555640761118
0.010964078396151471
0.003731258665990606
0.015645613923884538
0.00839579555952916
-0.005772580086910138
0.01366876970596133
0.02969046465434601
-0.000999830475043767
0.019996160659500016
-0.00976380658757654
-0.0025057045929113815
-0.02254224427817792
-0.024226801792899273
-0.004202104267498742
0.005008337703544441
-0.005779727247515026
-0.012636850900745542
-0.0012198497069507027
-0.0009224939624549372
-0.0019670233446811786
0.006371134347501523
0.017171335442172926
0.004369639624576144
-0.0077764507958776805
-0.010277763330974842
0.004919673152509751
-0.006555260172623322
0.0035350884035032417
-0.017079112997295483
-0.02175553984230791
-0.01136318157487761
-0.011690937668343771
-0.010174793420972026
-0.018211655172791594
0.011173685438455788
-0.005253714218257186
0.013749293994453963
0.011188716834656056
0.014020127341062488
0.016318107607833386
0.011353163667319758
-0.0036176643301601428
-0.024923066052533804
0.00044501923382179835
-0.0017490822259577058
0.018767859071619417
-0.00994626383854674
-0.015931333191156676
0.003878809222879698
-0.010831537432783174
0.0032276345836102253
0.011970677326413012
0.022686367340473697
-0.0024112523151814855
-0.012543646032085524
-0.012838358835934104
-0.009004196184645031
0.005656161398571633
-0.0016902560629775253
0.0003689044602476605
0.013714255357803668
-0.0006088623738392039
-0.000415954583895717
-0.010815272839101614
-0.011467671517057606
-0.02753056535803597
-0.010139336916637052
0.008457702261518612
0.010537935439466649
0.015501421055554875
-0.0011437809831426483
0.014369385200744473
-0.0014338612432818075
-0.012289656736159792
0.01875095794793255
0.009323815025305634
0.008855922945294635
-0.022861733739545538
-0.01657526411700242
-0.018458289251641478
-0.010800420098370147
-0.023798970825538633
0.01715349305398073
0.016610174502585628
0.01057320621587133
0.0040201099630928026
-0.0065459047181296096
-0.005301716020773191
-0.005462062616375254
0.005490260205937994
-0.0021837601618314197
0.007853121597185632
-0.01190644430968956
-0.026649803029371637
0.005596987929620566
-0.025105831380652945
-0.03165440227717899
-0.00022241352916969187
0.013474532013920449
0.01750242545281214
-0.00782087653675136
0.014671533247383942
-0.019679678635938863
-0.008269052638671406
-0.0021801652232285736
0.024589256225663374
0.017506400033400257
0.01876346715509411
-0.004870951065281053
-0.005357383351814184
9.964459776142789e-5
-0.012030585611920882
-0.008276010343462595
-0.004861989399532406
0.021009815383358846
0.021102346883064168
0.005224866414992774
0.005165710982029495
0.01301481247217604
0.030038284431394353
0.023039910197034604
0.034929929054831006
0.03022639579877536
0.0156564284814755
0.01180203721426695
-0.00710970550445986
-0.012499031315523393
-0.0137808154633751
-0.02855422652261871
-0.0027167724530163685
0.011103264740068428
0.02512264044944492
-0.01304857902270289
0.01724336566826815
-0.019702678096859473
0.0017560653093541714
0.005935675999392067
0.009513964943949238
-0.006828069055315947
-0.0066675568709910395
-0.0007474488748983803
-0.004331265563522978
-0.00784644256545041
-0.01771143098456298
-0.007689308522012757
-1.49039617745538e-5
-0.0015700098526215387
-0.004200897728644322
-0.010707714011774231
0.004947478398670874
-0.027991696929525765
-0.005697690748701131
0.007624321931662651
-0.003843975193523072
-0.004802831104243506
-0.016193207384003663
-0.010036636010435536
0.0018947249660660392
0.005351270274277812
-0.0036077186899421913
-0.0185860571555984
-0.01335257457498916
-0.01744480494930914
-0.003371779177490323
0.015932078794315813
0.013446347394965894
0.013197052871540958
0.0026279581582854387
-0.02371837048020341
-0.009942249237619076
-0.018460207914742635
-0.021234442318825382
-0.009144631501338523
-0.013450634764377713
-0.0146124750469145
-0.009380592139425652
-0.023798964907447002
-0.020366389235844322
-0.023710322037806538
-0.0077678480850465964
-0.0187283041487846
0.009189640485256122
0.0026336429473151103
0.010503931183559953
0.028852560421187
0.0097246878115597
