-0.0005818834830918435
-0.00032481389895122885
-0.0035506053685715926
0.0005231300446406178
0.002251751226834516
-0.013022389407405813
0.003216888248169748
-0.011562931330872786
-0.0092539255361597
0.003502540934110521
0.014085246803601459
-0.0015401744629465783
0.014855724171450795
-0.0012308377146559208
9.796520018401128e-5
-0.0007537419254688199
0.011279140751948875
4.5383302435494585e-5
0.00625879484499331
-0.02904361515340572
-0.0019472688821259377
0.009231234585744753
0.0045207494428648005
0.016266323002237026
-0.011119762057950056
-0.016500062300019276
-0.015538359571296895
0.008445303047485
0.01757178623977555
-0.008239835910012165
0.0028439908553130533
-0.00203697072163788
-0.01989503103464501
0.0073936610362324035
-0.006098001269726288
-0.014518450598314516
-0.0002767681080980732
-0.014525224157276051
-0.01974037742295615
-0.002506066920698182
0.004898310107264997
-0.01360573196922915
0.022391118991094385
-0.010428096463897803
0.005643315125260966
0.003000138921541197
0.00431041450567511
-0.004022789270416703
0.014440599025256276
-0.015114572142677087
-0.013329291326053087
-0.012631142591479787
0.016736193055174247
0.0038741646230738085
-0.005277342561868238
-0.005080797365002378
-0.0308926478865995
-0.01360594124422014
0.021153611975544825
-0.013091547572723235
0.008406809677417276
-0.0023036505375861388
-0.014922906615825612
0.026076779878709586
0.0016903563422970259
0.004177995604758065
0.00943304885461316
-0.007759498818979818
-0.023481605058907853
-0.010919460481000096
0.004690901781456082
-0.0032572325770454744
0.02327195021254612
-0.011364264449324247
-0.005599774796813221
-0.005196915506204063
-0.0028227312112263448
0.004968356507782553
0.034193751477900935
-0.0005845017370232227
-0.009528076345717364
-0.021695695563584097
0.014494327111057479
0.00545973076381295
0.004749726092106471
-0.006994137676496559
-0.011727586880349344
-0.01217451217653398
0.023117216997831917
-0.0014373836529372169
0.008407237907885567
-0.0005301364816627763
-0.007308874459620826
0.014818545996012842
0.0030508255403921608
0.03554496854571896
0.012227078041843158
-0.014470307454453496
-0.011556527215738322
-0.0017126396462958265
-0.0013977819398938193
-0.007233861031055157
0.031644684029217884
-0.007503374091806309
-0.007301449963851509
-0.017597052068244648
-0.011438834105593411
-0.012200344306035475
0.029197991591572842
-0.0033224804953598448
-0.005110473206393582
-0.017178911905766356
0.020098058690349568
0.01035187715472226
0.0028696768198279415
0.0059491050035033275
-0.007818325330370753
-0.013205978700893645
0.02944974170216303
-0.001241742055701483
0.00567545410388519
0.002311195835995341
-0.0044858577068338495
-0.0020458474143782417
0.0006626439363352896
0.033399904462920384
0.01503727356679508
-0.0017740579362607739
-0.013834899286528712
0.005061708335399868
-0.0019617130290885045
-0.004158196174526147
0.03754329597664301
0.0027527834246216707
-0.011460546214512327
-0.005223769519154856
-0.001199257572492423
-0.0030427427569237483
0.017586395303822534
-0.015799546170948364
-0.01313202522149732
-0.008296615033544012
0.021358342144598825
0.0023269314805103563
0.008374822209837186
0.012060518481150114
0.004008644899045907
-0.016980698356877225
0.027373286805610447
0.008771111805875108
-0.011287524478190916
0.0031138540051002667
0.0009249190632054484
-0.021900817734520427
-0.011900632150220762
0.00874943193422524
0.012396696862948912
-0.0025939313386998215
-0.006524961024265933
0.001529499928949761
-0.007742514636732872
-0.0019274490671884542
0.023786633716325077
0.008759996560002235
-0.0017819684784534766
-0.017526578538871712
-0.002845779643189305
-0.003612273279314001
0.01554666561321117
-0.02456714390137775
-0.0237996745252852
-0.003296489843237751
0.013384291869331422
-0.012015542532081074
-0.008056736930561545
0.010054929251352382
0.0033439898952472608
-0.021286699132754806
0.01789212873254068
-0.003831619204177189
-0.02118060975080869
-0.00669758500580294
0.0043552151160616386
-0.01605464863134095
-0.003986568553585
-0.011740077719749494
0.00386231028456128
0.015064162850192814
-0.011370485554743947
-0.0038076276840892363
-0.0145206424458161
-0.019261352077158362
0.011047442746661149
0.025864380054819645
0.014406567120324431
-0.02019718439199777
0.0049098912195469895
0.010649056297146974
0.011964504546590083
-0.01560394947796066
-0.01351141003933472
-0.0006056074506786092
0.026048389693595898
-0.023579881195467535
-0.02760188369066322
0.014918185168144407
0.010523624107697999
-0.023433613920876926
0.006911498380072861
0.005884493710711928
-0.01984314381177477
-0.015148170873028199
0.009259206379294385
0.0032233022004568026
0.023579387350167572
-0.01917182751243434
0.0015077591273722417
0.0029217340105654206
0.0009892990299978617
0.00015335087797793527
-0.011953856065026254
-0.009954848505144519
-0.006700711114547995
0.019933237180691926
0.023660426353774078
-0.018722581303153362
-0.005491688790801274
0.01004479265590461
0.017619241348932894
-0.0012139682901566307
0.0012637901205245477
0.002698889676970431
0.016314462463091303
-0.012026146688984973
-0.022980784510669223
0.012643098363662042
0.01988930995813041
-0.015646982146598147
0.015905755633422298
0.0032986660785094208
-0.005134209266337542
-0.026231647956289773
-0.008336073130294868
0.018184800468670655
0.03135905636372331
0.004117295774225288
-0.005095348835375154
-0.007807945966022196
0.004933865654034643
0.008611027274334215
-0.002652721589926276
-0.018290180903034827
-0.015770680448166784
0.008013099276002838
0.030865294656212617
-0.028822716278344703
-0.008585295372016126
0.007970929145768179
0.0032821040596755797
0.0032047432796805365
0.012436211890795273
-0.0027422652994543175
0.01333308401039582
0.012936331970867097
-0.017574159187631767
0.016850551061207253
0.007470148083290172
-0.006191205099030386
0.012639744917419279
0.015882436255457395
0.01737307539903327
-0.01047299691197114
-0.02780675510679064
0.005520388035904961
0.019687247379721082
0.020078217493726968
0.012400798630985978
-0.007006192883592589
0.00949654797339847
0.00355763868225409
-0.004482058579450549
-0.016346331575565552
-0.015153435452053563
0.003074591739248905
0.016973018217506637
-0.010754378230558359
-0.024310563325908075
0.00031218611676977516
0.005030926175842866
0.0019000552016180455
0.010654234108340833
-0.009290539899792368
-0.011257429115507221
0.013127367011372574
0.00393105748756328
0.004210665558242694
-0.005068009846263401
-0.012592073448621711
0.004939891452232574
-0.001459659813558761
0.023406276522141972
-0.004018278010772134
-0.027898880715630632
-0.027521095604001972
-0.009778517768053184
0.02498308987969794
0.013730440925986732
0.0032456700687764012
0.002175109361974503
0.008383699345221256
0.009400287110786217
-0.000779639525405788
-0.005053716377281814
0.00021378477199505107
0.016439520411966137
-0.00996425173141564
-0.017600747409396277
0.004179939678317129
0.0007030927213725452
0.0015862279494197097
-0.004109329456137626
-0.01434923427019522
-0.021131527038443277
0.015149120557377351
0.0017266869597490154
0.010035503985949632
-0.00824920744576816
-0.016775785224895128
0.0008521091326998487
-0.0006271403732785803
0.015780695092596938
0.028360870418384136
-0.01977094087737027
-0.03161518642453259
-0.02071172757159021
-0.0027251750709874653
0.009934150520066194
0.009564153969114876
-0.007246377098513214
-0.014739430805508234
0.009483044692540665
-0.003656070908279718
-0.011599502155555667
0.014768099782618378
-0.0012244707067901625
0.007178970160309963
-0.001376119797604964
0.001835175315150257
0.009591002524199877
0.005486054026851557
0.0031518628337745486
-0.01024149953093707
-0.012112716650208855
-0.003907773665915077
0.006807865310605222
0.012286921576687638
0.0037370444473198436
-0.002358189421384606
0.0045083386637371214
-0.014479068817105343
0.021727585085185134
0.015831697636426636
0.013023876961262329
-0.027210152531973238
-0.017354166109598047
-0.009983728560317456
-0.001788594565109238
0.023771730056636776
-0.01910616321680527
-0.012880223054127414
0.012053625820588788
0.005792613227127741
-0.012935074665521193
0.01882181271048165
-0.017176701809011024
-0.01419758967085141
0.01712766919280536
0.013064421215754496
0.0009549225893568673
0.01715129924539088
-0.01589432638431257
0.005751985563085975
-0.006459466774814928
-0.005138483599878071
0.0005335085793043387
0.005496167016382395
0.005433496222913361
-0.003040069527047474
-0.013348459307053733
-0.004956991852771156
0.0005652066328849762
0.016789612933469138
0.010360321423535277
0.0024039400435023834
-0.010030936733933443
-0.004744528274836121
0.0042614911038647025
0.016151770280098135
-0.0319337327570596
-0.022908527372375434
0.03019691079711807
0.014833609907363998
-0.024646852189498587
0.022139944301736096
-0.023918040404728138
-0.02448419633272484
0.013391887145786967
-0.002073907716627394
0.021309981848485135
0.021458872443025252
-0.0025857088256547017
-0.002334325517303588
0.010462784690173582
-0.02703772832871476
-0.017210865519189773
-0.020123554407018625
0.0005640380833267576
0.012958317486644005
-0.023161750116581923
-0.023291204897877452
0.017006592137875344
-0.011818651425050411
0.0157641426070041
-0.010368976103034581
-0.009716815100550835
0.0009228100409216381
-0.003139834847288187
0.00914385019315014
-0.03553595913555604
-0.01568295223053221
0.018826861921745312
0.016330424833638335
-0.018390047778669476
0.04028254481349255
0.002221753203840452
-0.02913588917986555
-0.0040492614908092025
-0.01007254619314067
-0.0012199986024213707
0.02100591635745387
-0.0022933070333535153
0.021581327088522912
0.010519232589153722
-0.005691198250564243
-0.0014597533127016344
-0.014799761746202162
-0.0021481784767093297
0.011010178732930236
-0.023535327204022252
0.0024351718663625085
0.007072406785278578
-0.000540505177409225
0.01102925664787231
0.003627775110440344
-0.009924862631655597
0.0065722362343610926
0.01008381863158737
0.008552552337318862
-0.01802811168952665
-0.009937672156487021
0.010391433452709915
-7.910218690036731e-5
-0.013867577872194132
0.01233837194889202
0.01325159586550548
-0.014385439350738384
0.0010892817026593436
-0.021766660086094722
-0.001363691844000935
-0.006866683436775746
0.007063937979355216
0.015328645079568761
0.021456744472292788
-0.014234237399203471
0.008161448799366146
-0.0032418507653145566
0.004145322541833725
0.0048811462288155475
-0.017380362082679426
0.0050811145439174565
0.015932687117719398
-0.021040196068556713
0.004317883740609491
-0.004203255028776629
-0.004515016771629929
0.016246141538082813
0.0028106512086379753
0.008371983521865571
-0.013093628605294023
0.00503381705344651
0.010273589830599705
0.0014899896989462856
-0.004386675976801706
-0.0007054744552284467
0.01637611881239741
0.0004522605554408832
0.016509944188276126
-0.0024528791515398395
-0.022315723117808873
-0.02310307360766005
-0.0053725074644926435
0.027583917902379924
-0.0014611729157151111
-0.01232966359919773
8.052057532817485e-5
0.009350781442967603
-0.0045466554187444125
0.0004554341278321124
-0.017546999150561782
0.027836874684230916
0.013100533415541685
-0.011564135609606828
-0.0018521638682693759
0.0007495562611499408
-0.0083657092679606
0.014323963553530765
-0.00013075631999090356
0.004731254620667999
-0.013681849984240333
-0.0032742643043612908
0.018176543565029686
-0.00752233702380937
0.006012365514481227
-0.016121067636518247
0.007820783768383499
0.001969490791145024
0.027935934384542296
0.01023381961093793
-0.015948521478970204
-0.03106808404960365
0.007754512201678547
0.011152267794218313
0.008175895354733217
-0.009316392732524607
0.0004888845988634056
0.019731331426332314
0.011026539684141655
-0.007313715854283228
-0.016451245261278075
0.015414676394723555
0.016861364878285802
-0.010396391398031703
-0.0012508917093788361
-0.0046839492972171335
-0.01175205893206045
0.0027545329417484003
-0.00510896246805638
0.00809469453404243
-0.012737211268436356
0.005613222052555363
0.019204957141129925
-0.019412868732428392
-0.014583035949211572
-0.02325300549893607
0.01702829306919973
-0.0007900166275643418
0.02550499133230088
0.010931197143177895
-0.014103960692828441
-0.015023950859748798
0.010859470897469798
-0.001149672715059945
-0.010990529043377268
-0.00011815898233679583
-0.010895092602489987
0.019405166634049505
0.0003558144061565087
0.00575899193732989
-0.015608903042156801
0.01908017350639381
0.005932373898705372
-0.019409257277118896
-0.0019692788032323345
0.005319712022622245
-0.0018022528106978685
-0.00875700160344375
-0.02020302359620044
0.007298630173400303
-0.004081277334319957
0.009724019856286317
0.040844418813284246
-0.0171415012478293
-0.018669539138359018
-0.014813594141938323
0.011186372774953181
-0.0059508093838412865
0.012999538491993909
0.026483187232806422
-0.012344893261817766
-0.00650911348803436
0.014312286734808886
-0.0025925695518223407
-0.01242561114917429
0.005518858314696044
-0.001507065526027003
0.0015380238137954398
-0.010523777636467316
-0.002380812234816241
-0.009039900693077842
0.01771057695690466
0.016394860040566898
-0.020806858325177917
0.009464386096412446
0.021526594191306866
0.017644796676252773
-0.008951157351702037
-0.012911895942722613
0.009195249349116547
-0.009342101808690217
-0.002868992648249641
0.028730654091855917
-0.008413832219806659
-0.013286176001574201
-0.02557266791818436
0.022603647866532846
-0.011701515802737103
0.005646435444293424
0.014288640136016047
-0.004362386871241075
-0.007389940773117068
0.01732492943283369
-0.004493680436513798
-0.016258598971668644
0.010079965462894134
-0.0010681853783626348
-0.002438377248723881
-0.005835788111405725
-0.0007464588829364095
-0.02124166276236787
0.010659775109004826
0.007697604117176694
-0.02035415019152831
0.007359632446546177
0.0312636253037912
0.012774644124982554
-0.0045870233902039455
-0.010423151578731608
0.022490913163662387
-0.0045094819744569935
0.0006422105378358065
0.015028828992090378
0.015644429851125328
-0.024901623303866714
-0.01687281839794448
0.000774829003874343
0.0007561672894332329
-0.0034419210236299024
0.01550471342693709
-0.005095944482054996
-0.012144128029894261
0.0021300875042466966
-0.0014914292666321164
-0.001176782042841515
0.00665930631626569
0.005121212354665647
0.004676389808677231
0.003636172257039846
0.004924318987462718
-0.022205050210411408
-0.0017919299239787137
0.009651270197774694
-0.010813725512738959
2.3964878058305226e-5
0.009801995403661307
0.005725142301673101
-0.023157817963710553
-0.0001865791752719277
0.02201171319034426
0.0066405284969354005
-0.0008504347553320883
0.020666120608453378
0.01962540562672975
0.018742655256124115
-0.014608178451365908
0.006407829920235943
0.009296142050515504
0.004069231943969999
0.01182615971288033
0.01257102511963742
0.007943947727570897
-0.006085141079070759
-0.01687140796698615
-0.004542204257210163
0.009682459293363692
-4.515016738424675e-5
0.008932479197242393
0.0002946538766308614
0.0028799042422680615
-0.019271347549979483
0.0010843330698297115
0.007163727922832209
-0.00037280805121799846
-0.00400510999250443
-0.0074188849849868045
0.008296491330521415
-0.019573057189346373
-0.005135035054963457
0.022735780963370426
-0.005064685355839928
-0.011897028843209211
-0.000820056683517614
0.030549149309625497
0.0019081195297336578
-0.003250295941288949
-0.006944427574936194
0.0009623499656295522
-0.01775747338826954
-0.013354747763012386
0.007350104538701071
0.01977413009556935
0.008697980023478989
-0.011671961869589966
0.004693601155906635
-0.0021045032202364387
0.010944793893487232
0.007365297911636293
-0.016405386227107327
0.004397557314876502
-0.005638315588259362
0.005476071295470093
0.0012760898067353788
-0.006035355800121919
-0.002382740259482005
-0.00644714236601082
0.012903095620415644
-0.01379942383750844
0.006627272969376552
0.008192514982291746
-0.015128437733317292
-0.03762656758319348
0.00010227721648254761
0.01214637584224039
0.0046731534593416856
-0.001879839318298752
0.006049669532340426
0.012514869122259775
-0.0010259788790624585
-0.01124161412970957
-0.010172364404024352
0.012283508218553969
0.014660042633882268
0.004568542652580011
-0.002438445286435861
0.004992815614397622
0.007375428122424206
0.02136280299335382
-0.017875009772922768
-0.0035565738695195245
-0.00242892222871347
0.004920047190906612
-0.009833076843182938
-0.010646254315848215
0.007518227996041866
0.014055707725034994
-0.0001443902075525666
0.0014963254812704982
0.005508200065986926
0.0058967222682062585
-0.008658625889040499
-0.03331007148161411
-0.013223659598369917
0.009826107326232039
-0.0028006180911607777
0.0011297684460962391
0.0015587050714484546
0.0019153237331880485
0.0053057617545910415
0.004998368830099078
-0.01130818191796702
-0.009818645480387252
-0.0004697209342544367
-0.007257960384353465
0.0008607783247578599
-0.0009382916403869075
0.008160264054126499
0.022821153604003826
-0.003989208550376506
0.026933608954227344
0.009556164637752152
0.0045473131876477505
-0.011594622938628733
-0.02136037529481597
0.012512049862717443
0.006198444936088522
-0.011452572690315405
-0.008510675348835393
0.01821910595577118
0.011599683925170658
0.016616167654793002
-0.01447617837352424
-0.0026951620421223213
0.003301003826663828
-0.004638890614352084
0.0013521280339519727
0.001787561859422427
-0.006787600512594847
0.010993546105395864
0.01864021757735143
-0.0035248527457633614
-0.01156903950949109
-0.011880136183560305
-0.008998183411128348
-0.023656079675397228
0.01732943536186878
-0.012996586273503924
0.007174465455753749
-0.0021793926670244973
0.017323087305434227
0.0013546672716540414
0.006050938062743557
-0.01231866380740347
-0.0025858435369997303
0.020898371057371495
-0.0019443809634869299
-0.022724001953756352
5.32131673005642e-5
0.004666616968772377
0.0026867991088595665
0.021491311445029897
0.0050365774913699365
-0.00152641930261389
-0.003331798896981337
-0.0063150504618451056
-0.00015376132176299036
-0.004827430463016141
-0.008188667754567922
0.015390196201743866
0.03375261327567139
0.011218748575218946
0.0024440456804873984
0.007599287449373647
-0.01599009313813238
-0.015914763963321588
0.015855881169859646
-0.02169967040686479
-0.002044248070619037
-0.003919743144178997
0.014795745564636786
-0.006466622136941975
0.0031335342969495937
0.0048602447972646914
0.007236044210928014
0.0241633808076063
4.091985531614727e-5
-0.0003984376010189635
-0.011995633398623362
0.0024510913800449047
-0.01248402406134256
0.013009846191418237
0.011168350271023265
0.010925905503537356
-0.004254129101336687
-0.017860156758463263
-0.010702557773454191
-0.023566509245382068
-0.02275191326712225
0.008470629384224028
0.014455882333665527
0.0004034385594096318
-0.009680754348394263
0.01872620311580753
0.013209091013729605
-0.008383594989371808
0.03693067074359504
-0.027204414766908193
-0.004125851111648595
0.0022664865148020142
0.01561859393929784
-0.008464850720563334
-0.0013868790318331018
-0.0020359015653712634
0.004149801416055173
0.0034907178317578253
0.0020178128306576914
0.0021480544239343806
-0.004914995067611505
-0.002670105584789679
-0.019196961499891984
0.0007247704931255276
0.012075466596028707
0.010076343122990324
0.0020601654022995948
0.010152059073309579
-0.004057294761598616
-0.0129661759169576
-0.01660905010698809
0.0015819642960713176
-0.0017174860171052515
-0.013532301836562406
-0.012320637074566914
0.014065235904800162
0.01542563971670935
0.0063258771087130765
0.014640504680478412
-0.022017681029425643
-0.011393521752467897
-0.005898234546032524
0.018845419904449955
0.007202365084851077
-0.013289016748580568
0.003157707154095403
-0.0014606440746002202
-0.016619064708394842
0.010648007835581418
0.0029764520082238718
0.00296266804670644
0.0031176004807559753
0.003043717681575568
0.0030685652000321324
0.0026294293028892727
0.002674385614280631
0.0025919166051890964
0.002362432414124413
0.0024044411923636005
0.002807521150169773
0.00247855951333976
0.0026928416764592034
0.002658431935119711
0.002623142572581204
0.0038338566977796948
0.00454868661627306
0.005872603349877698
0.007694270597771207
0.008396439585089406
0.005894074230693684
0.00493895404272273
0.003211464831615965
0.0032134328341798285
0.0033211839505291165
0.0027430906567923016
0.002736611279348455
0.0027331487423150856
0.0027129307559339393
0.003099195807637796
0.002739056688984495
0.002810934252546731
0.0030287218702711514
0.0027994826154133555
0.002686024392649134
0.002595818683608214
0.003170572479052011
0.00273842822508965
0.0027766320996927005
0.0027000325062655176
0.0029349105920785045
0.0023965145092480137
0.0027026616756143976
0.002502225155485364
0.002644116947388775
0.004303465981370375
0.006261192415400999
0.009043509820878249
0.013656836593386469
0.017445628614504737
0.008117886088823245
0.004670187566992221
0.0036799642031108025
0.0025782636506918115
0.0029888697847456147
0.0031849434568097025
0.003118074047637201
0.0025685076837662787
0.0025686349541114606
0.003079687130553852
0.0029242360735172034
0.0028218714065491057
0.0025737378653926104
0.002962100846516011
0.0025424189527684213
0.0027623542532618246
0.0029450109602688086
0.002761543122991603
0.0025516774251885814
0.0024806484502974705
0.002603182283108637
0.002651544469953083
0.0027692946374177183
0.0026342498553578353
0.0036723641432189016
0.004983882528747928
0.007111511142083901
0.013427424162593026
0.02638023536805165
0.07650344037276641
0.017076619977911104
0.0017261194907447546
0.0020352638012463287
0.002475499478770288
0.00278724758463791
0.002772634320392547
0.002836338183475215
0.0026544034896472083
0.0027891608032765275
0.002932886807591229
0.002752391293788227
0.0026620667187973275
0.002882495103549335
0.00303911990060928
0.002873681350238609
0.002996937918100072
0.0028684119003500133
0.0026416152697386007
0.0025865093585884344
0.0024041662513207343
0.002846520750157626
0.0024855097185733812
0.002616857680406599
0.0026070804985779306
0.0033262376030014982
0.004939749292268131
0.00880095731695885
0.01613370631328285
0.043124382806617526
-1.7052554287735193
1.0860879839161255
-0.0036202266160224473
-0.000665460179386285
0.0012019155705425945
0.0025127460737694213
0.0026052379897685456
0.003175635364067116
0.0028297918622235954
0.0025111031916047154
0.0024997424712990953
0.002670245045990039
0.0025509748170500853
0.0025889169035829412
0.0029802638506408853
0.0025814470120202903
0.0030231711666346213
0.0033264893345745
0.0031315392255698393
0.0029063126599381513
0.0026182733874403636
0.0025819753496895675
0.002969591613843587
0.0027595844863294162
0.0027076607386475287
0.0034900713886070888
0.004457694691533608
0.005725328323154002
0.009190193877159346
0.0072230124533071635
-1.9190194303661654
-0.05467357308048666
-0.0075911022249746316
-0.0034652283001399384
0.0005631722548330466
0.002311905440464835
0.0025153181857693664
0.002707190430157469
0.002602208186411995
0.002521938187003928
0.002511516907925421
0.0025245511927698564
0.0029132235961650084
0.0029790672182077728
0.002494598087278606
0.0024582324847939683
0.002762882852742612
0.0031420790143148816
0.0030788818960079153
0.0029656413969474985
0.003101518929823636
0.0025753261614728834
0.002803374077686353
0.0027419765013248767
0.0028452350358977056
0.0028234706841465044
0.004068414580191697
0.004560716171018198
0.003765008321119225
0.0005713237913642535
-0.011508438604216019
-0.011403785240063002
-0.007922959253717301
-0.0011680569168566572
0.0008925714232598392
0.0024494809766225107
0.0026416384868999244
0.002939738436311077
0.0028109348424199027
0.0027701626564862907
0.0027109135486607823
0.0027721555747312458
0.002763467010387306
0.0028352028344331387
0.002783777968612675
0.003248398457759363
0.003727908749787307
0.0029394549916765965
0.0029614003760232536
0.0030231092284944317
0.0029708301819551227
0.002600254300568821
0.0027792394310414918
0.0025064834211361918
0.003004271923006713
0.002739730544030726
0.0036270102382829883
0.0037478237901223494
0.00290157390595826
0.0008635711468450498
-0.005941262861328437
-0.005337499210150758
-0.0019729105172309187
-0.00028263216319386657
0.0016417502061303619
0.002138076262659718
0.002478786078821426
0.0029587233599938575
0.003143656643628072
0.0026433096943881858
0.0031030670947889694
0.0030051280360435012
0.0029286617092340117
0.0031036515963883023
0.0028475436435736034
0.002769875890666643
0.002889836748110393
0.003191931807247451
0.003096035183883403
0.0031187869523368232
0.0029297299455087306
0.0024861316976884282
0.0025321500680226447
0.002784508225519258
0.0026675749615814497
0.003147783956787903
0.002971641788911763
0.00289855469063196
0.0023717513440936447
0.0016322700085253407
-0.0003551968149389508
-0.00039734767628629047
0.0001574955134819529
0.0009164133937853839
0.002190445238693482
0.0024749228060565787
0.0027560644519505637
0.002995866876134531
0.0026173946229984136
0.0026157193457658607
0.00291092307683554
0.0029933226750004332
0.0029269229160532777
0.003230590416041205
0.002768152624823452
0.0028605075153328298
0.0027115776610310612
0.002918195776468368
0.00309124325161543
0.0030300320984211894
0.002823002079653963
0.002545676200126409
0.002560153792262981
0.0021030439356088055
0.0028820585178239906
0.003155371660249995
0.0029640414490440335
0.002719989455522296
0.0027744747981311986
0.001797280914073057
0.0018911805362291044
0.0015797770152576795
0.0018769337808457788
0.002093455595192889
0.002141324565260384
0.0027971163059474355
0.0028283811249613143
0.0025917352481696476
0.002282757531091034
0.002895700042528479
0.0026122057764636822
0.0028103875512084596
0.0028962287490876463
0.0028183697748627085
0.002839369162802976
0.002779423676158441
0.0026486569760873825
0.0027179324524166048
0.003068465834205712
0.002781909091318072
0.003058595980387142
0.0023176985707382505
0.0025733510342049026
0.0025672241845043444
0.0028383924234787533
0.002767034635531122
0.0025953265311988104
0.0029025719928501203
0.0030732058722702333
0.0029962695349495722
0.0028438901386425124
0.0029173128112722738
0.002314058976566895
0.0023263831699192254
0.002480756262479441
0.0028651063585821675
0.002875452361921643
0.002620790086683731
0.0029439804423422537
0.0028198755666854463
0.00297312394054921
0.003116511009679833
0.0031223156940983266
0.0025981598575303606
0.0027608174811470823
0.00285443328202457
0.00275245768795664
0.002773546227925854
0.002518854713110754
0.002800960198708171
0.00284877751099025
0.002548784899049497
0.002283232105408047
0.002674440865629097
0.002187353480117429
0.0030252388033136127
0.0029864275654231704
0.003128491925163077
0.0031489408141390438
0.0034100436818597342
0.0032153202710066115
0.0030193695582366167
0.0030109905632509184
0.002870499013100522
0.0032240960626300683
0.002605375952142035
0.0027308864781065817
0.002715230635489284
0.002937223218235226
0.0030141830260139563
0.0030080245941041433
0.002970483796917012
0.0030712634958053237
0.002652537170579639
0.0031855205765893347
0.0027150479650576453
0.0029604597275502873
0.0028211160252588287
0.0025156336455896514
0.00292250186418628
0.0025227193464686915
0.002578511384057016
0.0024466389520591166
0.0027411795321880842
0.0025284320284382107
0.0029169083811513875
0.0032305962986014297
0.0027296120550523557
0.0029198204671761125
0.0029004113450850624
0.003114264634827803
0.0027055489959848145
0.0028208588748044206
0.0028139986604115578
0.0030204958756024874
0.0027865173637360353
0.002566688298692653
0.0028275235582664194
0.0027439505237588755
0.002781475130753101
0.00287375348733539
0.003121305675269136
0.0032878516973673653
0.002890362474660197
0.0032450412742721633
0.0024332653014223155
0.0024316998949581734
0.002565974876959345
0.0025962784242405433
0.002707535130486827
0.0025924734863606008
0.002061730325704252
0.0024976937302446586
0.0025271147028758825
0.0030945259207254003
0.002598012578078339
0.0029470399620063962
0.0029763935943221383
0.003117919014285278
0.0030713479951211776
0.002880651669850504
0.0026497700026431635
0.002415246736898858
0.0028947660321966603
0.0027576672141290497
0.0030923505393145594
0.0030175252149174828
0.0024420643120758394
0.0031316507857550523
0.0030572516480727014
0.003146902263248677
0.002610984641778868
0.0031423290117014524
0.0027770850723973506
0.0030527428889711417
0.0026566790625297434
0.0025030736258045768
0.0027656510349092296
0.0025245779128914413
0.0024938577819706557
0.002730433415778786
0.0026680640612508186
0.0027346465113265756
0.002480244707222108
0.0027611381662047425
0.0028638766979718296
0.003020328827477187
0.003000825505904304
0.003086861646982348
0.002814609766414231
0.0032588284167078675
0.0030189880901698974
0.002583911356458923
0.0024874202590398227
0.0024779291962583904
0.0023808363424636584
0.0026326085061712757
0.0021924697507802442
0.002507619444713839
0.0029309895801923032
0.0025949613222855214
0.00264565054717586
0.0028871801779039104
0.00296559596834248
0.0029704867159786375
0.0029305105213823924
0.0027983914712279624
0.0025824644149416
0.0031052177481212073
0.0028858492483780783
0.002549196535336129
0.002461966077162605
0.0030180945994623294
0.002968651789301428
0.0024145222321630797
0.0028524253117583813
0.0033518497381106135
0.0031233979915949103
0.003044922308629171
0.002645389307877196
0.0029266687183475207
0.0026756894030702597
0.002855134647573919
0.00254196559514538
0.0022642754074123236
0.002184673689067055
0.00268972892928657
0.002514366005977277
0.0025638344902391913
0.002534438898138322
0.0027426242361812043
0.0032343707142943406
0.0029067070426408506
0.0025449474279637943
0.0024669074840863343
0.0029059564440698637
0.0028885457967059015
0.002466504107596168
0.0026442184216276207
0.0030350320781818993
0.0029934262237908895
0.0028980565464448447
0.00290096029529773
0.0027863209665011765
0.002354908082652051
0.0028644353972063054
0.0025529520804555396
0.002715891170820313
0.002902206623336634
0.0030196903684745605
0.002697328902167437
0.0027481866858404176
0.0025693255231551224
0.0025887387927326796
0.0027654850249354303
0.0029195784666555037
0.002772424566169366
0.0027228836803308383
0.0028118366011763104
0.0029847427092072726
0.0031807269054361003
0.003027489448751241
0.0029348753870891073
0.0031640610962168254
0.0028747587917145423
0.003189637051147743
0.0028657685217443937
0.0025492415226681495
0.002495645075308608
0.0026345066884731036
0.003125492013070264
0.0030858732245303945
0.002824121333076106
0.002569492482050974
0.0025216282459023394
0.002401002561450051
0.002516937490787436
0.0028290403168187406
0.003035218252185778
0.002935489906302983
0.002994091870310282
0.002965036128951031
0.0027386043512384346
0.002794928083993837
0.0026104365379341302
0.0027880631364887295
0.00252750307753913
0.0025551440508381085
0.0028346357732923003
0.0029388705262997994
0.0028027516719710517
0.002736928819024041
0.002828174408828285
0.003066533052488659
0.003286703678365006
0.0036065474439385035
0.00320412204843179
0.002817467228410223
0.002833276289897218
0.002635109030436318
0.0026624755498724376
0.0025434714895438294
0.0028356671356643366
0.0026920882251338387
0.002892800889579957
0.0025792025910800222
0.0026987871379355304
0.00276817215773623
0.002739512429394602
0.002854738813199919
0.0027484117783073817
0.0028931436631397566
0.002660882723742909
0.0030112555867798166
0.0025588224609242967
0.002876477686702611
0.0025797091148536924
0.0026678469771653206
0.0032114847294473867
0.0029631928666218263
0.0026748394650729073
0.002289583985502811
0.002282390024094266
0.0025726433100753416
0.003363667887478946
0.0034724357392852965
0.002906952652657034
0.0026824380939214514
0.0026237280196788125
0.0028364524328908917
0.0025854650344690135
0.002769631645689454
0.0029143664171285017
0.00247250428828954
0.0027590788107028615
0.0024659404500366458
0.0026188345565380635
0.0027951428526454126
0.0028341060431825126
0.0028592563674832375
0.002955735956139697
0.0032627152814318464
0.002971843255994445
0.0027755640751644444
0.002741078978917583
0.002896911943439003
0.002894554210482621
0.002856194914322385
0.0032339849928052842
0.0026229802192444655
0.0026061134663213337
0.0030191908888243047
0.0026092411162389555
0.002715416869138528
0.0029990946714161322
0.003005579449665041
0.0027262723856040674
0.0026593823002181985
0.003100002965959014
0.0027643455149854073
0.002751504892743055
0.0025837516943117765
0.002675520088404538
0.0025307718992416176
0.002924383412272453
0.002840275519899925
0.002965225098657867
0.003054718098621996
0.0029847145126677237
0.003016723099152239
0.0031854835598025583
0.003031803247092486
0.003153988515023317
0.0027630802645246828
0.002805768345106132
0.002949138997367931
0.002803814778843261
0.003050139056057673
0.003201300374446987
0.0028330442699837015
0.0026891966710789706
0.0031832761971696973
0.0023660145769049414
0.002663619888270799
0.0028571355577905735
0.0029849252886596546
0.003135760315572733
0.0026686538703166135
0.0031652002529617973
0.003036294149071977
0.0028864763246722056
0.0026029249208673983
0.002497477457027859
0.002541281362133463
0.002662460049170016
0.002979420400457735
0.0027241635868294487
0.002858127425120532
0.002814278804309949
0.003025704034628705
0.0027483504293848438
0.002867617229978488
0.0031015802616722187
0.0029097651308481573
0.0027346826363161968
0.00277745691068334
0.0025383997197440836
0.0026647022537697085
0.00277883955566404
0.0031190966253165286
0.003121991715734523
0.003212376341480055
0.0027382928370093423
0.0028434370431600123
0.002942228491758989
0.0030491631077020375
0.0031842940678167685
0.0031461272704361204
0.0028268194099798326
0.0024136964946234875
0.0026151839095125773
0.0029141231646515847
0.0028559337334265987
0.00251303382852241
0.002820575001726665
0.002870466213081474
0.0028865503943511905
0.003166800909526481
0.0028819124349551257
0.0030102915368552465
0.0029423575338756607
0.0031154309632262975
0.0028858656918494714
0.0028182368429684576
0.002419664200245977
0.0027665965370078987
0.0026251896402531517
0.0026401247311814416
0.0031643196424117784
0.0028226439791612812
0.0033173580983861016
0.0030164422702585927
0.002829628299349718
0.0028262081859187957
0.0028634172660772015
0.00288808006756651
0.0029478311292575007
0.0029052250861721
0.0027541107541502246
0.002783786197128175
0.00303393230477502
0.00309149715756256
0.0032987166203805843
0.0028495352482104607
0.002819504079954464
0.0029515362254491427
0.0029757196049984085
0.0029447871107725
0.0028841845190680673
0.0028894565679874217
0.0032386371533469375
0.003130478826207042
0.002924278964765514
0.002587476417059849
0.0023485661685682265
0.0026494173217474107
0.0025984579660800955
0.0025384512493729096
0.0033691619564117695
0.0030398384332948046
0.003348653453758622
0.002854627416917036
0.002932593181926686
0.0027602884848557897
0.0024493658633350747
0.002915077463304188
0.0032453778165700145
0.0030466074972306614
0.003066779479553799
0.0032703136002448442
0.0031704615920541595
0.0032995593414317267
0.0032858288426185402
0.0026975902905220193
0.0028789143775011326
0.0030758106836116616
0.00261054313319315
0.002850181416592345
0.002761142812665428
0.0027439491444618287
0.0030150782210751964
0.0027468115896253746
0.0022519357284545164
0.002569259794133758
0.002453692630139303
0.0027301591552548626
0.00259935451418361
0.0027848599977429887
0.002817851020821882
0.003039546633199407
0.0031591599234818074
0.002640698517966266
0.0028028980217245365
0.0030285527801251684
0.0028238410699911857
0.0030648874764229615
0.003162449704871509
0.002515040343600758
0.0030848900992381106
0.002799500436829631
0.0032565407571031194
0.0032979383308806504
0.0029469224645141067
0.002621582236160834
0.0027003135112273285
0.0028546002969228206
0.0026176367138960703
0.00277840308533881
0.0029580269749057754
0.003153993988197562
0.002931532543612754
0.003081883796649222
0.0024437649108310635
0.0025591330417644715
0.002479223224780224
0.002813913944746296
0.0027164952813970287
0.0025980797215537192
0.0029410395597897643
0.0031344687195955794
0.0028853781096780627
0.0029377103559746548
0.003203169272108725
0.003371698492372226
0.0028931244292805633
0.002727152417096025
0.002417926014991231
0.002554699840561311
0.0026395551358643385
0.002195702230266405
0.00268907850264247
0.0031187556570697137
0.002958308177766448
0.002964095184681091
0.002426882860626034
0.0028187039325078553
0.0025964649650177685
0.0023286437149938532
0.0026648182471900356
0.0028442989599657066
0.002527750824631976
0.002658152643508393
0.0023748484924545807
0.0027689764984354538
0.0026370658240568987
0.0028696250679694398
0.0026565981824838098
0.002939962714669268
0.002805653704498519
0.00288874218543214
0.0025095091787499333
0.0029762715024570954
0.002591135764097482
0.0031505771317223777
0.0029627336958167683
0.0031484156059487867
0.0025130162805458655
0.0030163538297787616
0.002628654617807614
0.0025082513584147636
0.002809740784835441
0.003042129579230323
0.0032324485932497624
0.003039087383165067
0.0026812399713479567
0.0028757631356994312
0.002770876500250895
0.0030211438488188845
0.0026137589257575486
0.0029023393374638298
0.0032839094034335533
0.003207514333368623
0.0028566110246655146
0.002627653408780148
0.0026871292123360905
0.002895676958367561
0.002841688024306746
0.002693026962953262
0.0028382979163089905
0.0029133236791585556
0.0027560925041660725
0.0032230759240034984
0.0031523062873150738
0.003382102161572035
0.0031693739227963962
0.002881837802556528
0.002867452264600505
0.0029751976826466616
0.0026320503095366454
0.002677223257626779
0.002732382526935515
0.0028275688597203157
0.0028777790369291533
0.0026026561593345413
0.002706332087696523
0.0028352655651271313
0.002684641541641483
0.0031025827208670865
0.003333313019091179
0.003306570338182887
0.00371386750212414
0.0034577698440264935
0.003264190973624857
0.0031032184993489906
0.0035289247258775886
0.0027298261240463655
0.0031913765605648785
0.00283140941537646
0.0032955394987305747
0.003351568099915055
0.0029885863281039465
0.0029483380157213023
0.0030087600994015006
0.0032499854645512533
0.0031107132775398216
0.0031545049428961455
0.0030717719030371312
0.0030810494111269964
0.002744622608062337
0.002580857103597607
0.0021854443447090395
0.0025030576461393824
0.0027816611098976096
0.003019869398003251
0.002568546345361967
0.0025533177303266865
0.0025414047186993567
0.003057335299701453
0.003408505118093128
0.0036331276530882197
0.00402039437507952
0.0037219264610949604
0.0033976857959583
0.003409803560286469
0.0031098691940273427
0.003015649377645535
0.003078194863935643
0.0029667407465490676
0.0030587490828268924
0.0029651739365460566
0.0030853706594962914
0.0027248107627357017
0.003036725435673569
0.0030778552532424925
0.002867151840763952
0.0031977427926151436
0.0029746815836327913
0.002724223137290551
0.002789947394715229
0.002557973842645485
0.0023989005662684213
0.0030334918240302535
0.003060403820020069
0.0029038483695880296
0.0028265834437235476
0.0030180206025584404
0.0031075503387638747
0.0035388828326815736
0.0045782334393738066
0.005032459557139325
0.0050360867105992335
0.004410239478742819
0.003745243033972596
0.003214780731980677
0.003487940433386581
0.0031814745565316876
0.0030115180104992537
0.0031381981365018324
0.002789712594071457
0.0029227411985748527
0.002751362747242868
0.017592376149878745
-0.0008239361788964328
-0.012160380520745584
-0.01214046032689442
0.004808111457333808
0.013316232451856617
-0.011248264388717259
0.02358230721389304
0.006448519173520599
-0.02647396884714687
0.0003311432282750654
-0.012270343276304527
0.005702419100436728
-0.014665646339454413
-0.006789436247035419
0.007741313959298516
0.018512299494742198
0.0048701982164810875
-0.010772116988923079
-0.0060018262769579315
-0.0031468438498693666
0.012094495232518394
0.013760352099902267
0.0020047843078333837
-0.036046154767054736
-0.030456727010364476
0.008259601098378477
0.008498070662136379
-0.010220800775290407
0.0017798843821777658
0.02086134058797559
0.0043585358995437565
-0.009338546972932484
-0.015884152316467223
0.000885866123957493
0.00198635771883968
-0.018614677514836288
0.00933518963010927
0.018653581274945107
-0.01613007430683882
0.012912487684136727
0.007865970515089235
0.0025436344894346607
0.01476541026041768
-0.01678270055455743
0.010635816536875137
0.02757825979833292
0.00662349206624775
-0.0037517986515596467
0.00043880709318691114
-0.0060730140762679805
0.008231299537698179
0.009797521426382865
0.021636648977520927
-0.007623196551355016
-0.03369031248818075
-0.007607597978478568
0.0035924302435320337
-0.021800990463691914
-0.012806398116839065
0.007997727573186526
0.0016360546115974407
-0.009212907504053087
0.0021116828661337734
0.004504738244210646
0.007793502914413
-0.011220061684814491
-0.00027673052791790057
0.007381696947217799
-0.02693818274646176
0.009130551936972578
0.013227367858313074
0.011600920131839918
-0.0023368303669276014
-0.005729239052662616
-0.019366690584887623
0.02743353240095595
0.014807256186903891
-0.011788364805494838
-0.003382791742173087
-0.013767390341237879
0.007308009119378985
-0.006492552894146316
0.028802652350816995
0.006805573282654877
-0.011885369569001783
-0.004893967955937131
0.008105392233511328
-0.0017071463713761407
-0.012346982978170858
0.004052814833243004
-0.002856032244813237
-0.002852877180916109
0.006784228631614299
0.003454675273793854
-0.009153311698282327
0.00999308583873369
0.006323286767109141
-0.0010696577102664018
-0.023912081653483207
-0.008540468508785596
0.01529984467338267
-0.008105804814367016
0.010823289360632905
-0.020225316134339453
-0.017939478741070946
0.010202143905945074
0.021620135579260347
-0.003246099725746906
0.0016476219124467828
-0.007245688446260931
0.0051904957934293065
-0.019934629431935438
-0.0007398476849134823
0.015552517503723627
0.0007384369314661255
-0.004999006735867423
0.018399384393488934
-0.0030009515232587835
-0.008348792960633055
0.009982078621159265
-0.0027760665187573676
0.008500736443029993
0.017207036044730825
-0.016456766516239188
-0.012720103440892435
0.02301796741528692
0.011302986709160568
0.006358147586520204
-0.011087926618880075
-0.0030205998150224685
0.007801506257264106
-0.0016722340102482353
-0.007315738938744886
0.0030038116221402676
-0.024435794174170557
0.004019853719149418
0.02776944847454195
0.0014387096072974396
0.0010462585445378452
-0.02239677238249473
0.010557977044352332
-0.027296202841213146
-0.002661041654507264
-0.003358563788950367
0.0025749196582936667
-0.00646834891323993
0.002504774997260671
0.0001261849532828118
-0.0060416720713136335
-0.012460515048642503
-0.011443298369554294
0.02564142621689601
0.008218172524625082
-0.013844718102832946
-0.020703375471017346
0.021683305883051684
-0.0025609836992734215
-0.004858399472647304
0.012765677701086336
-0.002630087782175633
0.005387827913449409
-0.01234294762712446
0.0003086864521341416
0.006198184917777261
-0.001688509807202661
-0.022722567853642336
0.00497623167430175
-0.0012996945202308587
0.009889087103496938
-0.0026989133131321086
0.015708334868185778
-0.0051030662526340646
-0.00440477991107104
-0.010292391670758532
-0.005506281880355297
0.0009277960638948198
0.005212856700697233
-0.01196691757276714
-0.004943641141150797
-0.012143542870846478
-0.027844666137879878
0.023059867608955686
0.014478095496591119
-0.023805026318448146
-0.007305740324956161
0.01382650253763915
-0.01932875238264998
-0.021386277583090765
0.007763081510972807
0.00182866903095862
-0.008927219738570032
-0.0026713271664413184
0.007730764834598544
0.028146094846198465
0.00654177465218819
-0.016507785447667137
0.006125837514086339
0.007882753963380697
0.004082753547634731
-0.021593278776891454
0.0237036209579633
-0.0042700132738329195
0.012932265926259918
-0.013912632416115792
-0.011422777801193095
0.01496337374085175
-0.00023401257862498432
0.011270674715595104
0.007676203358346671
-0.018353615846345483
-0.04032198047386605
0.020916089981391748
0.007929488416358802
-0.013722397078910414
0.0092484884009422
0.03084884743024663
-0.014105923704291735
-0.024779314438931412
0.009404904691979276
0.008313626933031367
-0.01774551648185168
-0.0067149605938292365
0.0030622441176413515
0.016421783260702795
0.01690544988347318
-0.025808277907167686
-0.0010337626079685944
-0.0003841817405567344
-0.011613060564994117
-0.00898207087076428
0.009535565447777852
0.006995892981010883
0.005863721280931946
-0.010302401585501875
-0.020502353567511428
0.012180898507114492
-0.006075133396063119
0.01234080528113567
0.01429493947650957
0.019019670489114945
-0.007768440075362602
0.005780668965222623
-0.004835532122820672
-0.02284969329877571
0.013600199841137722
0.025630270465507914
-0.011654259587137405
-0.019400770532307664
0.002539225771111814
0.003953157389302745
-0.021216713296727245
0.004915705285885962
-0.007541365551961484
0.006222063214856208
0.01366372076777483
-0.010453178249431134
0.0015901379255246276
-0.007395367791309372
-0.010864160948059597
-0.016654974141062023
0.028543462607992058
0.0012997658418958161
0.013025249034709072
-0.004150911614328692
-0.013322159027960157
0.001255565455655466
-0.02701655201858061
0.004064572569730625
0.015288030717763575
0.004067838862295877
-0.0008432115172566494
0.02316293743640731
-0.010786585834322356
-0.004227120295117661
0.013601624076207759
0.010372917608176786
-0.007728791549659768
0.0018277460317473381
0.0006237851985353162
0.0013611248128475115
-0.011623458166385568
0.004764498274197406
-0.01189245128855675
-0.01022249563201962
0.014705181343312033
0.0025157243891790657
0.01250623404201352
-0.009284211480800879
-0.011271348652067503
-0.0002806505949617855
0.015505933224536698
-0.003621787572897772
-0.0021206028672780073
0.009432830521911078
0.0027131684970710464
-0.0016947591771109415
-0.022866897184201134
0.003072605633359894
-0.007301875385007515
-0.0007801565830785149
-0.0010132679450212461
0.00246987122821114
-0.027984659192759005
-0.016124938197901992
0.006066921296676599
0.007437098923110685
0.005965364178130368
0.01391646842022342
0.000420497836472367
0.007716595204779113
-0.0024278780055855776
-0.0011335078024343095
-0.013878812569131488
-0.013400781871739618
0.0011223399975344899
0.014969667039479212
0.015011231526018902
-0.017770634665932903
-0.0005109472545958716
-0.00040762889942899487
0.02424474957767014
-0.00973166006575868
-0.008795368567423214
0.0006790811519876735
0.0037918927656752873
0.012759748507039361
-0.012325867362590297
0.002124302357107054
2.122003831204946e-5
0.013640711368751269
-0.012413586929030319
0.004833705135570483
-0.03377946579883676
-0.0076356117605707536
0.003627846715371901
-0.006342731956972111
0.001881958240070301
0.0044108278780540374
0.0003095153401265385
0.015386885409065902
0.007962902237212407
0.001850437344103258
0.004459385330417763
-0.0007291069226010309
-0.0029873765105017944
0.01051905565244167
0.013246918411528336
-0.003823827733573302
-0.006100684105742332
-0.00475317452594195
0.0046688493384489365
-0.009469859685196575
-0.0028275484770010554
-0.01143453988798241
0.015070491399941767
0.018934385909459995
-0.008539665631986375
0.016634719591352865
0.018671797815636975
0.022067467364059047
0.004435911176615664
0.005602143423279577
-0.024716567990216952
-0.013320832661487739
-0.0023269287590325476
-0.001536185858488735
0.009096797250276525
-0.0026718334164264994
-0.0043269357829899355
0.0007391696378113211
-0.0005163448581460501
0.0017687602633696536
0.00801448926226715
0.002826233868414586
-0.014398781443665543
0.010560478742891965
0.00762801180197643
-0.006689428112065231
-0.02327635538082502
-0.009869515865254285
0.009898738392053049
-0.01303646361306156
-0.010528107963416796
-0.015661465591877893
-0.0013021353928559442
0.01143901852971643
-0.01790076566751025
-0.011496532322864478
0.019867548206997397
0.03984289069641931
0.013613450388269204
0.028040056691667873
-0.005236217109578632
-0.010797311766650323
-0.009015093331380127
-0.00044099376861011434
0.012198506483742233
-0.006741487487378571
0.004845923382674506
-0.01678637824722282
-0.011429187296468435
0.0028662147505131266
0.013276166870402062
0.005777828908761462
-0.026039641627365516
0.005036092607227728
0.01969825430508927
0.002175536642056717
-0.01792308477934839
-0.0019490077022233652
0.027874777597536284
-0.0018134798176644902
0.006937656223297648
-0.004595652721717601
0.0014633447582002575
0.008722546565765456
-0.022548196788634366
-0.02189107889118488
0.009065833829917266
0.02665479466578
0.015545565895658375
0.010431749346781236
-0.0051275227021677534
-0.011326783765078936
-0.0023516533357431308
0.0018777239052718102
0.007263135130504648
0.0016069233226671314
0.016247448255244632
-0.007157508109034633
-0.013212543601391735
-0.009155857064036214
-6.96839259861052e-5
0.006610897937445616
-0.028191596815262572
0.0006891456272180629
0.018476444224817683
0.004416302209382944
-0.022569521699298697
0.0013209860245231083
0.02056944497582713
-0.002000009032245732
0.003888977163116022
0.006609299599114184
-0.009918645850674227
0.012654255515218288
-0.010888362979450436
-0.04400621145500404
0.0019225957489661756
0.021873804431281924
-0.0003757336170967687
0.013091881096301657
0.002585446730539861
-0.00701667499222044
-0.0008323450515618268
-0.0003636346254991654
-0.016045149446715184
-0.0056364524902151915
0.020964864254448524
-0.0030962807391180717
-0.0065689291471953
-0.01287821074174185
0.00043095953109836957
0.027885732899724687
-0.016200555543813094
-0.0062480967173578665
0.010863312018173699
0.007141366243574381
-0.006235142719938218
-0.0032895927458961036
0.016711852456022292
-0.0022092182694247774
0.003062922048082517
-0.003381976134314548
-0.006199929063864213
0.020976248836953388
-0.008989911979299544
-0.037629227711726616
-0.021744052546010705
0.00669613866739632
0.0030702736608755506
-0.007645710900451313
-0.005395302900103609
0.0016786907180543157
0.010148622514305598
0.011880343870396484
-0.024870742943958718
0.0013576416382135841
0.002203430087414706
0.007625169452172738
-0.004786217369623997
-0.026108021733456156
-0.004445865220130555
0.030707236300773842
0.000113243058123979
-0.0132687915039108
-0.008185924722031217
0.003928619148951639
-0.010801659819817976
-0.012674040453609647
0.0008160572601354009
0.003987680197640172
0.0013868797980631743
0.004082528163327199
-0.01494245921455786
0.03316741688015289
0.017286080021643536
-0.03411341201388566
-0.012564390034905771
0.013904995199719512
-0.0005167012226853147
-0.010037057739396595
0.009229824276659788
-0.002477314254164777
0.01490042280338142
0.022789014015555668
-0.018702809109573035
0.02226187940876072
-0.013976472891638954
0.014678877314235452
0.004102695551670502
-0.023827579535686618
-0.007469745647378788
0.016397727691067544
0.006751815675141949
-0.003565237974975923
-0.011548726527873625
0.012945217722603687
-0.005659936116443686
-0.007539671914501902
0.009394895310360842
-0.0019518525950987082
0.0018212159140777676
-0.006245042692536671
-0.019709457052690067
0.024513130514379585
0.01160274936050423
-0.014680194613970361
-0.01638154601894089
-0.0021403821185826304
0.0012445877721280513
-0.01155141200307216
0.007730707914273147
0.004048724874838477
0.003924478071517236
0.0038595015307453643
-0.01581104907236407
0.04593662985241816
-0.019343643001739994
0.018641115221305286
0.021181736576211394
-0.019229235449249683
0.0015912816506712018
-0.00431682902111122
0.006317678703168258
-0.011057224572560507
-0.01978100046006867
0.008643864456978503
0.003394549808265761
0.012104722898378984
0.009722993411372342
-0.007551563990312355
-0.008894303705500553
0.013599288484816622
-0.017102974964253555
0.021135733921408058
0.02353700651036469
-0.007328646029001217
-0.014352235564209042
-0.00017713736649273173
0.011625592421248585
-0.00928201611487072
0.007441666047094848
-0.014882242495899799
0.0054572630784114244
0.00887412755898913
-0.01981062332384216
0.04199109428377578
-0.041223556912646085
0.014917659697037039
0.022252848400319283
0.010046542728078077
0.015288830962208955
-0.0056242089873179725
-0.0037578668208316937
-0.006960158090834439
-0.011087321809623737
0.011421302014761289
-0.014358597039331794
0.025709184049983645
0.02230758582026736
-0.013959334644183967
-0.0047465802408706926
-0.0005262425094252608
-0.014201152703629412
0.014712806232531211
0.009729852390025854
-0.0039062463132346565
-0.010010813565145394
-0.009003575082367212
0.01184528368948586
-0.001899059617405662
-0.010983778019728569
-0.02430505083016515
0.015246800729126722
0.007855959586774272
-0.02107961762990999
0.01393558247694725
-0.037481142384206745
-0.006846478774748664
0.006794451888347973
0.006907838581678021
0.02372411098481556
-0.005965857192725694
-0.009345520384988969
-0.006906048795361743
0.008199054486977806
0.009620152074347476
-0.019239488725730055
-0.0011769730369488498
0.004006825266723381
0.0017096240638409708
0.003938415419412389
0.0074862099928736
-0.03087958343211325
0.01440653892733444
-0.00011255625973168092
-0.011436587517477309
-0.013499348907754179
-0.024932498995282496
0.019871741704506538
-0.0030820622363227513
-0.00014074767766309446
-0.02039239806797949
0.012506713932578387
0.00793256456821369
-0.03316384647820408
0.009981787215800368
-0.022042950773859794
-0.012929090404789756
-0.010904465690934702
0.003337220500358033
0.011860751898370476
0.0023661673086246915
-0.001913264289039227
-0.0038602358035708384
0.004296254971668323
0.022554482095254028
-0.020902190766737237
-0.0157134522326265
-0.00905796517055746
-0.0011057088890902293
0.016447295491787656
0.006989072326806512
-0.025240877668176245
0.015079846113558112
0.010419285798462437
-0.0005101342759215961
0.0056396064062987535
-0.014763947239440198
0.006316471693993289
0.0023170104749812934
-0.006523963398724284
0.007967557209676606
0.022938607966271736
0.007919840140082826
-0.011749379467369576
-0.008782200841323654
0.007251750004630228
-0.00754020551123048
-0.0016413626139668758
0.002754466314244187
0.012688453886295283
-0.0023633485074160843
-0.011036826814379981
-0.016035740689806902
0.003602766928691098
0.018431589866469672
0.008366490172244202
-0.013414066919214583
-0.01550166200798931
-0.004768057136198407
0.005614394062632388
0.014228779820295445
-0.019931823243919757
0.011918445340786508
0.011319553407240989
0.024179755692737413
0.006209256935444489
-0.01345973538624897
0.02655517236723069
-0.0029364453133132436
-0.001453108041358348
0.011385712214236876
0.012763072629530565
0.018399072739085545
-0.011297384680644116
-0.001656157139431521
0.0022576312491176496
-0.00648752096132443
-0.005083231395819159
0.0009291156819988119
0.007342859145475113
0.0033627053621979467
0.001468736994304669
-0.0055767069676221845
-0.006800204867485757
0.0106941933440355
0.0065550376612078555
-0.0019555136633384977
-0.014904400725946574
-0.007101638041854621
0.007746693033888374
0.013568023360275825
-0.0278885172396142
-0.024955400672580917
0.00016935204074864995
0.022980715087244995
0.02180522626136784
-0.002692281619083769
0.009617355845869854
-0.003108108320229539
-0.01726977827851262
0.008955191265030278
0.01030139255696396
0.009386243452306021
0.013902795442465291
-0.004013653707210792
-0.0015438702619780852
-0.0018246313922353449
-0.010592090080185601
-0.007080788718789897
0.012161210778861828
0.0013284593263450744
0.009817704118386708
0.00854990034984136
-0.002261434683679899
-0.007906219965427558
0.004104241156230784
0.009148630134982603
-9.854150578433374e-5
0.006194889311750254
0.010040930201043869
0.015681398760801553
-0.012725230278275988
-0.027960541102231732
-0.012177115808282237
0.01740211569433616
0.005545762334087293
-0.004509200962578994
-0.00488441572428921
-0.015740186258048718
-0.019248837242321085
0.005136485218924874
-0.01338091600380693
0.003303265545731081
0.01374507020265221
0.014267476409822805
-0.002985970724193119
-0.00897084298588213
-0.008682777579115713
-0.012576022305423724
0.007271922366005752
-0.014657604300948928
-0.007335661320902072
0.028447505728166473
0.005146579719712103
-0.0062934304364026805
-0.011935103218070281
0.005644330098382409
-0.001054704304910757
0.01504657119148475
0.01591098036030843
0.010025005311373496
-0.007389914055957701
-0.01857992152272868
-0.008130008767173198
0.014350979967169738
0.0004246489093725223
0.008236493829273321
0.00017252901920977032
-0.009920826865863222
-0.010168593857712472
0.007874515870448275
0.0012600926022779348
0.0014497172009401145
0.0037747625814332454
-0.003407094093894703
-0.01754803562016547
0.007345552954005208
-0.008460039587107091
0.005404101404837985
0.013776169173733121
-0.019501460083814048
-0.020405305331628338
0.010865529972710628
0.012052235693963347
-0.00855248577222614
-0.01259166566181107
-0.018255050280091903
-0.011169137363281031
0.02530317274867254
0.02080099472060515
0.002277571641668654
-0.001436072528264249
-0.013693879581639003
-0.010191407231817766
-0.014182553309677276
-0.003212271057646773
0.015908544649665502
-0.0004316979568753504
-0.0043525694536366445
-0.02636650145152067
-0.0032738292928711455
0.011130458169895585
0.008319221737454058
-0.0016366903691200346
-0.017844600155529865
-0.016624339033846507
0.005854423877620481
-0.004282858622869944
-0.002834994980082336
0.022237294154764997
-0.0076064116713541186
-0.023004811218545126
0.0011196417030577182
0.011480399749148197
0.020003659615071768
-0.0024597390522090442
-0.009321418345971232
-0.015468911656173884
0.01809397427555516
0.012081157856507194
-0.0009798709833296559
-0.0013747432590218355
0.0050054604321512295
-0.014839595186431326
-0.015365819720441905
-0.012326726430292749
0.016610050987169143
0.00922616536554819
-0.0033191806466089514
-0.032096900439387316
-0.009963017091637837
0.02265085882144863
0.01779888915345636
0.010527039621731283
-0.014194074803765517
-0.022851014223519255
0.012378985325763254
-0.010193859931444803
0.00477907600098379
0.0012940673782010186
0.0018646778079080624
-0.010614967900571929
-0.010338089112328962
-0.0032499719021293087
-0.01012608482238433
0.005311693447775762
-0.010165287607564228
-0.013336790855813763
0.014823607638545747
8.551571301696755e-5
-0.00855431659320412
0.01449571101336156
0.029114787216469432
0.009104763182904284
-0.013130347398720021
0.004506139391770685
0.026543477034862945
0.00233553067972569
0.009200242962879713
-0.02067460021200043
-0.0032879637420506493
0.018785665488248112
6.95559539640356e-5
0.011353961149741383
-0.002880644639702842
-0.01778164403777766
0.01022184828491017
-0.008759100920427055
-0.00025031057359504484
-0.0008172936239347942
-0.014170876696029271
0.006877993724098909
0.009178636334529179
-0.013412524951138795
-0.008640271456411695
-0.014653069266257986
0.00039923053259697605
0.002935064920177895
-0.001038812566179149
-0.01768914840997233
-0.025562772872406252
-0.005672281037252757
0.03473113746984431
0.014432822405948141
-0.008611432589248838
-0.008567750334927677
-0.045382136258319966
-0.02526427966539346
-0.012152828758612474
-0.004412093756079047
1.809024093572928e-5
-0.0007867252558331679
-0.00042274010866269604
-0.0013008935979689205
-0.0010066615374333856
-0.0010003520109380358
-0.000971731049890399
-0.000952304364342749
-0.0024066791221284225
-0.0015556781149703009
-0.0019672612790540608
-0.000847009361479401
-0.001226940497177994
-0.0015077914148159247
-0.00026878509306159425
0.0005210612813656058
-0.0008664881500950472
-0.0016196441211674792
-0.0029220976578098307
-0.0011138449016805077
0.0036526735762303416
0.016958043616065423
0.04725831803433193
0.0670978678754682
-0.23507034924401163
-0.08622027925129928
-0.022760256284170173
-0.01425086912049009
-0.0066883057790982975
-0.0014938640967063132
0.00042588836385020395
-0.0007114300412092316
-0.0005397852156466156
-0.000960585133612654
0.0005888219171555003
-0.001817362581922549
-0.001471105244663907
-0.0009210234483760006
-0.0019872029430229067
-0.0022623740376693825
-0.00109586328397759
-0.00018871609686790954
-0.0008848661326477726
-0.0008130693693075574
-0.0002199481356149382
0.00013496451015921078
-0.0007764313523513035
-0.0010723586178012902
-0.00254449461631038
-0.001733702654944723
0.002306161147516164
0.004394753194591699
0.01892436817336549
0.030589688655491113
-0.04923814905925987
-0.03345796614088412
-0.013241685325241052
-0.006882438100930671
-0.004631073858330424
-0.001690910318444126
0.0002021787497702748
0.000236477056353629
-0.0009970922336013906
-0.0019492994130617676
-0.0019057323285988632
-0.0005035202742398104
-0.002458614346651295
-0.0016511257767047643
-0.0014621464773332403
-0.0024223377273931675
-0.0008309854816904696
0.0005778034659115779
-0.0013040288293566249
-0.0014837164777171754
-0.0012625103793960583
-0.0013731509829169337
-0.002635277354259241
-0.0024603544793899406
-0.0026481854820216383
-0.0008539559444197696
-0.00041650160677954615
0.004198065905645112
-0.0003658493227991149
0.010133946904598476
-0.01261554302488227
-0.009772806172548129
-0.006228304329385173
-0.0036228936007564098
-0.004191280245515247
-0.0021243627213983905
-0.0002149539469596303
-0.0005578294226252898
-0.002136097994808945
-0.0025649915962204168
-0.0010787024061802825
-0.0002442898657059069
-0.0023226759810347766
-0.0010233395055195267
-0.002394661041296018
-0.0021035685368309023
-0.001100771095004388
-0.0006100783596769145
-0.0017203786316795843
-0.0017291374951974394
-0.0009244386894304351
-0.0009983751065169384
-0.0007146279650862024
-0.001713155581900732
0.00011388522846491169
0.0003440851887355551
-0.001347386604339701
0.0016199498750626379
0.0024823316746883164
-0.0014188849724579705
-0.0024389821796796645
-0.008056627425580772
-0.002142698923460014
-0.0015604200798429078
-0.002639663493951105
-0.0009814189365330735
0.00010446044764948887
-0.00022469046527283
-0.0017375643072683076
-0.001714115714995576
-0.00018565394677000444
-0.0005624830798969061
-0.0019029937760407616
-0.002722144272688079
-0.001272844768033831
-0.001669566982933972
-0.0012002777021698481
-0.002293124090242225
-0.002632435152141997
-0.0027270994519825987
-0.0010580776125483015
0.00018217348219634513
0.0011827439184123685
-0.001431432776291
-0.0020486837027498916
-0.0005193946178185566
-0.00130982516518523
-0.0008767032348329457
0.000894791381376621
0.0006780475789551321
-0.00212008026770675
-0.0033171756055296953
-0.0015491793763979984
-0.0018061743891059144
-0.0005874449613459773
0.0004069986931083645
0.001389770272645188
-0.0008674086147475624
-0.002383831018424695
-0.0030116167102209167
-0.0013082280961733957
-0.0010230848413260085
-0.001567476761496102
-0.0017636772776370904
-0.002140769281015446
-0.002186756482976143
-0.0018463164873525682
-0.002110988479066578
-0.0023627914401605234
-0.0019155189573283197
-0.0012333052358755696
0.00020221511587526414
0.00030385154768922687
-0.0003247610991946923
-0.0005717201952453979
0.0005488463538459735
0.0010742117841752625
-0.0007048312816320903
0.0005988821429285563
0.0005882415781415651
-0.00016599734145554817
-0.0013689023455149118
-0.0010140565798073763
-0.0011880869602824288
-0.0008391657175125878
0.00019661153022595225
-0.0006274201117106204
-0.0004914573700001649
-0.0027014703491991597
-0.002000281242077668
-0.0013130006226232723
-0.0024141655338616964
-0.0030938576472129466
-0.0018376560876213342
-0.0016154823015157433
-0.0028111948944976473
-0.0019243868894620229
-0.0019955558879922583
-0.0020417771571822423
-0.0005934974274054989
-0.0007343254491659172
-0.0009044198730894919
-0.0026951692464061315
-0.000569886779802169
0.00018080485989625138
-0.0005541582463460908
0.000454652207269801
0.00048633963300793347
-2.9910006748883533e-6
0.0008454297135297171
0.0007028687323093397
-6.14535391210507e-5
-0.0015058707101495423
0.0005917164196242764
-0.000830813699826659
0.0003191093672929952
9.698975908971395e-5
-0.002123196335079103
-0.0009427851881771911
-0.0016872570265038956
-0.0005479794945700345
-0.0016738833189341297
-0.0025824292335305346
-0.0013071895744283745
-0.0018095895423323374
-0.0014688029331799634
-0.002005236474929623
-0.0012326598001282138
-0.0009443671626783893
-0.0012799432927366183
-0.00043716656873918857
-0.0016714725118888208
-0.0009923569832681364
-0.0003883243975685384
-2.8830824427087667e-6
-0.00010016459437622475
-0.0010493261906418289
-0.00011613635956099624
-0.0005093675045793041
-5.277000270269245e-5
-0.0006292634701640358
0.0001040894675656698
-0.000524390968932974
0.001067277718525472
-0.0013730235212184932
-0.0012708441624387063
-0.0009096522147217523
-0.001602345394565338
-0.00046678134231834434
-0.002130820524540457
-7.524312613005427e-5
-0.0010787040423315484
-0.00036098142837265714
-0.0003113014994309133
-0.0015845913077038544
0.0004940049317049694
-0.0006212954513985878
-0.0019195880643003331
-0.002291472771812686
-0.0018954341117111578
-0.0002164896072413897
-0.00028673140926053803
-0.0004373739561530019
-0.0006182045527719449
-0.0004985543797600565
-0.00014396937436819728
-0.001017008297195676
-0.0011976629347034814
-0.0008155846446520427
-0.0008354009277674923
-0.001353335672573076
0.00012412437976887046
-0.0005591194076626086
-0.0007738002638890487
-0.00029322298101196794
-0.0009776311288405236
3.8245515330931896e-5
-0.001243826602790591
0.0001749793454278318
0.000296453865419762
-0.0005911257683404931
-0.0018102224638614135
-0.001424088429977187
-0.0018249509737747554
-0.0019723121792688974
-0.0003738641787004547
-0.0011465933423007507
-0.003183806204777304
-0.0011790439956035478
-0.0020249131431586687
4.2329525409849384e-5
-0.0019084534321895334
-0.0008350419682762889
-0.0007359471109433994
-0.0006013514641907329
-0.00016096760286994936
-0.0014094835776595521
-0.0017989736922893612
-2.825470306872603e-6
-0.0010002463719483048
-0.0010601515178249939
-0.0017760093931951122
-0.0008532486385232203
-0.0003649703056033103
-0.0007753124811584819
-0.0008526113399097539
1.7485913432755404e-5
-0.0013597078599453883
0.000773703786986206
0.0005102547377241642
-0.00024614079789300194
-0.0010252077256354857
-0.002293075095508361
-0.00231305391389369
-0.002511983527655097
-0.00112975774564058
-0.0015724961768537574
-0.001141437747589423
-0.0027314430257588
-0.0017708539084822447
0.0005578726426130384
-0.0007153657447758978
-0.0014637341691226481
-0.0010483531905385681
-0.0004562976868865474
-6.959651077436839e-5
-0.0015185776946273666
-0.0010295295488395861
-0.0007754511436415464
-0.0008183377164939607
-0.0004113952484296547
-0.0013160495349662908
-0.0023741518375329273
-0.0004650563922527301
-0.0019016382723462118
-0.0014185284658651558
-0.00022258790485951512
-0.001112636457384279
0.0001844045556060564
0.0009022958363181791
-0.0003326448555369402
-0.0013415553836767743
-0.0006659819065041899
-9.586408301568458e-5
1.7303390808971766e-5
-0.00014982607369790193
-0.0012471595597591547
-0.0009020120162396431
-0.00033660516731188117
-0.0012017445409116478
-0.000975463576326052
-0.001067915977155246
-0.0009382826396364776
-0.00019113650506585197
-2.7610250452402647e-6
-0.0012962484705609358
-0.0014320682273706573
-0.0005663447539128539
-0.001657884043044737
-0.0010021895669203463
0.00030588944531512565
-0.0013920715630213409
-0.0008418947826550578
-3.059823914324596e-5
-0.0017208740688096635
-0.0018506826728473128
-0.0004227909046754354
-0.0020697461000547686
-0.0007685676003299487
-0.0008824002535708349
-0.0010724563228622667
0.0005942677356115185
-3.3728773293085395e-5
-0.0006602519167924671
-0.0001734495213478734
-0.0010770277016991232
-0.0008542830647426966
0.0002358654278890143
-9.205364926769108e-5
-0.0017002168543615481
-0.001920436858194798
-0.001415704649633456
0.00014812302474571763
-0.0007516245341962356
0.00012808326288174033
-0.0022408329948043664
-0.001733976472756206
-0.0014530500778897225
-0.002049328129909073
-0.00053228944263859
-0.00047870460453038554
-0.0012195846879908356
-0.0009592105436073637
9.687784026204016e-5
-0.0009030896491929687
-0.0005230887367647432
0.0001425116501955556
-0.0020294136378930295
-0.0018665754655417886
-0.002210904745918347
-0.0009583224557153888
-0.0009268493838084835
0.0005420393386530197
-0.00021277414864318993
-0.0007248159889913658
-0.0012053725551644538
-0.0013481906607256573
-0.0009721970283312995
-0.0009868604593639499
-0.000909942205181425
-0.0015028787185110085
-0.0010453746175828806
-0.0008645707940123132
-0.0008226892712886085
-0.00035146481788335843
-0.002195214894276372
-0.0011908360733196117
-0.00021204381885801658
-0.000910730388762983
-0.0012596764256304158
-0.00023063854480740977
-0.0015171490193266325
-5.958711675946649e-6
-0.00047274236324460427
0.0001549649067795463
3.3697092624250784e-5
-0.0005485128945040504
-0.0012854867723913498
-0.0017745965151270357
-0.001035853984674563
-0.00041793849587097283
0.001038713987442915
-0.0003013984233556428
-0.0007657658528517674
-0.0004995314409614268
0.0005352400189756515
-9.992353423764693e-5
-0.0009380385838075028
0.0004278327561830926
-0.0009904581230565257
-0.00019759145955050854
2.756583610849235e-5
-0.0011796707484024338
-0.0020697282331128605
-0.0017825839192741196
-0.0019327600816825626
-0.0019788157574376864
-0.000424161678634339
-0.0014123827462549613
-0.0015725600777527677
0.0006660570061417069
-0.0010904450660244526
-0.0015418397564559627
-0.001517147498086212
-0.0005532672396313251
-0.00022838468343608297
-0.0012171828174720775
-0.0013190712913838621
-0.001262548986275558
-0.0016952713797239484
2.6039382592617817e-5
-0.0005891401537416863
-0.001851488097061346
-0.0002459533061922978
-0.0010979856866275887
-0.0010718831265811404
-0.001500036081485936
-0.0017465160254779256
-0.0004366202866123147
-0.0008670995142303953
-0.00036390821362509816
-0.0005662938477135173
-0.0011888460699855136
-0.0010849735735134862
-0.001984666510561834
-0.0018147251538146462
-0.0016357723431616416
-0.0011167171967951788
-0.0017537125256605406
-0.0019911736576969908
-0.0014842889988164077
-0.0007962630141786606
-0.0023511738127262776
-0.0016336862104205537
-0.0005970977754031833
-0.001702282630356537
-0.001292770849485804
-0.0006873592753148375
-0.0007754176217730276
-0.0023408584988557062
-0.0024043451251864476
-0.001666499343630693
-0.0012853890079692078
-0.0010745107464388073
-0.0010593402840618916
-0.0012960805932445702
-0.0015782588441442058
-0.0011342966774226697
-0.0005050807143739312
-0.0020678901383926144
-0.0014542710790599836
-0.0007730235920677226
-0.0005283973001061683
-0.0005757352918753138
-0.0022662312157159387
-0.0013133293215557523
0.00022728556850204262
0.00021644194652464002
-0.002370858969425965
-0.0013661172871052983
-0.001109697524927751
-0.0010353404319902468
-0.0005989672350410525
-0.0006997744418444549
-0.0010686390549288736
-0.001185468989065169
-0.0007956869062161389
-0.0003515227439410018
-0.001545350179809301
-0.002589464277214554
-0.0022835613355865077
-0.0016524163472685185
-0.002289643777650092
-0.0005655830726458527
-0.0020405760326129667
-0.0029473178191987966
-0.0018172362703080596
-0.0006278614138858156
-0.0008979235742327025
-0.0009770680070312543
-0.00022354523023331734
-0.001968457085802969
-0.0016490011237404998
-3.3215727655341106e-5
-0.0005969088513041788
-0.0015048614761467376
-0.000767146221159332
0.0008156975388191685
-0.0017048432030784726
-0.0005559437935273593
-0.0008950223659452757
-0.000842566462043989
-0.0002676012864202117
-0.0013683317413233928
-0.0012477702737009912
-0.0020020995575057376
-0.0013914195704262946
-0.0015730385837574995
-0.0015852892187366834
-0.003074790321868657
-0.0006570726257423222
-0.0010980701435566115
5.096207198948565e-5
-0.00032328908094884587
-0.0013033612288733379
-0.003005508338455867
-0.0021339798516093644
-0.0015828134538804005
-0.0024789424204568374
-0.0013847251853422394
-0.0013172389313204995
-0.0008611522111357251
-0.00240769368716069
-0.00255522395240925
6.759746854777742e-5
-0.00032510216115443644
-2.0655324786116687e-5
-0.0019716854412852847
-0.0014569404852829667
-0.0009937407611935
-0.0003734944864456363
-0.0007173929709233269
-0.0006597183615002522
-0.00129171393865234
-0.0019417019464625866
-0.0016952489434639156
-0.0015116073530115088
-0.0017376155697927252
-0.000273174121558488
-0.0019206407260286247
-0.0011713125404742804
-0.002290584167834231
-0.0015759620128631708
-0.0012314465249641895
8.062797619900238e-5
-0.00123959714956882
-0.0018996618094807632
-0.0014379983543497592
-0.0012214539683718432
-0.0013775962233625754
-0.0007484535164414913
-0.0014186828369979613
-0.001517483926361769
-0.002463460392737329
-0.001015768052029951
-0.0014466337392595402
-0.0007738247730605961
-0.0014443118632580523
-0.0008582035217061508
0.00048019172090371545
-0.0015680973089526916
-0.0004342748876894504
-0.0002912841072747236
-0.0023966666630679985
1.6181533091601122e-5
-0.0004888312965246166
-0.0015179922310171823
-0.0020452292233809014
-0.000313626839197287
-0.0011889749012801976
-0.00100673559411149
-0.0018225258851012225
-0.0016839890784971043
-0.001705076227140135
-0.0006004149225506601
-0.000598007495085563
-0.0018269074303453687
-0.0015549683189039296
-0.0014169243419168416
-0.0012152127345054521
-0.00195344202137396
-0.0023955043756900382
-0.0017201784403977907
-0.002620235778632922
-0.0015748833895526202
-0.0006739007942640562
-0.001038447422229844
-0.002665143577063762
-0.0017168512169568868
-0.0013065404210656833
-0.001547403851153784
-0.00136783367148406
6.025013386577288e-5
-0.0011121722063153303
-0.00018007159066448972
0.0014616954816380387
-0.0012461439122650251
-0.0009297701438531286
0.00036436434569957373
-0.00023495882464402988
-0.0011845505957231801
-0.00038368949156800656
-0.001432871902161899
-0.0012715084531682368
-0.0018364099978725752
-0.0004899422956846751
-0.0016582947608023012
-0.000702157103458991
-0.0006755764977358915
-0.0007696305657866237
-0.0021895452736759133
-0.002008187668442039
-0.0004458757244646541
-0.0002925854198376132
-0.0024020315292060763
-0.0009083819464429895
-0.0004368925539702535
0.00018313673984612965
0.0005283964572459256
-0.0013913155173829826
-0.0018801695249778627
-0.0017080866605281944
-0.0011602912582460803
-0.0003860639635275105
6.714734226882286e-6
0.0016968365219128412
0.00015504840833529204
0.00035248928038483275
-8.896900458915701e-5
0.0008660889931229496
0.00012109396254118422
0.0001480153476240242
-0.0005270520394183906
-0.0010871241374127028
-0.0014799862155945728
-0.0016497288515463003
-3.0322808076239236e-5
-0.00022081251395519863
0.00011090813084716953
0.00010023138383879305
-0.003040432603170982
-0.0023785849207592223
-0.0013114105709357263
-0.0004886206026571952
-0.000956042591790991
0.00027921190380600207
0.0002192331198274451
-8.79476999458762e-5
-0.0005705250846776929
-0.0014514836717101265
-0.0019457298567076816
-0.0027249152052581872
-0.007253970885593649
-0.003788680619322304
-0.0023483664329859116
-0.00045247099523221317
-0.00030054589232935997
0.0010318053708990903
0.0014049397387422935
-0.0006828921324150242
-0.0002977275605592504
-0.0003927612783479782
-0.0019043077215843522
-0.0010429793061618744
-0.002672534414868359
-0.001305025563636875
-0.0010878969188289336
-0.0010976483729826518
-0.0009433837437918293
0.00016874908328573274
-0.0010506765548517253
-0.0015810384713361254
0.0009218140829949362
0.00025289595428244234
-4.5679885217477154e-5
0.0005091752262282962
-0.00016109360473025845
0.001695815477230668
-0.0011733786318020236
-0.0015208711368289384
-0.002992558135502213
-0.005600285848773351
-0.013487746479117947
-0.007031603284827416
-0.004066714281392082
-0.002986482601997786
9.536826587582621e-5
0.0020648260542586424
0.0009678936678430532
-0.00013348858622432092
-0.0008912671981647735
-0.0014079035531028902
-0.0011472350061305385
-0.0015397331924926804
-0.0024264520410965723
-0.0012335825663857447
-0.0012806493666147152
-0.0003708362689653378
-0.0014462519282149753
0.00019256383908041418
0.0001315154377077611
-0.0002170062182028964
8.473790847884314e-5
0.001236390510651341
0.0005445442355889109
0.0012244501934506782
0.0010395510645791865
0.0014429354169828864
-0.002572527393091651
0.0014953842300268047
-0.010434030610176129
-0.004493814741715257
-0.01380588065113749
-0.016316079892047596
-0.008294944676607192
-0.0037653179699292457
-0.0009508341816635614
0.0010382435482317724
0.0009540982127329781
0.00016126499726265743
-0.0009585771211446461
-0.001899555441922298
-0.001847820215975477
-0.001614461555854283
-0.0015178415230119495
-0.0006082587961244568
-0.0006723421807325828
0.0004517968235548965
-0.0029789738366907724
-0.0014403638188758097
-0.0015599746081933368
-0.0009031107572039701
0.0008185755472453779
-8.430513906430089e-5
-0.0002260951657780071
-0.0005725991838634323
0.0017274899720640783
-0.0011051590729765656
0.0003077672166916796
-0.0019807435504331427
-0.017734513490490548
-0.015101899922172625
-0.01906692074179187
-0.019411189231535852
-0.012671766807644513
-0.005950742206596087
-0.0011643837927071544
0.001468045674000335
0.0012191543108058362
0.0004932353139725609
-0.0017263486335319035
-0.002160952965400239
-0.0025285506223042373
-0.002533026538577731
-0.0008466484619317474
-0.0015026645068626607
-0.0004519747172347174
-0.0005817095837082324
-0.002534792793763565
-0.00259267874198547
-0.0004753969816850139
0.00041470095831061505
0.00018439293686848396
-0.0008361538418893903
-0.0013634748531270863
-0.0004967449490684446
0.0015320425842934994
0.0036839365105457355
0.006747847224482402
-0.008037207129485305
-0.0034667292079060123
-0.04889941704274283
-0.05207771502114147
-0.024191427639248562
-0.01463376519396912
-0.005670685424203586
-0.001996921338388059
-5.4080070629416836e-5
0.002238773327198628
0.0005244070303358948
0.0004918218044859853
-0.001002462769615821
-0.0007524334963331333
-0.002259894713755786
-0.0003079261408895877
-0.0011025097286350765
-0.0008951570317357944
-0.0014019382870084805
-0.0015280179934749976
-0.002446566938205559
-1.3158396469950984e-5
-0.0003932307050748137
0.00020655518047325502
0.0008355357825846002
7.685712132706358e-5
0.0012136467750768166
0.003991381693589234
0.009334465855056507
0.022334560985746876
0.029231323210132075
-0.006729029176510135
-0.05615831049195314
-0.07293401871418147
-0.034825459360553764
-0.015801694935289597
-0.006552538162733658
-0.0013564709059141907
0.0003807248195612031
0.00013525199734888728
0.00010532075015724882
-0.0011185661501418817
-0.0003559670591595486
-0.0016949973528439025
-0.001371840343142785
-0.0011312063253871912
-0.0012314809674197561
-0.0008955774878886642
-0.001219109974364888
-0.0008888890245486524
-0.0006081506439551864
-0.0012112563895625688
0.0006744170854003449
-0.00016492024609470612
0.00024130935411489625
0.0002445471438769051
0.0011124071001972807
0.005497685867313644
0.024070798095030425
0.04505899567068556
0.07673734049567524
3.2934482854425107
-0.05096475798199864
-0.059975781995897176
-0.03471848523126964
-0.015753291632070975
-0.006830044406580227
-0.0015801566027825607
-0.00013488702967462198
-0.0003387378695657005
-0.00039301045315957514
-0.0020454711421745925
-0.001242911360610378
-0.0012600177172823448
-0.0012047050960009343
-0.0002972053490179516
-0.0009182769416864682
-0.001863959756808083
-0.0009123038833522006
-0.001461727942720226
-0.00018248886506430151
-0.0003366074951571725
0.0005339058852031411
-0.0017697271716935166
-0.0007254828919351227
-0.00240358882525425
-0.0002093299622732689
0.008155233726707008
0.021676009370827316
0.09338788940802184
0.5766722298624467
-1.9139351133133315
-0.30248257214419094
