0.0029975289008453776
0.0017269446285227957
0.002950739458954144
-0.10518651202331337
-0.04637975401757814
-0.02138360856222689
0.0037997548594134595
0.022968515051969444
0.06802308681424984
0.08540541847552303
-3.484116333539528
-0.41613081661875984
-0.14705372666941097
-0.06155094170307445
-0.03809477751304102
-0.015461965187547473
-0.004491518890683276
0.017679003094599393
0.022478938336704356
0.059408869813110395
0.010692275818151766
-0.09191861867307437
-0.08430517186979358
-0.03706933740397522
-0.025318763510564623
-0.015200682482263757
-0.0011656082596066969
0.004638619023501406
0.015928269916138636
0.0065488898418559795
0.005513834885612473
-0.041211122253020115
-0.037611993661461944
-0.02075457229677203
-0.015194971640884122
-0.007646009316876229
-0.004172550211079209
0.0033393419966596116
0.0022317831035348324
-0.0005291062442066573
-0.014437391880127442
-0.018592425382926096
-0.02441308274798033
-0.02453309017958854
-0.014834223839844255
-0.010719042063853722
-0.00535611314692555
-0.00028542855412758703
-0.0022638212338315237
-0.007172316672367595
-0.01178321845059264
-0.02430928223256042
-0.023455740472657385
-0.028809572734617397
-0.01772125243848422
-0.012658237921121042
-0.007914346900312636
0.0007917852513236281
-0.01197479988789383
-0.01159328272933571
-0.028913396598486355
-0.030017051499922925
-0.03143146873399158
-0.04182180579229975
-0.026106662634764695
-0.012024841241013327
-0.004710452804814886
0.00019880955557218015
0.0013872424487419025
-0.020581856683814324
-0.03636164915667643
-0.07091749741968455
-0.05282015767486726
-0.06575312086233016
-0.03752960178583896
-0.017402708806846696
-0.006211991403188778
0.00946933562010063
0.001363559986331717
0.008306543307091407
-0.07522305807279435
-0.1479531395752332
-0.10820051880018186
-0.11294868080115675
-0.0553054573532165
-0.024560428075719763
0.001891026639069606
0.013326247511018328
0.04085034065904774
0.030300499091216602
0.08354242163992891
-0.3676673816779936
-0.17192103961658883
-0.10731549207627405
-0.06753162891442388
-0.024464523391246187
0.0022571284576356947
0.03505084927137713
0.06619533328839489
0.25276630102847636
4.09331936847881
2.133719647783127
-0.43732230161784713
-0.048035345180748645
-0.042048569014927865
-0.038127954302174985
-0.042196697697997644
-0.037501811991807354
-0.03865539115078641
-0.040922474478867585
-0.045411812141805445
-0.04584987613619477
-0.049102845631332076
-0.03445460496011174
-0.030987888055186763
-0.029617113325919382
-0.030874151469930923
-0.02937024687068202
-0.03163762401839175
-0.03207016304321115
-0.030926232076010446
-0.03125625847106826
-0.03339184903477115
-0.02207960165196763
-0.022199422543944646
-0.027153892656798864
-0.028305326443272293
-0.025662835201194466
-0.026373736555176944
-0.026083325656398548
-0.018315121132190203
-0.016184462097421345
-0.01274070818092089
0.005803994192533673
-0.01374857039441829
-0.023494092883072918
-0.027268419704266432
-0.02724802933588419
-0.02274609936577046
-0.015971101960840985
-0.005316577448046327
0.016177739032931425
0.012924661729690243
0.03636433007248775
-0.00763667587485155
-0.02199860432142721
-0.027224826155260916
-0.02556814492221117
-0.023114729645880988
-0.008184000718169524
0.014471795887105348
0.05967156516755505
0.10053116537074475
0.05762653140779815
-0.02414301692936855
-0.02709947509027603
-0.03172081172973235
-0.0311961354961508
-0.03103698457599132
-0.014737599899681824
0.015972496560548336
0.12931274542753524
1.6301729132677991
-0.2609003860376222
-0.07268380201537036
-0.060941042213528224
-0.043061701555840604
-0.03906727136585165
-0.040139668657343565
-0.05234959600035461
-0.02713114125813771
-4.289552687002267
6.758773985104301
-0.13659157241030764
-0.09762888177977723
-0.06259492206164785
-0.048547614495405685
-0.047029258734636384
-0.045934250152077756
-0.06381058142604701
-0.10132816090727934
-0.15044226492582233
-0.3447757332414346
-0.108438203544432
-0.08305877599121908
-0.054309935845166565
-0.046060047638772555
-0.041482699952723016
-0.049007162145910214
-0.05776097687956829
-0.08860712156076207
-0.12206181230469113
-0.16467834994873057
-0.07446087274724432
-0.06073821278454987
-0.05140524580874501
-0.04066700264919934
-0.041611368864469894
-0.04464963835989486
-0.051356224073284606
-0.06461723649226815
-0.07887566923029271
-0.08945558796808042
-0.08665937878034778
-0.07794220246969522
-0.07366736768021173
-0.06552395726146128
-0.06752338703162478
-0.07014980914260671
-0.08604395373591625
-0.08951197910243375
-0.09548178103054256
-0.09184459373629737
-0.08526380277304325
-0.08064377417204288
-0.07516335422716024
-0.06977180734185366
-0.07173564657429152
-0.07638643268874748
-0.08084554678282233
-0.0938738281828575
-0.09338531112260837
-0.09511964896210716
-0.08780341982411659
-0.08168157314298029
-0.07719154534172508
-0.0674535325872451
-0.0799951262879834
-0.07850560056491308
-0.09604765174444375
-0.09759306824266027
-0.10063026331140068
-0.09936909749168919
-0.09611828722329506
-0.08138204390978088
-0.07349003250120496
-0.06764705453489023
-0.06374030103775791
-0.0833901935860704
-0.0973700918347269
-0.13586536894666434
-0.11988417964134815
-0.11143330562772792
-0.10720527763643022
-0.08658444990595693
-0.07520216165737854
-0.05725860432902902
-0.062424127705769744
-0.047843083262579085
-0.12437116353074493
-0.20859146137707527
-0.1759965933993523
-0.13530029304286895
-0.1252833495257083
-0.09422210444963862
-0.06665541119563383
-0.05362291187829619
-0.020134546885105294
-0.022700815393181254
0.07050905275974359
-0.4312367075986191
-0.24130816996202037
-0.18420812415415613
-0.13964250835648068
-0.09452682728054052
-0.06735822673496435
-0.031444979551584124
-0.00046098637378096325
0.21729596952620336
3.8915550025147763
3.4274670742048268
-0.5158711368006698
-0.180734859749906
-0.11872273386029433
-0.09293145267099455
-0.06598221064018138
-0.04635461849507378
0.0007197837762847816
0.020926479232782545
2.2133401857737742
-0.5101686640428209
-0.22282109752836604
-0.18179216521574632
-0.11032093420442898
-0.08650576152895884
-0.07433327921693446
-0.05186068124964927
-0.048561416336636166
-0.012153921192691283
-0.061827278431022016
-0.16654625879310261
-0.16064241128617715
-0.13384261968171673
-0.09619776546943648
-0.08565893135340123
-0.07093854621317519
-0.0656151869004615
-0.05319028528681888
-0.06466195599212002
-0.06739172816593049
-0.11482744800069913
-0.1094870444651711
-0.10855897409774273
