-0.00508260176685196
-0.04373719432695449
-0.04087166502321164
-0.04443119123509002
-0.0435536460453452
-0.04710644154737873
-0.06078597385281493
-0.055062421755166215
-0.04614037158187141
-0.043594146348862724
-0.04402347554062948
0.023911899109571644
0.020229179115911086
0.02486510670063526
0.033335338486988005
0.025433230648151596
0.029249253599282245
0.036196906743041546
0.05588962957879409
0.06923573971497946
0.04231678640362247
-0.051281006059100985
-0.06480129192523174
-0.047241857174033265
-0.03905595736856284
-0.0387077997065805
-0.024789710973192037
0.03354621621121932
0.1102032174318637
0.22341790441075945
0.008684819222815407
0.0801424598052073
0.02620177669656389
0.022094119254928477
0.027305410183532212
0.026842208605792173
0.029371287530852042
0.0367021227565207
-0.01660240839077691
-1.0022034083526694
0.6308542072818834
-0.048392847886011184
-0.05162132986289911
-0.046908698658368275
-0.04318964943009104
-0.03495524455048394
-0.013082325747624435
0.03142377341454494
0.11039232406359857
0.2247904454231284
0.008089748796889288
0.011238913215845291
0.008858697142451214
0.021013349579713556
0.023348177273375924
0.025296344156959225
0.02208022073526282
0.03453961105229378
0.06850748599837256
0.08106602954632476
0.0426845645537823
-0.04697217546152085
-0.043314346097657164
-0.04479201067656235
-0.039311469979136655
-0.04574448090994351
-0.06020367696900709
-0.054603131231760915
-0.046921033186211374
-0.03687027748507197
-0.05107505748967435
0.02634829478231629
0.03500505390574849
0.03907037356382212
0.036131084733002215
0.031194162960154252
0.03235954691459955
0.02890015497854648
0.02464078683802302
0.02410836132647284
0.01920113485967492
-0.048646280746425005
-0.03666148371970857
-0.03217400744452698
-0.030713354322026154
-0.0338562826849341
-0.03583946790806931
-0.0343027182502605
-0.04002148607495604
-0.04771924404806272
-0.05356266608380315
0.022798482318767174
0.03002143012252375
0.03714538420325773
0.034077780756523436
0.02761732994096726
0.025022993092770535
0.025592658948168315
0.027239998375829768
0.022642272007991397
0.02206891495090451
