-0.0006626289673927926
-0.0006683679955000876
0.0012037935096512267
0.0013989610722553523
0.014813909366495794
0.0035266069375894937
0.0031155893284867922
0.0003771138521944206
0.008728131717819408
-0.006284137081016048
-0.011062037102034468
-0.01145169457872433
-0.0056489615857785985
-0.005201060737712285
0.0024791823318573583
0.007182862428916524
0.007651000317238288
0.006737190968645673
0.0025471191435881622
-0.0010843112217779523
-0.0031529934429848495
-0.00256295750458945
-0.004573776099596319
-0.00026455570151369
0.0004108603416153715
0.00427242414438949
-0.0006422601685615942
0.0025608492988671797
-0.003115421592697531
0.0003794376192062139
0.00033685646618218754
0.0005651304064436545
-0.0004657710726843799
-0.0028245991714549667
-0.002022852136576628
-0.0017399232247762649
-0.003498678564451697
-0.001648704312218775
-0.01032559021413183
0.0026582466677969596
0.004940887946756138
0.005034512329624958
-4.1704407482064034e-5
-0.000501052717790205
-0.0020684467520467632
-0.0029532358969735035
-0.007882779947141007
-0.009200993338803882
-0.016965511361887405
0.0033671644679545594
0.013878521136241617
0.007819430905380205
0.0029280724928857534
-0.0024034673179382645
0.0015909672408307041
-0.005729696345692068
-0.011592399305685805
-0.02431187233054613
-0.07654745935113133
0.06228642549244152
0.03074310160332353
0.01347200524448736
0.0034135238188649597
-0.0009402376779081633
0.0021055336575560527
0.0003173275462081326
-0.015077271810530488
-0.0423061282473331
-0.36821892546138446
0.5068865659375852
0.055330244515158056
-0.0011748089943408183
-0.00021484441352175092
-0.004411576035378158
0.00436680877588293
0.00037296336426758205
-8.20949354567328e-5
-0.06369579875946611
0.3375955848732117
-0.3280962114628124
-0.13738172324534512
-0.028845291381473445
-0.01661059582431969
-0.0032476964020319568
0.002807065813089918
0.0164124436501365
0.03252421195746602
0.10692933661178675
0.08584249692003972
-0.0941616504033786
-0.050712794064663516
-0.03466815129251937
-0.00981268269056535
-0.004871728309911002
0.0038546855496806517
0.011971940997667269
0.03321508998679125
0.055129837321657646
0.01725192755358972
-0.018194090507140187
-0.026566038412449214
-0.01744180325926205
-0.009134020030522914
-0.0018665253201998512
-0.00042680242236444024
0.010803617407844999
0.01448934109114136
0.02283746547526011
-0.00327837387379381
0.01661181912318644
0.027939927842412282
0.028360130616963068
0.025132638945116914
0.017120240601036667
0.007895087895103719
-0.0005489348181405111
-0.005091757007998514
-0.00755797478908685
0.00035656064333900134
0.01369851429824
0.01980722625463149
0.021572351964609694
0.018992821745500845
0.015608165731381822
0.009577336407350402
0.004044011564655511
-0.0009109096296776898
-0.0006929334948681972
0.002731994347284962
0.015239079289243777
0.02230104064108447
0.01886268068796214
0.01858596121969616
0.014814127412874844
0.010332286055487484
0.003795138921129237
-0.0006123413542214138
-0.005341113001972966
-0.008378143364653996
0.020367986824277214
0.027555378982934628
0.02604126156346774
0.025338544977578266
0.019012930197975834
0.007518337988779605
0.0032318669335197905
-0.0070807821216822215
-0.012243336575500335
-0.02603166692212963
0.017855914238625394
0.06052772118423264
0.04433672787380388
0.03300709682550742
0.019641752497890255
0.006552847923665364
-0.006868482780030775
-0.019484379436567962
-0.03779047770772887
-0.11692450557989689
0.04668862612450976
0.12185942628762259
0.07925074989290876
0.04385425257872567
0.024889723884413927
0.00458216550307375
-0.01205986651002997
-0.03651581059098695
-0.08263466293657394
-0.3731518172174914
-0.8205490731979266
0.21487881265912617
0.10993827669459609
0.05857352884631737
0.02801053532185643
0.007598053217089161
-0.020501030725160435
-0.053413205866995064
-0.15214358485443102
-0.25258365208037453
0.39260617722553603
0.21539942405169688
0.10603148755014769
0.053965066457188876
0.028900360294468994
0.003755193650790126
-0.01936132459879545
-0.06618109420894093
-0.14376006399305236
-0.07323662946399702
0.07780836867529987
0.09883728807220946
0.06943318520013021
0.042520289354168864
0.02054271368153953
0.0042533196450580055
-0.014596450200144474
-0.035620125865598505
-0.07668427364333465
-0.01768407230819426
0.030529068828109407
0.04502231199475854
0.04286590643324651
0.027462090737337925
0.019084533795936272
0.004666007268885932
-0.00319243335630498
-0.01957739519192783
-0.024691777245701117
-0.015062561112704808
-0.02479305361635841
-0.03300610104613449
-0.05644124823004508
-0.061402174699828366
-0.06478134217112781
-0.03199235111783982
-0.024804119907395457
-0.01163333249780182
-0.015243436439240747
-0.020189192805343387
-0.022165632768511193
-0.05293977212702282
-0.07510596623939733
-0.11829876036064735
-0.10807560037597062
-0.06922818435255419
-0.02136505117022633
-0.013599550216043638
-0.009929822435527534
-0.011619824812888738
-0.0297195292018999
-0.04344130853311143
-0.12559023510623954
-0.27307983558711457
-0.22928971713467772
-0.04328247103459084
-0.017126654442054655
0.0039854167947986335
-0.008661981272265251
-0.0070556879344081894
-0.013676271737119576
-0.054283703907713296
-0.11212706679196761
-0.6041497435213008
0.6496539650520613
0.08861318515052798
0.06015345117465722
0.015571330532209446
0.007193521685977347
0.007897836469056986
-0.0019303874902954544
0.013662698650813642
0.04241765107868154
0.2751338483593761
0.32182081363120524
0.16433290504303585
0.057770020772674534
0.03602343670501531
0.011087433035426293
0.005059170820061576
0.007177441636966309
0.013733126827138536
0.05175901089777161
0.09531329912854822
0.1479492845257654
0.0805164953400006
0.05663758419374745
0.023849013046802328
0.016557030046869415
0.003417809825318418
0.0006465342578088917
0.011601472240656477
0.0179116197903933
0.05733072255539605
0.05016690243282528
0.054309433663754896
0.02751455636542669
0.020741271377196082
0.00804058460049384
-0.0009291584054435633
0.002557934858903662
0.0015742639206314832
0.011196490037402518
0.012271899247750701
0.02588695636249706
0.013336030768948555
0.015433504002517778
0.005244737231795705
0.00528577613742355
-0.0018963064671336412
-0.009656690904019615
-0.007313134711496794
-0.009177048298977555
-0.002124963153123382
-0.005112721217047788
0.0022269894125174034
-0.002565014596819415
0.00012900893366235902
-0.004550657757329504
-0.015012768306383543
-0.01360242892621078
-0.02235132528280061
-0.020393731400944106
-0.03226016996840081
-0.02282517709842167
-0.020905237667180075
-0.011421273003691093
-0.013301436622655413
-0.010502549301857678
-0.008213607950411202
-0.019443096192402764
-0.009183645038952536
-0.011950434148743675
-0.00276408429370714
-0.008913114717887713
0.0010765207315182245
-0.007827773522521533
-0.005397013975490388
-0.01884792211316495
-0.04278133372376378
-0.020798463740627215
-0.018054124556635555
-0.0036024361960015137
-0.008522293218570367
-5.336643803854229e-5
-0.010918354807704159
-0.005485816695423215
-0.024005796265496204
-0.01255651909329798
-0.049504171817568304
-0.05754969517037665
-0.014560094517099652
-0.014411587380890488
0.0005679637012919838
-0.004981086212684491
0.0012590871541509213
-0.02589169052278088
-0.016188467946878088
-0.1385446376663586
-0.3206049870099507
-0.036760907919430603
-0.026373160741089793
-0.001099815946920925
-0.002665668363568913
0.006331387631862162
-0.004044195592037788
0.005473473112827652
-0.2994547692529395
-0.8463118885155617
0.19076612121453645
-0.0019649678937197113
0.01887909132358543
0.004046439929753648
0.011411214034707856
0.007454960025730011
0.035612228918152654
0.03486183297165445
0.20552889849367184
0.6713232024352558
0.035947145930906144
0.0429799559147149
0.008565161704931426
0.018272794366422436
0.009458360597310233
0.018305486088547422
0.024145164275441708
0.05562618637182434
0.04678636691185762
0.1426528018942677
0.04558491953770287
0.0136700210713886
0.016199217689133828
0.00682920908493246
0.009230339227026346
0.007309061809506989
0.024161345598108248
0.021872780493871515
0.04951560590072077
0.04422413235514516
0.012942771994488938
0.017321739348652988
0.0058645146717406175
0.009938078976743125
0.005286696057108143
0.008632344836746159
0.010036159628039118
0.017930027783397376
0.016747320704854157
0.03403105358714644
0.005397738724873494
-0.002601446160793723
0.0023565128893210958
0.001828541214155703
0.00385917824926526
0.0012676529351770287
0.012453906001618088
0.009367058608898944
0.013909185569581607
0.007351607081448851
-0.0036486592449719944
-0.001045540115564735
-0.00559735709193096
-0.0029056645909002077
-0.00561992359202877
0.005418346338231762
0.0012361399882473863
0.003408646713742398
-0.0012480042769927595
0.005683886186074831
-0.013561405716201385
-0.0712153524805371
-0.032913300959603764
-0.01793530774688909
-0.05265152592731269
-0.060907588769738875
-0.06718397284880873
-0.049159728093172775
-0.03869757509772717
-0.052595465303079514
0.01747815617162323
-0.008861725347525428
0.009630187786555569
0.013688161883524074
-0.053451286008351154
-0.07307193542187473
-0.09104853753211817
-0.0790072137049029
-0.0724857901544039
-0.07741650407201708
0.08815321497170013
0.08659229608391358
0.07124071511757026
0.036598275774086045
-0.007816408296646093
-0.04202628130235746
-0.04956681467949384
-0.0861427313551028
-0.0964429018956622
-0.1400415116657481
-0.5171158066077726
0.4097635460697921
0.22833236217956288
0.1294892111139304
0.002617995967091384
0.0038295730455084826
-0.05695419255375403
-0.05814927938735802
-0.2229209385881994
-0.32147721583451316
-5.370724221409929
1.1869597606120557
0.5981015688657145
0.2015293554857159
0.06926729932820329
0.01085173793942671
-0.009757576415339208
-0.07734586098577399
-0.12743527503701893
-0.19235151779595516
0.9775356063742573
0.6354717318101775
0.42602169445701177
0.16792005626994508
0.07412582387332996
0.023601425809223666
0.006159684412625048
0.004964278343112466
0.07470026590521431
0.2496334619696659
0.5994373124984722
0.40382160101141723
0.2334997137867918
0.11332407556580822
0.056501864301157737
0.011013560650278413
-0.007277670913711698
-0.015900287698992443
0.09415936456392884
0.2596915853664034
0.1504134961648019
0.18494682572476404
0.09611028274600435
0.08057503926737004
0.05565679226524425
0.03336528830465087
0.0008789720493878415
-0.021011616291637822
0.011497220106841406
0.13657661074180746
0.05042945525564114
0.03708641356783794
0.02412087980646652
-0.009154423356419344
0.007251320891387322
-0.01617515621774883
-0.0027977446559056245
-0.03988509334663113
0.012676802121341915
0.0636622526091349
-0.00031632288174585196
-0.007764645442853026
-0.007109010216342028
-0.008811610140216917
-0.014295104602452337
-0.030253189351920968
-0.06048845207372657
-0.04369907214123836
-0.04013069310225073
0.003248667266455953
0.0713147664046621
-0.04190669912610384
-0.02216043949017528
-0.02876525729375233
-0.01969592678065331
-0.027397033327604056
-0.014367362245323199
-0.02267797832523531
0.0815803894901123
0.36337861916922676
-0.00040444344431421014
-0.0016423807062536802
-0.021483013766586168
-0.013115545941011613
-0.01806492975395659
-0.014328894399056782
-0.012991578469511406
0.009401992799511523
0.007176195679692271
0.08981748492288338
0.007479398917838888
-0.016390319667338154
-0.011559757414622018
-0.015512418318668007
-0.014265780184862449
-0.013775068462130287
-0.003904265852714932
-0.005922178162214184
0.01184331537576131
0.007489245329937789
-0.009378266188039443
-0.006311018452596173
-0.01374834333925671
-0.010228957579874132
-0.013306346741437424
-0.010152484197840952
-0.012786064171030214
-0.0039615596433848505
-0.0051108711953780205
0.007362817333062259
-0.011859236274941133
-0.01716050282315187
-0.014645491617810412
-0.014916701979252886
-0.012309499275646712
-0.017520930110822924
-0.007648835840858905
-0.006746153746433422
-0.002770803681669932
-0.007308603650706256
-0.0066187397713131785
-0.008381958413793456
-0.016787005997989327
-0.015110949837370397
-0.017228650443294653
-0.010972272752329003
-0.013300285636596972
-0.0067370847051292804
-0.006865508959782871
0.006032799387096647
0.006534733140199461
-0.01701496853026354
-0.0163028143683024
-0.022698376163629474
-0.015625767136318063
-0.02107893131107423
-0.011976903113102691
-0.011490398365740772
0.003065286275313799
0.003915612691814558
0.0012377875015417924
-0.009898304626891263
-0.02422130886507585
-0.02033815676958213
-0.025380059108098266
-0.01896328295428573
-0.02482278490749102
-0.007601525908474498
0.002140145258648669
0.05046600098314308
0.028546612662669266
-0.0550485175764417
-0.029268366520969924
-0.034943219930247654
-0.02241984676829266
-0.029385964137287553
-0.02622505844060824
-0.04701416656595244
0.03481634199234733
0.38402730531258733
-0.4056753149991833
-0.0828888600440707
-0.058321455544518085
-0.03279871945024902
-0.029407426109355317
-0.026196614753438343
-0.04662646680438525
-0.0636547392711505
-0.38817119676827416
1.1261370623192055
-0.004052422089191056
-0.007994364361321733
-0.003554254564814289
-0.0014374628326747636
0.018399043470526816
0.020783235225190873
0.10717798684745648
0.01026048900763918
0.007885716446857306
-0.010746376917832028
-0.007149921306810957
-0.004249010601060455
-0.005233872987846458
0.0028971858076150903
0.0020749240187795575
0.02085028097822048
0.020331358722287328
0.018598345455515756
-0.005227977498641936
-0.0021003016923834203
-0.0007188824327401961
-0.004050214263353462
-0.001109008185047378
-0.0023052216190084657
0.004654745728361658
0.004738782245340896
0.015687825991952297
0.0007464988721992993
0.00130301421489746
-0.005785923460292723
-0.007107623271618941
-0.006727010503123929
-0.007018169449897267
0.0007810485082983306
0.0008407020617474091
0.004428415386763997
0.002121174706888467
-0.0020150831256040506
-0.008666532403055635
-0.007828715770837978
-0.008094164223007093
-0.007807327142275127
-0.002602151852282826
-0.003913292840437094
0.0009648175691268025
0.0005523719603824546
0.008481022080009788
-0.0004976523635769471
-0.0047768073391336405
-0.012299901917537458
-0.01438194440615094
-0.00723043428338847
-0.012780536071764664
-0.005461632871187141
-0.003598164050503232
0.007524397386687067
0.0037431517130422955
0.0017384987326594977
-0.013561837014253992
-0.011651640431365028
-0.014058868076938381
-0.014389027668545775
-0.009864415420831503
-0.013559489209335059
-0.0018344830089742942
-0.001663809329770794
0.026724313064798576
-0.017847394654056218
-0.01254160404464978
-0.019298337461923724
-0.024688668256202816
-0.011466113666613452
-0.015415521945783424
-0.012602271522993513
-0.029959991479263648
-0.01359820239853369
1.2412253647870612
-0.04511717395862056
-0.05739594985028786
-0.025088569093926528
-0.01954742869173357
-0.015737712255472134
-0.01111317081371021
-0.02330208633672905
-0.02893385290890277
-0.20279615985987726
-0.740688470178753
-0.2617862797443949
-0.06580800912116556
-0.043952849845410244
-0.015166851279852789
-0.008836173110465908
-0.013095664136123704
-0.0010808932680451187
-0.01006752744018075
0.06521566836491995
0.46998448674804916
0.05583352182004164
-0.02909451265206455
-0.011815015568231184
-0.03513434742029197
-0.028188290400022884
-0.024491826442264733
-0.012193975915221072
-0.012012759862818075
-0.0027809462313866558
-0.003695345271012916
-0.0013459095893572452
-0.014552538936802889
-0.016918736532164465
-0.06221180967710404
-0.06643245056318957
-0.03659255805601693
-0.025766915704501885
-0.011517047276445919
-0.009224503098353397
-0.006164609381199343
-0.011655463746296564
-0.02281251317234446
-0.059996844353676616
-0.12720142442015497
-0.09947038199994244
-0.07250901214325163
-0.031749894866324666
-0.018855873434130716
-0.0028372837515910814
-0.003129577750518118
0.002099454656362348
-0.04361308067838853
-0.08823569202537393
-0.2801386568146675
-0.14941709993794391
-0.06997443792179003
-0.042518555073188385
-0.010172176357254684
-0.001331965981941583
0.01810863906979485
0.01980912925021306
0.013529314727251466
-0.18029979719515626
-0.6303712480254791
-0.1373823661970617
-0.07615159849561863
-0.021134198028261626
-0.007777208279042624
0.01444102200598558
0.030858711912104406
0.09677423783914493
0.13941918596938666
0.5387267049179033
0.2733384762201187
0.025860982120324647
0.003919947750720348
-0.009325904476294822
0.007532041518021784
0.012143529347963321
0.046043393020091423
0.07448209107692275
0.15665934353592723
0.2937809240595204
0.09618939741959626
0.0427022815184434
0.002648442117728481
0.007404163830372743
0.008870348242804135
0.02086360461235032
0.03331126933933849
0.0649089649141259
0.08376067915792709
0.14589072306580772
0.05736167937691783
0.01818549243683686
0.013207936560232334
0.001710080703256121
0.006861399804093989
0.008545191205871579
0.023590797572118714
0.03191216238058682
0.054177148721417455
0.048257660121347884
0.015457412570467914
0.012331360448536876
-0.0017537779854390715
0.0005649692659854915
-0.0011805771648564067
0.005698456257403499
0.010486916678144399
0.021377511273047357
0.017981493562000544
0.02891114758704668
-0.004256714792513481
-0.014005554169525092
-0.005558632488581451
-0.010266286790075161
-0.005357095159206526
-0.00650181702238852
0.004302275180884179
0.004477306096273204
0.0051089759509294515
-0.0038170999650084378
