0.0003234038173478153
-0.0025301251036899007
-0.120677466320213
-0.1786589035165322
-0.12238783591648056
-0.06155030030825305
-0.01788875807437532
0.0005596422998610953
0.00393666423819117
-0.0025826571739092008
-0.015931973174071405
-0.05705033369104514
-0.04749717319953936
-0.06111612356090202
-0.05166710532645274
-0.024969874161819474
-0.00788040749467427
0.003594389250029658
0.0033869177730455426
0.0034469751697325493
-0.005819296177846414
-0.021382968735970117
-0.010263258284811056
-0.02004404581535865
-0.01110834514068134
-0.007212672358171127
0.004226287892595355
0.009950845540088293
0.010013753444670549
0.007272767467097739
0.005514286310742204
-0.0040465443548198836
0.002690480259190223
0.0033030323457830875
0.0025058653746339336
0.005183401614571041
0.00910072684616493
0.01429993448149125
0.0156596181301262
0.011620513142811166
0.011832681268638687
0.009155242774304665
0.01161255830481794
0.013752899054320792
0.010321829880053665
0.011699862097497828
0.0140400424419238
0.016496197715268227
0.017928745444731185
0.017544973671257916
0.014218259430179452
0.015004729900390874
0.019312420555388288
0.024983701205060046
0.020636888201675314
0.015327143576842681
0.015560850779722066
0.019479572635827547
0.01768615378415345
0.013965656464320818
0.013905396311932345
0.01269906622535098
0.019240013316615113
0.06881781036006063
0.034265732213522485
0.01317807300360755
0.013753267736897124
0.014395071853688567
0.011057340871945083
0.008486336731316718
0.005937857505248175
0.00516603527112267
0.03887167244557991
0.4386915934106094
0.0321909769448786
0.006670051618155864
-0.0020727822899447986
0.00720329650062334
0.008035372415764902
0.005957664202254938
-0.0041139510538829235
-0.019875399110188055
-0.12766169865488863
4.067306379284524
-2.7274011699355216
-0.08106766076287679
-0.018693265368084987
-0.004925528858690911
0.0021041109653554086
-0.005894948073292085
-0.02320625985818034
-0.10345630326507019
-0.21616488667206843
-0.5054898547419019
-0.27906129733691887
-0.09012382357920816
-0.03848657523549403
-0.0063478678279113914
-0.0011871711649217985
-0.0063535472147475645
-0.03242148735709096
-0.08881811521064656
-0.03792430414823829
-0.04084803420479844
-0.0425752266720668
-0.049946322928979776
-0.053700671195054284
-0.05269534760250658
-0.04891356319843224
-0.044378807061496835
-0.042554673188434346
-0.03977250202808799
-0.03666927023602567
-0.03875742489885328
-0.044087098315117
-0.04678432175594841
-0.050780328613829175
-0.0452934973746938
-0.045784991141843964
-0.04288779645681283
-0.03971764295264574
-0.039472170648369526
-0.03849431891044975
-0.03882293023361742
-0.039714101827284444
-0.048118059282129824
-0.05095299840155459
-0.05407342963352652
-0.04817638585437118
-0.04583816304538089
-0.039456153307470716
-0.03869433706443602
-0.03561441069208874
-0.031056732380722037
-0.033758795729230316
-0.041521058165657196
-0.07127225480264561
-0.07014855634850684
-0.05882221133873072
-0.0509735203229906
-0.04355588573185095
-0.039123739414871864
-0.03539399731546057
-0.026574592134278586
-0.005945034437615103
-0.018109335573372878
-0.11316214423093882
-0.11775638932601577
-0.07834669626989892
-0.06140877921480736
-0.048399493466219475
-0.03894820901396461
-0.031256294582740755
-0.007039232367227231
0.01927685797388809
0.06161882610830639
-0.4055758015623106
-0.2131690128290118
-0.12032299508564356
-0.06953547342286555
-0.05189631333962562
-0.0393300592943691
-0.025207412960277533
-0.018142122983666867
0.09132623343122677
2.514771224479241
3.357049799350297
-0.3800445855486647
-0.14125409378405665
-0.07959770106066326
-0.05371255745923191
-0.041031602223166534
-0.0376520631970364
-0.020966780048409715
-0.022144596782473092
-0.0340559797582819
-0.39640805968192944
-0.1763622737414993
-0.11099631191282153
-0.06765030632432635
-0.05347687732372367
-0.04106442925455327
-0.03968967681551793
-0.042216421833195385
-0.034830578952218014
-0.057246577078846936
-0.11901605231428874
-0.10931493341777684
-0.07730707655057911
-0.0570705723379733
-0.04685667923685199
-0.04350385592413603
-0.044092092451584824
-0.04010750182656256
-0.047355006034994804
-0.05194563377927005
-0.0727072026357449
-0.06649467326015006
-0.05893112931907038
-0.05183439704754053
-0.04498207391528657
-0.03897116738808495
