0.011422875841813104
0.0005890134017528362
0.001763147264209747
0.01915463245490219
0.026937930236201987
-0.036458668976985506
0.030202484472014804
0.0011592894247735752
0.029846588597508265
0.026310492484578955
0.02629401894776486
0.03608454359518772
0.03675767825013657
0.05221876784024932
0.02848556931742047
0.014011344048031619
-0.04029267567169802
-0.021210626955710903
0.018204420930544567
-0.0031094432768155795
-0.004545839866292964
0.020221554907857403
-0.003571373161297374
0.0441445710828648
0.05333250294256404
0.04427079953526837
0.001300487593181546
-0.1663750976164344
0.03907437213723301
-0.10472112073486894
-0.053651748264239955
-0.05303025562280615
0.0072621486009671315
0.024344853530446714
0.01815484724806888
0.03048866225744823
0.07449923115330398
0.031108508742471695
-0.011565816877230503
-0.4209564771513093
-0.526120643351395
-0.046677192444677766
-0.08530231862500781
-0.011922209666326814
-0.026221714782343877
0.02053442143139936
0.041009518852742906
0.05062283941451389
0.06111604437087585
0.03051778644883167
-0.013471585016058076
4.748621390279604
-0.6645284154864401
-0.3971767181962513
-0.09760537801745985
-0.051549327644771166
-0.008058561632156194
0.01057965322645053
0.029014812449652067
0.024587003988595733
0.02952985112770318
0.05695003648139135
-1.0407195558795077
-0.8651786891762544
-0.4938507318823285
-0.1708293783530992
-0.14158198979974154
-0.04830534046648
-0.027562336420843308
0.00895873484077634
0.04184340417448712
0.012254665156780725
0.005707048091609731
-0.09537477133049846
0.01419438509756734
-0.17738079227636497
-0.12292778086547898
-0.14359638420984755
-0.09538131712991006
-0.02571014702002433
0.016482797252014847
0.008790802745375793
0.026987283001301182
0.05161989597687747
0.03533105596262918
-0.009178834567308518
-0.17251576420080714
-0.07986270346812673
-0.08377117731080008
-0.06441299830107754
-0.06279272238151237
-0.012764750426188843
0.041175302421370255
0.023764989276735128
0.044503961580707935
0.040660692546933795
-0.020393302421410485
0.002568734977225962
-0.04714697547768609
-0.054864838332508374
-0.030688824360211475
-0.05534815319967214
-0.005216445092050792
-0.0006321229738955154
0.024022159741820856
0.021233726163810942
0.02354641249407458
0.035940780727391715
-0.0023542810259131377
0.03638612471753257
-0.0315252827257692
0.009933020348709626
-0.021056237978970476
-0.029634066027034747
0.004592803864644161
0.037183492228937735
0.014287420848185656
0.03023068935715973
0.01436513276514808
0.006327168691224235
0.006529643870063429
-0.007144685433111036
-0.012434745542617465
0.0071047791381252685
0.015806198872410554
-0.012736657567775079
0.01707332567500792
0.04228086011442432
0.03533618148461579
0.029259251429129045
0.026290509178599025
0.005100141467901096
0.029141419378913368
0.03631807098888154
0.007297198760610635
0.008034327062020936
0.02364819201058215
0.03347637309459614
0.0249493654875314
0.041661907287920644
0.03788538389579307
0.028441856316756366
0.036411619581393787
0.010110786765506898
0.031822686509955345
0.05800385556562824
0.03566770041249588
-0.05705608719787221
-0.0534046486696313
-0.05014929757287414
-0.012324695287924506
-0.009714333356387975
-0.005088532873690353
-0.019008232064366384
-0.022779402867607153
-0.027651772985420056
-0.03320040823648932
-0.04236059238017109
-0.046576646241118166
-0.06723297219182645
-0.0943873488005648
-0.0543732431086447
-0.004575870290883176
0.03290947201388149
0.00872237055438187
-0.0010524069246925182
-0.017072507742975244
-0.025719332622970843
-0.03794988190113866
-0.04353904004534449
-0.059981774250049136
-0.10868073597711031
-0.13932328009057388
-0.2411455922544858
0.17790037072254658
0.08119016723569342
0.050586313652876094
0.007523986860057677
-0.007816538832322981
-0.02183129707824963
-0.03248417248522219
-0.051169196984286326
-0.06799024175710155
-0.1231754085689757
-0.320824360550868
2.6460032906748823
1.6784399470689406
0.2633760616942308
0.0687499991619287
0.026013928669577645
-0.008409407830332661
-0.022404602327053488
-0.036209076844859134
-0.05231606682435668
-0.08432570338193124
-0.11112431002829679
-0.13529641155345268
-0.23327676394954397
0.18015043587906346
0.08201026059566868
0.0505519874113556
0.00487828845896658
-0.010588446068113688
-0.024905823412700735
-0.035495357016000484
-0.051827869946747755
-0.0649749330455277
-0.06689399452236897
-0.09308429839022161
-0.05304756301201416
-0.004740709307368268
0.03163832619391082
0.00895471065189898
-0.0022202873852225197
-0.017973609321345813
-0.02574504210275811
-0.035539542702014766
-0.042216440930212096
-0.05979603811820171
-0.05400011051575783
-0.050448411098567604
-0.04796824557221066
-0.010696410233887045
-0.007701485206931106
-0.001646352539802056
-0.015966011518689104
-0.020835644646623776
-0.02761846834901027
-0.03476625347485638
-0.04244740752485806
-0.048477102670687465
-0.04109317757143336
-0.04131912327082688
-0.030697551624426243
-0.02751467548032224
-0.015718231693115446
-0.019603646303376868
-0.019683199260917394
-0.025237397638461175
-0.02690733958543326
-0.034409241965188304
-0.03865518420558039
-0.04287286592940976
-0.03890272048013299
-0.03525288407635117
-0.03295782051940014
-0.025805098986458684
-0.022077217292656943
-0.022036730820912988
-0.022912424120956235
-0.024922575664472407
-0.029861821371008936
-0.03176756961642414
-0.03584363215330137
-0.03688054202260505
-0.0354510772834913
-0.03772185091806969
-0.030160808042857222
-0.02678519250555894
-0.02088403208958603
-0.026814276664818025
-0.022617599176728558
-0.028168221487643273
-0.03019280033058128
-0.034777759005360336
-0.033702337132898746
-0.035678162631753545
-0.039070542536713555
-0.037586550921653535
-0.033749301574281215
-0.02562326926082429
-0.020887192783203206
-0.021457637351566597
-0.02179337549361949
-0.023610441125045643
-0.028402453046199896
-0.032275398050078175
-0.03448972625626008
-0.03494384264228257
-0.04060048119132273
-0.041978125534150125
-0.032263917398211925
-0.02554371632716428
-0.01593981756424336
-0.01719599022914859
-0.016115435448256193
-0.02529920773617326
-0.027147543755764954
-0.03450225182076019
-0.03792604928039806
-0.04268682283343157
-0.009726980866011155
-0.013680445095136044
-0.016713539126107263
-0.01595954657920435
-0.019250385706906813
-0.018197394492031508
-0.01749452782918123
-0.011556729250765022
-0.011410569009661472
-0.0046673315807983775
-0.005607697867645886
-0.00453091210502577
-0.017497181476051372
-0.020005040728894828
-0.021290995606850327
-0.02339306512635267
-0.021402829691595328
-0.022484867096058493
-0.021812457595137058
-0.023523626499020563
-0.015678844328565564
-0.017512983591530976
-0.015783373111788696
-0.01613587890748489
-0.027952550678992216
-0.024810443140014213
-0.02747520062513724
-0.02793942140951277
-0.028649211966118526
-0.026681885653014586
-0.028525250788313555
-0.029602444597237404
-0.030387223264747736
-0.02959458398539147
-0.031400208206670714
-0.027367225069103003
-0.037487763833795235
-0.03641789744976242
-0.03240366293537491
-0.03262678102755255
-0.030472174603699356
-0.03210130610964309
-0.03091453557058352
-0.03602108599473088
-0.03624092290419202
-0.044604300019407295
-0.042976209355088724
-0.04505150793809625
-0.05106125823484312
-0.03810862028537555
-0.037374759062259205
-0.03208657923210689
-0.03234874541503573
-0.031965555410616575
-0.03659579346666006
-0.03790686390966433
-0.051603177677858
-0.0617321528203464
-0.07827155768768802
-0.058116530353979616
-0.062245829433301335
-0.04909018961639707
-0.033702534335364236
-0.035205243323349775
-0.03116930577972525
-0.03213743701858999
-0.03763888507245848
-0.04895579606118703
-0.06106132522067423
-0.10497145729546588
-0.1175025293174246
-0.10626040670490407
-0.08378518173971156
-0.04840307488740967
-0.03616625091350064
-0.030315220862325274
-0.03028154543467869
-0.026650508965212066
-0.03590155985875463
-0.04672013828053823
-0.08709950344837254
-0.1319561872658442
-0.3195267270516935
-0.13358164893206062
-0.04829996712960725
-0.04299229288284739
-0.027056602615416998
-0.02935741255667095
-0.025455099215976697
-0.028471542342744197
-0.02602890070715839
-0.04451826829836187
-0.04996428347059811
-0.23549911362223078
2.2513718347986984
-0.237892121412354
0.002601625742453273
-0.004097026296966163
-0.022973351005173285
-0.022590118512333085
-0.025908523700741804
-0.022100528118323835
-0.02363141990850508
-0.007274617415155742
0.0024859592004974514
0.1883245634964179
1.25608063496612
0.18435696719298078
0.03855031472284184
-0.00039156443536882406
-0.011253728317865922
-0.021325098500047344
-0.0195919414063643
-0.02088673225501997
-0.010001040688290587
-0.0027720243255217854
0.03911336376977687
0.08213952529579852
0.26798123021176223
0.08403740621771712
0.014633542315994867
0.0035515526708040012
-0.01244406013543639
-0.017174109657358824
-0.017990785168146672
-0.01595801513476768
-0.015104597671564374
-0.0006338910556099922
0.010380859424662514
0.05783462267349525
0.0683004988003345
0.057362841368896876
0.006634489569504499
-0.008689895297898391
-0.010441924607333375
-0.015096835072224696
-0.016499850478847337
-0.017639846055405903
-0.013020493742434722
-0.00838815002341527
0.003835965094099481
0.011927916585067403
0.03318012354509757
0.011451037871605152
