-0.00025357843643466544
0.0005898162216814733
-0.6932314966096575
-0.01738329569725596
0.019249722170994733
0.08121128367661792
0.09079926130356439
0.06129897662997849
0.050692949281243564
0.06499652387716454
0.27883202880732744
0.15503075312276088
0.09616097097134313
0.15990149079521432
-2.512609932409663
-0.09572320956386399
0.07484778777147605
2.1889261860721008
-0.1748662737615412
-0.2562990690609117
-0.2810570020005696
-0.1804777387770163
-0.2426145554146721
-0.30163984995961374
-0.514506967158062
-0.2397953697462722
-0.09662589317856113
-0.6346808690267024
2.684967123603207
1.5931922881043392
-0.14183096205993706
-0.2592598641746833
-0.9831456571427313
0.0028406589314836648
