-0.0009065841879544236
-0.0010170503401866573
0.0020867815703683565
-0.0003713540086242527
-0.0013604274050781264
0.00015435307614957246
-0.0011724798665167437
-0.001623634317607863
-0.04106760806257338
0.18876927248901818
0.050081307250796486
-0.02230132472537281
-0.19110223144186894
-0.022745140915135905
-0.03191887274068781
-0.03174122426041317
0.48772382738614534
-0.1517731674920332
-0.07128283446582036
-0.13610564230267277
-0.024579102399087453
-0.3994929412943689
0.366652647164042
0.0014830359455964234
-0.12483219689174388
-0.19855542889206673
-0.09860790932618517
-0.12278123660975467
0.616257100106718
-0.16668604000105505
-0.1527726664191041
-0.13392919098511585
-0.046619858958176594
0.21267858472592105
-0.2063395376997637
-0.012425129847289704
-0.036421910944509236
0.043103746492241864
0.5105513871905261
-0.09281971173904895
-0.22939979509653444
-0.27373269664938293
-0.5573116516727752
0.49318720617363027
-0.08722046614819007
-0.14165934004158634
0.4348973530211159
0.4324482759028413
-0.04050422571342638
-0.07919127783244709
0.22813170917604852
0.06079201456445103
-0.12152667541846708
-0.17042257351534054
-0.00221395701385047
0.03992610026410886
0.09368460346789224
0.029185911581906854
-0.21123576724237397
0.20153475994629122
0.057390910424876665
0.1062439127701406
-0.5813908442420157
-0.05902542349960166
0.06317385309725604
0.034742088317012844
0.22431740366198033
0.3393928954361469
-0.0070929544640951905
0.07381513269077808
-0.04105194300114006
-0.32568453889763677
-0.08253514885518631
-0.11259614315137825
0.043630826247272304
-0.03901923748158096
0.03651554125305281
0.0007746800427233316
0.25805816000233534
0.02427674265323703
-0.010554879779905837
-0.5045421913294578
0.11025948590906602
-0.0407680564300438
-0.12201823794170256
-0.07552867008572618
0.5971941860724529
-0.07414705703106529
-0.054473760503445025
0.015879436313058524
-0.007849939854515148
-0.06781017884998305
-0.47877034379316413
0.5830532614201597
-0.0032416910036854765
-0.1645895825603445
0.46355419456968056
-0.5590294046939741
0.021184232102952505
0.05843983727320917
0.21026081687856746
0.08074297191488451
-0.014401380505678818
-0.008948469007523954
-0.18105762495322725
-0.30187137740178727
-0.10096672300040864
-0.03904216651549679
-0.11021295119737873
-0.26860133251763646
0.13653492324174263
-0.03315585716305053
-0.026733388882053018
0.7935168242965774
0.3064874464950758
0.1170105849412448
-0.23495292956345168
-0.4332886403109319
0.3722195942979165
0.028913618031622634
-0.2925820974255165
-0.018799693040799988
-0.31482560852055247
-0.23457147694575414
-0.614889041413383
0.18125169881155498
0.1050793039732085
0.5693894569889976
0.3791229199699096
0.1010847364665169
0.09074974749664598
0.1477562889992413
-0.01180779959698121
-0.0057195570761019165
-0.018172651140281614
-0.07136622778781897
