0.0020519008176797834
0.0018406640165337916
0.00036729038651316516
0.034280048803846996
0.038369699150950676
0.03734968338643962
0.040642115788091224
0.03388326500581821
0.03479100222100998
0.027753299604225262
0.03162239867465848
0.028514528827198144
0.031152916300926665
0.03141233347778664
0.031944959911366
0.03416988600168152
0.0346158522954191
0.03444208341455122
0.036401438054943856
0.03923528874625343
0.03900275469911298
0.038318435018599585
0.034049395551108405
0.03322431504896424
0.029890614146070422
0.029742506261297538
0.030287380781711892
0.029634015613379635
0.032179482290034485
0.034414500713962265
0.034825405267348265
0.03562203745995284
0.037143216173897146
0.04119030890687263
0.040655794484281964
0.035806862780329456
0.03792313185980359
0.03235004449630968
0.028299326576027992
0.02616211220034795
0.02462783300890553
0.026666562049185393
0.031887780082606246
0.0350848525578287
0.036341336308132216
0.03925920315994934
0.040079046684197754
0.04538857528117046
0.04737326233006938
0.04542755074271742
0.037983582048456595
0.03382148143366417
0.021586754499838105
0.024736329060288033
0.021577778277385145
0.024769892096397034
0.027994139863347377
0.03451497799730306
0.037289064650407086
0.038514505084765914
0.047006735533022447
0.05177069996783603
0.05908845329411928
0.05181849502749014
0.05577208532507406
0.017247208603895538
0.018120133134548442
0.011962237712434903
0.017337253239588256
0.01945304648330903
0.026443752041038403
0.03248673571755855
0.03515910170927273
0.04177159272515495
0.049420062676328765
0.061592785280993954
0.06582030361498944
0.09010421385601791
0.05928923453004851
0.007057919633503592
-0.02335496733669567
0.002934484590089016
0.00867770198383825
0.01908568175876557
0.022774453557323292
0.030030821486654587
0.03604250362489913
0.041694079807136415
0.05345815703172352
0.0684583205071919
0.10020194925378972
0.11484796498873977
0.25826144457509254
-0.08256828238640354
-0.03898515395354409
-0.03513083439717642
0.0030172757063445647
0.011916097845213693
0.025823339291242167
0.03157747658308162
0.03783394824463211
0.0458405860505475
0.05597929725756226
0.08297514773674157
0.10988165712991375
0.29252714317656875
-3.914507036249145
-3.1223403591433985
-0.1970153114241784
-0.039728223117450244
-0.016069903908383417
0.01060903068446624
0.021872574455640368
0.029967735807918623
0.036082151416950946
0.04441412068296479
0.054559279351694294
0.07010207850691097
0.11295319334933712
0.1361581120021919
0.3239474099695024
-0.14698938568776956
-0.05189743577836236
-0.032944662897806544
-0.0015486890848306649
0.011539431289086813
0.0250018896314491
0.029510285119208626
0.03759444982655848
0.04303564806303025
0.04838362828936555
0.06269582037881145
0.07307003726020667
0.09828695898046128
0.07326120599113002
0.007073557235566523
-0.022757613861729063
-4.6821607543238867e-5
0.006621184085174576
0.021341757384837238
0.025282036533054275
0.02948556518321159
0.03242192376304285
0.04077511411202327
0.04605660979933324
0.04928191697579644
0.059351740904343496
0.060646299932234436
0.056766381949415766
0.01927316649183711
0.01756293904790301
0.013278587317206662
0.01790083206659875
0.020667050285773335
0.027692839370325305
0.03014846147929036
0.035941514575776885
0.03932736504024721
0.04152621490102008
0.04705982731219166
0.0441180338273034
0.04832798087328828
0.03795929174061718
0.03224423069582444
0.022960605489134533
0.02463960566024821
0.024668554624554247
0.026798106900047722
0.029521703825537003
0.03454707612633486
0.03480520661243771
0.035791883621995146
0.039786470411469876
0.03982453541461758
0.0432809385559738
0.04230728800016521
0.03811602243025751
0.031006489570267474
0.030731484245423234
0.026917464566815305
0.025499719473054443
0.026855701795424
0.03311757277441951
0.03532267277375592
0.03695817272177727
0.03788495031474579
0.03909411814803257
0.041372829385052504
0.041814548224368864
0.039924045036623
0.03741081397521698
0.03316742887935811
0.028115168663216745
0.027941660088226187
0.027870247657267883
0.030518557463102346
0.030399469055344963
0.03298523179428085
0.033862347219577024
-0.06356231223084706
-0.05174039119747889
-0.01547908478892975
-8.970351069320897e-5
0.011071834189188026
0.009582870549490651
0.012788219997138429
0.014644070218131428
0.012429413907928745
0.009210091614656465
0.006027247387939755
-0.010380075791474989
-0.020887554962362272
-0.06385193504100048
-0.19640989305918247
-0.06041390994350916
-0.036216903671239024
-0.0013345568392541841
0.008405372406387569
0.012148370699461954
0.011473999414851105
0.012128937582108878
0.012688983413466092
0.006949463371103564
0.005225800758633511
-0.007577392418978547
-0.04636040058759744
-0.0934577042113738
-1.1384992987967584
-0.12994648719026297
-0.0013462357490811015
4.3730553061928275e-5
0.015477546498311429
0.01606424915050841
0.016833915730401425
0.015578763827415982
0.013608260774095698
0.011411789397502176
0.009675288046817406
-0.003092163409786033
-0.02471215886044809
-0.2612241372281039
2.185783367048609
0.19855194573857454
0.04169447829977529
0.032400071073048986
0.018899873619872814
0.021427860588971635
0.018993630758420896
0.020003354930505684
0.014834163699888724
0.019651254677185127
0.019071587353032902
0.03527444981597072
-0.0008019546502361863
-4.30399425965723
0.3276902404578729
0.09782518267632055
0.07267298049729622
0.04044594600695435
0.03051081466572492
0.021851762784876674
0.021745675397250586
0.01921977066227838
0.019612126520152883
0.023787846895968655
0.02996098307180521
0.03881830211398915
0.0772587698196775
0.12226744271803865
0.11863796965304697
0.09577156925561109
0.05466185062837232
0.04036243487574639
0.027278933979485092
0.027199597756242137
0.02341942906708926
0.02220571062893546
0.024014812023874378
0.02761272439883409
0.03423977344966675
0.047766604945054726
0.062498325454257216
0.10579936908779607
0.07192711338388844
0.05349302933239907
0.044622934619404586
0.03355577038048174
0.029378915046885834
0.024606474962173424
0.022506798015966698
0.020794540163468222
0.021308551403761315
0.023928073779775842
0.031283509582187265
0.03709500881543324
0.048792871650635915
0.060572550489060656
0.042462851304510725
0.03994117612941722
0.03365171179417664
0.03186733987951926
0.027845227901160167
0.0222850627683433
0.021080226140446447
0.020095408048952084
0.019135731118057893
0.02371940672834496
0.02803525643233659
0.03194077885908874
0.03302197430456908
0.04269174469867951
0.03032255572672948
0.02633298911746142
0.026130845613478927
0.025383908009457928
0.022009603747039717
0.019484206070097917
0.01887379108936339
0.01630193720849347
0.019327031400398275
0.019480662210675792
0.022770160490805397
0.024600230649396655
0.02785073204347674
0.029234734057637924
0.020855237714650483
0.01991970139488769
0.01908458961260702
0.02102080730621081
0.021784862012171585
0.02021589272920288
0.01880289653821365
0.016175845293300073
0.01636279695596475
0.018065084646774907
0.01907064356982282
0.019847298427222954
0.018576109419566722
0.02305800102283652
0.018121826329421952
0.014278559232447424
0.016497144899303023
0.015262804299104931
0.01836633413223971
0.01987074478192654
0.01656841163981579
0.01939105810625811
0.020852935233568053
0.01604423653111146
0.016553159113022447
0.013384936665369612
0.016759432241831924
0.013445482975645866
0.003761604528129427
0.005232442886384875
0.010902925541631324
0.011190593019093285
0.012047720822553622
0.017526144659980893
0.012657278134814692
0.014881639963582853
0.015160044567126439
0.012280192608712541
0.012709156823362593
0.01112621515483189
0.008726258357951999
0.006844470984217561
-0.004827299271783855
-0.003010515705201088
0.004358367938411796
0.007230651741537988
0.010138320998979199
0.011438198848789388
0.010869570271099189
0.009818373061552529
0.008631007346651924
0.008243321627755098
0.009247995902288274
0.005521872067213084
0.0010953994791389227
-0.00824810326275062
-0.03116103244199182
-0.014831066897729513
-0.0073251639149659814
0.008075991872760544
0.007577792297325203
0.01049805042252661
0.010579241114017554
0.008817435547513963
0.008542067203923077
0.011541339054706697
0.005973699367159499
0.0005775148668294883
-0.009898179886988967
-0.018414517529380826
0.026515279982695372
1.38078896931687
-4.907908176386722
0.006979725826737213
0.10785338859196762
-0.05920171987679753
-0.015331666039453
-0.011739806418764487
-0.030196643397038266
-0.010432804144445976
0.01151319137690779
0.014567234496957127
0.04214844480976565
0.13397773937288884
0.26908462286235496
1.2634257246932235
0.3474509812419471
0.39818219326948956
0.09638503014108243
0.022340526986322242
0.002885493038298756
-0.0036736923862094044
-0.008151757037934797
-0.008727729147724971
0.008729146503360962
0.019950277875641614
0.059806987399324184
0.15267618153698986
0.16695949966513784
0.39243770559527397
0.3031163221346312
0.2804970906817894
0.11848280980319231
0.0571395815995418
0.013107957246140018
-0.012432025459571769
0.002316774027289711
-0.018748835173735535
0.0026490312274603956
0.03066148122001991
0.05268667166486769
0.1133645438592988
0.13618662527672823
0.18547258070501918
0.17551318510345837
0.11771218842572381
0.07715211398762983
0.027796829627872527
-0.01749026093846308
-0.01298424287917478
-0.013571148515876173
-0.010932015548230834
-0.00045438643156465417
0.011041968052148013
0.027276377293688408
0.07882697773252802
0.06742698022362861
0.09567640279696177
0.07230346317698368
0.061989623056053635
0.04869097180753519
0.03374841270173949
0.0003040872337402901
0.007369277997902971
-0.013081436503562412
-0.028682586034924705
-0.0043096152969253
0.00892472652273697
0.025869664657763063
0.047563049949913554
0.024793474205881825
0.046157045181079895
0.048672927955124054
0.024042901444590963
0.027743636140646944
0.004553114855433012
-0.0016912997776025607
-0.01996159377303748
-0.026026628548177413
-0.03417207221618867
-0.017611515854102377
-0.004078602546931283
-0.0011568802664836475
0.01392193225517693
0.030365125163554028
0.03142224718656713
0.02538861484604485
0.013945445409714296
0.006441714264469892
-0.004279033906747257
-0.012070882132138505
-0.02172200923094808
-0.017360050502832174
-0.006659307810001666
-0.010933169455824336
-0.0022404447894074937
0.0035075273255966957
0.007983420628056796
-0.01360020974523044
0.001968641487298356
0.0005531390218814369
-0.005087484501632632
0.0032605643035911354
-0.010527890072537712
-0.02893163747128648
-0.0484288952644998
-0.021538879795886885
-0.017719120705512268
-0.01840181374015773
0.01212476868891924
0.0021094888689862563
-0.008264127938529937
-0.012507539642450435
-0.01688346786620183
-0.0255327410887883
-0.028632103543879194
-0.03518345167446834
-0.026256857892736827
-0.02724155978611938
-0.02546372926873813
-0.023630445785770015
-0.027063924578227122
-0.017169578278527962
-0.01055020026559717
-0.010519483851898114
-0.011406498817985111
-0.027486815282086494
-0.01113457662487196
-0.028124703351325372
-0.029748869581225405
-0.015268849862476438
-0.016012189291224665
-0.010718467878445315
-0.01771374282423957
-0.012141206863010883
9.146117211547393e-5
-0.005400584656787651
-0.002002216084582703
-0.015282698345380723
-0.01636553382871661
-0.03643011911014958
-0.030867004385654997
-0.022355345810664392
-0.03788810080119212
-0.029978797611506437
-0.0358240226522067
-0.03386023627657678
-0.02462845721099643
-0.020365509621504296
-0.0035517159501685987
-0.014464695996748425
-0.03289956762204338
-0.020656672101188392
-0.03922905851906363
-0.04273757943774084
-0.0509047958398014
-0.062467285880378774
-0.05946420744055925
-0.047956998276484655
-0.03683373808083935
-0.017755846399145528
-0.022500222117418835
-0.020171018282835344
-0.015594220914870225
-0.013898382125169466
-0.006680128466208657
0.0073457533821612835
-0.022334244649090253
-0.05372914827518349
-0.16268436177772647
-0.08206706698540364
-0.07902144653526011
-0.009772119437986919
-0.03630976020845143
-0.029142509510792926
-0.037181938683359325
-0.016152020457635977
-0.0016464478137568407
-0.025005162721811348
-0.003101576715650186
-0.009786723558266335
-0.03452026877606654
0.017705398630699816
-0.2600248776359701
0.06703092992703899
0.1324903102890066
0.004533715742663345
-0.05632665488404872
-0.02521755469330217
-0.019693010192379335
-0.02744946135095228
-0.01431263878688637
-0.011128635983358986
-0.0018583001951824093
0.010647879720043366
0.023958454309378117
