0.0013958670667891266
-0.001943588219029382
-0.017528217465684677
-0.02186331163295513
-0.004251715878645758
2.628894408562038
0.29755657784167444
0.17533549956541392
0.09583395161560905
0.040120682477301536
0.0165967998640314
0.0019754696402442895
-0.0004028547970856552
-0.008305488268931217
-0.01318851963169711
-0.018170353668187342
-0.00966796126999863
-0.005962693968261333
0.016663699985176084
0.07601371830327616
0.10411077852201212
0.09258017239385481
0.05601859879495269
0.030789746272406063
0.01102689374970148
-0.002551542649903259
-0.006740838766121128
-0.01582192057354704
-0.01566223627394687
-0.01284165929508251
-0.00882305231696351
-0.001669316188431925
0.011838185812883721
0.03458976218389728
0.053906910227633054
0.03374414384483485
0.027267339880171652
0.016819459786419376
-0.0021009434965412457
-0.007966144680538297
-0.005308442967375647
-0.013893780644114503
-0.015554291783737344
-0.010224895111841097
-0.011699987291679476
0.0010501097524078895
0.0011337171421633631
0.009335247445667027
0.01789604580107311
0.013045507963353728
0.009705857676061152
0.00482472652464708
-0.005931114375909099
-0.012838998364515682
-0.013256922948011554
-0.017347740365578394
-0.015164265801419255
-0.016941736371716528
-0.011521132365344345
-0.0035174457118051306
-0.0014239864190105297
0.00024954152741543456
0.0017774337657987414
0.0022722176609152036
0.00204919343887956
-0.0028366056250259944
-0.012643143322875283
-0.00921558990484126
-0.012174916819105814
-0.01626844540322659
-0.016021539280298185
-0.020092153766815706
-0.013149736632153023
-0.005405477898974758
-0.011556672591336282
-0.009364420303149806
-0.008929037937201303
-0.00678547673975435
-0.005987500125838326
-0.0022090902138558184
-0.009535538818030697
-0.011191665640762457
-0.010549021657301361
-0.012991163856355323
-0.015519037921277786
-0.02217722124303241
-0.014694856243213596
-0.01282470118682445
-0.013997269248030705
-0.008481663163058498
-0.002341451558362343
-0.009043375314914497
-0.007630644994365362
-0.005087369018486568
-0.008083954342227568
-0.007326833196272893
-0.01601850990623945
-0.019759229694548228
-0.020299373021615205
-0.01823087045518993
-0.015591418509602516
-0.008485846657126542
-0.005987377429939278
-0.00302414001254732
-0.0053875933682355935
-0.012943636168309116
-0.004899798006092541
-0.002973063121675689
-0.010682448236778967
-0.012073307101866713
-0.017382169246310867
-0.014743282286196785
-0.018518574777024732
-0.01654042168074799
-0.015930367861893963
-0.0112033064104033
-0.00415947983798449
-0.0036413270345450307
-0.002042623125883398
-0.005740178454835423
0.0008300267527482253
-0.00016247494240834615
-0.004039069461723725
-0.0065035512354637654
-0.017366731247296974
-0.017957325835403267
-0.012032689899507013
-0.01265964579922874
-0.012792095828205797
-0.0031692002115293943
-0.0024326350008210974
0.01022364260062514
0.01543558685084793
0.007844303105600949
0.006296918428194787
0.004243491256238553
-0.0033578216344584792
-0.0028911001375038414
-0.014662958781140953
-0.009767788565096186
-0.011355860993558077
-0.015307903277933382
-0.012285776150734068
-0.0006292845494370177
0.007562757122373016
0.032538333629638184
0.051628931860245315
0.03645972691523399
0.02395779462734057
0.008195744988749221
0.004699974237147639
-0.0004825748802233788
-0.01030095060384527
-0.00887586938265406
-0.0070115174536225875
-0.018010622397010078
-0.016025229142039545
-0.0026480435967701126
0.025070735990548106
0.14163940707410355
0.11610799581575643
0.09174554433587413
0.050187484012236855
0.026840717084364907
0.012532457746536456
0.004385290619257598
-0.0041551811677973186
-0.007794836620889968
-0.011523341541157734
-0.014527640426269644
-0.026109309190171043
-0.023794089586374724
-0.022195667875093587
0.3091053520557631
0.3073042327287698
0.1798946807979173
0.09175102948109973
0.04531911705474338
0.01929229933545052
0.002024226156202162
-0.007980162496470558
-0.006630229477941034
-0.010572096703024777
-0.011292444552190785
-0.02831522123364983
-0.08045583045955612
-0.513774772083664
-4.712867739332229
0.7802319347548763
0.2786220418297303
0.115138100392311
0.053047749049333084
0.022104742059181913
0.0036162411999732602
-0.004019628905396647
-0.007288831784622169
-0.012000445039738183
-0.015057454416121404
-0.025635087224075415
-0.022224015211304543
-0.026003141069483916
-0.02289066579934886
-0.023520078834039494
-0.024802897739781282
-0.021066736785551553
-0.023761596062606003
-0.02437096360772873
-0.024327179214332497
-0.024335362375120562
-0.02445172696459366
-0.023476457328250926
-0.024838733675946818
-0.022916428528056403
-0.02315713424457883
-0.02372536905857164
-0.01944596120193782
-0.020793108224879172
-0.017948893148641693
-0.020050045192997006
-0.016972635572003597
-0.02002765681007026
-0.02105775036920709
-0.021438960946471006
-0.02652534302521831
-0.02299131164671509
-0.02147218983608521
-0.026598130582078314
-0.026385469654852667
-0.024408726109946863
-0.018841614876491174
-0.015251651446400137
-0.015018162871205817
-0.012345871063962876
-0.012014550429261254
-0.012418716644032499
-0.01835521937376068
-0.019610123931712256
-0.02394544992296118
-0.020883845379882172
-0.02159838068714805
-0.027034990994339637
-0.02466093439949998
-0.02223101795972444
-0.01909804900317443
-0.01825452094970388
-0.010131362364198085
-0.006114897684422461
-0.0005542526714702996
-0.00799211259492192
-0.011737799971850012
-0.02067725121758125
-0.023694044788412038
-0.02238007036884608
-0.02280745788000634
-0.021301022032961633
-0.0244668101202753
-0.02278997118664487
-0.01930403846849031
-0.014651671887164354
-0.004220754868377946
0.020330599591317593
0.020159535052246942
0.01807643571391075
-0.009252237333918747
-0.014948746366798249
-0.021954555353886577
-0.021526872221037337
-0.022622222281790505
-0.024785361072446818
-0.023866743505833343
-0.024529424603976537
-0.020126522313956324
-0.01728805908644483
0.014448443464630365
0.03288050024807189
0.13187474283678333
0.03359963433536396
0.008083286604032736
-0.017854109506594863
-0.022191588151949104
-0.024546587730206078
-0.025028611351923222
-0.0234602629183736
-0.024104662823150085
-0.031198390717030552
-0.029431012895581733
-0.023161345078458177
-0.0013335088377704933
0.08084562662343253
2.630060122019343
0.0768263328565802
0.001655796593679513
-0.021373801466645106
-0.02677252207235644
-0.023126180365360634
-0.024884875212503793
-0.026739571616134557
-0.02606554978997805
-0.030406833747001417
-0.03248247946307615
-0.04783870896110315
-0.0763909623703742
-0.2808767207288701
3.2343367514173815
-0.33024991750421967
-0.07546236048034541
-0.047360865810772416
-0.03156348836929657
-0.025882242643815525
-0.027333836895629543
-0.025975742076469504
-0.02808909589077329
-0.032318435960805136
-0.03887017454698191
-0.047279147706443016
-0.08828245467985285
-0.15260977061081918
-0.3179302035593587
-0.14593333798653674
-0.08633230265668816
-0.0501493288070149
-0.03597828272378328
-0.02581223997569376
-0.027048956676898155
-0.023451362751245906
-0.027685441589915944
-0.030867947064124112
-0.0336170805477929
-0.042711181637889936
-0.05766524605870361
-0.08817906105071559
-0.10003898203840049
-0.08698731276444015
-0.05929826585910596
-0.04348826056520836
-0.0347461904592919
-0.028414568405054255
-0.026720202866359045
-0.02468595503215414
-0.024663703997485582
-0.029537941888492958
-0.03219061316687
-0.03749952924453478
-0.04248567193590451
-0.05206893091550571
-0.0630427415449607
-0.0560172205533765
-0.048064836351650674
-0.038703567439748905
-0.03349546005763229
-0.025387501858989983
-0.02531599837597832
-0.028004307466214677
-0.025748104690341177
-0.02777479351441739
-0.026850005030915752
-0.03274087771673162
-0.035325066853258806
-0.03814641264800159
-0.042990324908075674
-0.03849776938829106
-0.032944121629386924
-0.031467066418346526
-0.027451386528617804
-0.02518540760040075
-0.025307474299589464
-0.025189505664813185
-0.023660259332241432
-0.023166392439586545
-0.02506344646149942
-0.02476894316279765
-0.029792223380076067
-0.03188086473004884
-0.033341542560455725
-0.029361153454785845
-0.031573994612801776
-0.030518644723148657
-0.024490710100919157
-0.025236268533350464
-0.024385875868123227
-0.023310226429976762
-0.022663086955183234
-0.025514625136666115
-0.023978258595770706
-0.025132029345805246
-0.027201295848528588
-0.028069964233168637
-0.02713577192498173
-0.02635629946486795
-0.024330663518969363
-0.02542997330613742
-0.022077389699746035
-0.025091768815501927
-0.02245502894599717
