-0.0032212031856830945
0.09022837444906531
0.0586281980105794
0.052730548670929425
0.08846321513154903
0.15223736360783113
0.15341719323543365
0.1290209824730592
0.06722247373384506
0.05934214830745972
0.09881822880021406
0.36326504461232034
0.26927744433527107
0.1871203862471837
0.0690344954965002
-0.01699324368235251
-1.7159993486042395
-4.518133333952741
2.367739868954287
0.13154195877605762
0.06589418459965286
0.0623762812887224
0.09494571150178176
0.35873751140440935
0.26663879020351844
0.08893811402468951
0.05786903619117197
0.05105010022764886
0.08493525803852542
0.15098320366694748
0.1505475789838059
0.07689721067412207
0.05066584556809973
0.05243977424678127
0.07364801544042536
0.11803608183029339
0.11103530431896073
