0.0019382034678029803
-0.004279029383213423
0.0025747684451908576
0.002888016323396683
-0.00033802168983654475
0.007680556650885732
0.0006652059396809246
0.0003402980413065628
-0.09630486582176098
-0.06924454275634176
-0.054589388115818774
-0.01699244593907908
-0.046654036162263886
-0.048258384424821846
-0.06530849131255155
-0.06714509940262788
-0.12768290708660238
-0.2634813741683753
0.010839776073537985
-0.02883654062591823
-0.018990589242780482
-0.05465383783864779
-0.05527235273249688
-0.09715448966794571
-0.2767216793917978
0.9349386676916692
0.8032883450512653
0.052600837293273306
-0.02759038781887061
-0.03195453998733801
-0.07389054858167092
-0.10313117623354766
0.034452513562736084
0.5246635526745994
0.14369241224198576
0.008259035922630326
0.0031438480503926825
-0.04022387098064783
-0.03552489967065325
-0.06701131539686969
-0.016876370324221558
0.12242163852834735
0.01314454769288759
0.017847787645632607
-0.02623123703862125
-0.02551214814254774
-0.04484590258950308
-0.025504545823530754
-0.005081267262886712
-0.0074759771346035635
0.014111697818114497
-0.02499293956429372
-0.020731877545207965
-0.03864699346802457
-0.03294817205996057
-0.042069487679900264
-0.051048459112059
-0.020623691261681773
-0.03625779196035302
-0.023437265908529147
-0.04329379989858931
-0.0374484022807949
-0.047292104409526206
-0.04032509883581036
-0.05735823056448147
-0.06462336916029483
-0.030920332615331128
-0.04017036677583524
-0.03219782700505209
-0.0549716483140793
-0.05042624779303768
-0.06647534309793177
1.4547438381699616
-0.7560341514678853
-0.027855000805121564
-0.01336912975633856
-0.02381643496831786
0.011260247947303839
0.031546962215848344
0.222721191225297
-0.13753340513315143
-0.15848882551449456
-0.023946846009153467
-0.035990973258039995
-0.001171173234633828
-0.008967208176283057
0.032705305712623
0.017121602508273593
-0.05301938443414481
-0.02119163181871824
-0.04646480757043186
-0.012752562864561277
-0.013768559633190701
0.005789019084505146
-0.0023876306325430587
0.019401893357569856
-0.0069604526962420655
-0.03544517627697009
-0.011497446146229275
-0.02325037515031905
-0.007677027840209215
-0.01404680424971941
-0.0015647744483727065
-0.02251362164884874
-0.02664844820759652
-0.008349764357519517
-0.01922293762888551
-0.006010800340563553
-0.016244307846048047
-0.009001790515278179
-0.014913414781314584
-0.006247866635226232
-0.013254191567943819
-0.027687499811431142
-0.012992037747984412
-0.024161150378255215
-0.0057536534292598265
-0.012329477510163365
-0.005135801334930937
-0.017853193542098703
-0.037697818684230826
0.0047747686863813706
-0.03885042909863043
-0.005554647001643752
-0.01550148990219989
-0.00016738829064085001
-0.017802008367039834
-0.011250658127619063
0.17054294929151495
-0.07953739448821252
-0.002042293206583928
-0.03750694656346667
-0.004628169885524603
-0.017832831653634737
0.0023282045417884496
-0.015344168731766411
0.04619114404866479
0.18386488280895985
0.26151926816571736
0.15251049033220682
0.006675249226131811
-0.000864908419070687
-0.0014874095312284092
0.021301647679763714
0.03066445612150247
0.023823479531274665
-0.5186587602365021
-0.05120140983842701
-0.00314949807394363
-0.016130228260630434
0.0034951486988143675
0.006255326117066404
0.004720949445017078
0.009494815024158693
-0.08630323456201794
-0.01497780739604768
-0.019282441087375417
-0.004441904116748728
-0.002834852770768839
0.006998066306313639
0.005575352256404232
-0.010291311797680619
-0.01292308178572023
-0.019113217480656357
-0.00866171613774158
-0.004833579061825949
-0.00023169317422095618
-0.0029996792623053652
-0.0005479168100343645
0.00600871691584736
-0.0024873840871697706
-0.0015081384665872465
-0.005207658983278887
0.001082988855381127
-0.0004915821758249876
-0.0012305486771052659
0.00771845455158412
0.003983075618509769
0.015940309392733856
0.0052673391615843885
0.009993596463572538
0.0014094873150782734
0.004798855244120518
-0.00450879579071362
0.0017526794414731242
0.023337291192561106
0.006492343732768685
0.034882335309255226
0.005168208050443781
0.00776439900346017
0.0014561672345602744
0.00517280738065777
0.025212875004842986
0.08107354880870105
-0.37256891120520064
0.04041715175406264
0.02690342014470402
-0.0007435149778057689
0.006260245308226569
0.007994611995930129
-0.004118250103042827
0.03322665056511217
0.08940621146101736
0.13274246892924443
0.08415892616319558
0.0703415413083043
0.02572157203745199
0.010643382224844011
-0.008225485241964156
-0.00355723843785148
0.20328399251311988
0.19411554029466177
0.1671718974954595
0.06651632832661707
0.03957862596246033
-0.002414058044458154
-0.10847153119680661
-0.24589160634595242
-0.5746330961944816
0.49905199584368276
0.15046659013031147
0.08430672475140459
0.010542129112960718
-0.01618860430749669
-0.06835105205343132
-0.1572996866456985
-0.27271338662970823
-0.17424169176357543
0.011094273131035696
0.003561133679929058
0.004896301454835031
-0.041878923361267965
-0.06244242674709906
-0.07653517395640358
-0.12645499100692686
-0.05020286642260354
-0.02225644173618485
0.00883448235003193
-0.009668371539470411
-0.020998077156063433
-0.01935125235793917
-0.04521821692849923
-0.02936558890465774
-0.03438236926221902
0.0028315740101744016
-0.0004105189270019968
0.004074862702909579
-0.012829887865030752
-0.011599282897921968
-0.002861270017304713
-0.005334293239186905
0.022786421469140217
0.014256505627017156
0.02111182645954368
0.006174327461748631
0.0036498285576519254
0.008147533429608573
0.0076587130644133715
0.05058214604589505
0.05422944807157952
0.06053650245273572
0.032775549748000135
0.024084897167419038
0.00533473283295012
0.034189476026524286
0.015443958332716386
0.011711092617828739
-0.0017134806291691368
0.0004058156136794913
-0.023115770695221294
-0.0049230291597682
0.009178216335840142
0.002297401355440191
0.011352675410038506
0.003457276309984174
0.006358748226863334
-0.002487935385728203
0.00042336564359075543
-0.009077694967196341
0.011797466435696994
-0.0009185027085134719
-0.004827328947824843
0.007792220557905823
0.001707764234010773
0.00477967382939923
-0.005968890866075838
-0.0016573673989767246
-0.011788565211784409
-0.02196332194871197
-0.00034593129930625063
-0.001821736544640781
0.005040507302141839
-0.00278285190803157
0.0031752181151508555
-0.024311310592117073
-0.012072489481564254
-0.014037571506972941
-0.013816481169110858
0.003967109808936951
-0.0032478266085811873
0.008413106599626997
-0.007440402176798047
0.02398518826031665
-0.0725859038298774
-0.06272178225198304
0.015730505984286842
0.0012760561220694715
0.00990207493579357
0.0043944302568479495
0.033483002453526624
0.6835320141706149
-0.5825097428549701
0.12726964524453588
0.025811099646316824
0.02388587593833871
-0.0027861362052889675
-0.006027339967666869
-0.11000207116107014
-0.431609036174528
0.26919681918250976
0.05096061777031264
0.03709024395098837
0.010405684327423654
0.004709440076350986
-0.015394562201110334
-0.02288502451717115
-0.10430540817571589
0.10902170696215903
3.549459017419544
-0.5293635031350011
-0.27429471408799533
-0.02592816046347042
0.04414883713776977
0.033018321510679884
0.05934940160896637
-0.41105973308865934
-0.2997888036698833
-0.39636087420789523
-0.1313876150391899
-0.021344512422571984
0.035243701413623305
0.005205649708845617
-0.04615240118734441
-0.10437555836154001
-0.12674907262085577
-0.07785785014748459
-0.007339193062974146
0.04698391716527798
0.07418859685648033
0.023488754109684613
0.007093936093966736
-0.08448679126580665
-0.02237651676113852
0.012007919009962734
0.04313599620697118
0.06944854378986426
0.08503451785887442
0.07376947628038831
0.03504588516929488
0.013533814122049995
0.02300588982593563
0.022528438977869877
0.04316672103681488
0.060763932567431664
0.09182146972737068
0.10371401859791704
0.07638328051221818
0.044658896993567246
-0.023331728539438233
-0.009210704592071553
0.030150121182734944
0.0732813403573848
0.08959867722463519
0.07483434607907934
0.04893741279035555
0.012261062616819408
-0.23609888852864921
-0.2191626156479503
-0.04441832244262727
0.05563623929377428
0.05399542976951502
0.045327035421383124
0.004457758433194324
-0.1053805145489962
-0.8359313605180309
-0.818975024175497
-0.2393648368755865
0.01862841332363996
0.04479037368714994
0.0552446973630842
-0.07316499608370754
-0.09013754747248619
0.07568395170575828
0.024515061404235306
0.0034114455041206367
-0.01716204921875857
-0.009349339377966578
0.029833625004201423
0.17015821717560148
0.14345284796679225
0.030582557482952605
0.01097663854501067
-0.006230020998016706
-0.012819154198139934
-0.013891710942791204
0.01364896114265464
0.045255405936193205
0.06069857887470111
0.0012368503482527167
-0.009994789216462173
-0.014442600708166881
-0.02336896078330313
-0.022439246528470617
-0.023020584910112028
0.002279567611680948
0.0018982973514580677
-0.02357952517208601
-0.021644387607897747
-0.031083592009284487
-0.03189492888407727
-0.046787749177446776
-0.04769613617507324
-0.04708326977389021
-0.02709123162917425
-0.03122096021832937
-0.02852124562866649
-0.03669392070515326
-0.04924170698323174
-0.06985466363432945
-0.09654069099245208
-0.08496773757530791
-0.05698662071541929
-0.03942736873157149
-0.027012813607299242
-0.037584749009066665
-0.0559972476951492
-0.09941062443001142
-0.15534258211533403
-0.13546245137682703
-0.07953990649646916
-0.009696476877997361
-0.0070648537466212625
-0.025245726281545162
-0.05618642878805899
-0.121971702253926
-0.23722542638640703
0.889365198092565
-0.48139397313976484
0.10044380804253066
0.03657347741170403
-0.00570530690165867
-0.025574727539810046
-0.04357494203502766
0.010675809759192701
0.5203331893601516
0.35090064230736484
-0.7778626359380978
-1.2300995098002956
0.19581801674517685
0.11608520326985873
0.06142236704205578
0.009379956070852794
-0.040522535991732826
-0.21204197169196942
-0.3082829751670141
0.377599460207382
0.21769794509921586
0.12033690352330026
0.06308843475751
0.023447036394675092
-0.03186694748309621
-0.10088990290947927
0.0007994813942511197
0.14459231874221903
0.13445116463301826
0.0866197915984819
0.05534832486152007
0.02599284746823483
0.006220416373732487
-0.019022612253528394
0.02912302766942259
0.07260478890911111
0.0789058519458057
0.06605260871373009
0.04710154179292757
0.033378393363515724
0.018092262704365855
0.01627480566706537
0.0241055721168262
0.04632363578941127
0.05428992383648095
0.0491569673545231
0.04096070808925494
0.03066398333068421
0.019824206784916625
0.014545109065904577
0.005693415973957701
0.03955665793469588
0.048565230568819714
0.04877698834361354
0.03601410544884812
0.026722488945403966
0.010005584849527384
0.004193531750920205
-0.02359108326027012
0.0374311293323103
0.0720282013900481
0.05311535106620507
0.0388486999889329
0.017378697300682467
0.0008076563231212341
-0.031154312447956748
-0.12084363709145816
0.04971132063376809
0.10879769684111758
0.08373878716732082
0.04311387615066515
0.02012216610837492
-0.026818680008805246
-0.08512783868601734
