-0.0001703828066609426
0.00021080941985294924
-0.006603985498736993
0.00019953585723575252
-0.0005611706782590796
0.0002958290336180133
0.00030688774402732195
-0.00025055430639573176
0.015770652761688948
0.012491748485673545
0.012612444183519268
0.011176371127254817
0.012175414051176003
0.01271155617372439
0.014431309575974282
0.018094482259325882
0.021589736729612063
0.01981924352014641
0.02128187206414262
0.01742728090357427
0.011016984666379096
0.010650421029691038
0.009528560298515645
0.008568791971443557
0.008364005481973621
0.007566385015345961
0.006499268034533644
0.007218074960121294
0.008919513694407013
0.011372779965444405
0.011633742972848877
0.013305339823743042
0.00849190575951202
0.00681912115888097
0.007585781839021779
0.005598067373421137
0.004298719577999222
-0.0001688122636868528
-0.0008135162463834547
-0.006149891537435803
-0.003405372180599298
-0.0005406302461265878
0.0037202596918193944
0.006303145979490386
0.0054423360012671295
0.007220113808585395
0.005722385678341223
0.0010466614937549574
-0.0007404068097775035
-0.008345960494036742
-0.017404890896166748
-0.020480210021527143
-0.025553638717705794
-0.012095398703634285
-0.005753173853829126
0.0032514575742455514
0.005397567306706275
0.004866986182513124
0.004447313635793862
-0.0005696973511658082
-0.006108742922913813
-0.01989187567692402
-0.03458949086241422
-0.056877402014164094
-0.06189370108164388
-0.03946116731631171
-0.00995827602640678
6.884762583449192e-5
0.006752252399951771
0.00586328542528739
0.003898020569014537
-0.00014814245528833235
-0.011731117950660178
-0.029860555443059312
-0.06708854517421381
-0.08719287546675633
-0.18701958271814542
-0.05686289450208013
-0.01834171089948176
0.0022200359913721957
0.014076559056138097
0.01095227764855283
0.008609517367600494
-0.00013712707214887023
-0.009380367119908823
-0.03827145687256971
-0.08736561986711269
-0.3200372866750874
-0.5186440196705998
-0.07398057588220575
0.004927870027677405
0.012844210268599814
0.02334719926272962
0.017293217517512317
0.011571467380285274
0.007447636657016721
-0.002265493130195255
-0.010975891193719771
-0.03716965983032662
-0.008181908658964801
-1.262395129336413
0.2946136908079575
0.0714839011532782
0.042897021905022203
0.031041814015681284
0.0208821099388232
0.014607336148882853
0.009581536248799491
0.008950239014549612
0.011661362369231867
0.035715858919859164
0.09326033202541627
0.3835227536668308
0.1672732071465335
0.10805311642076464
0.04973837839114025
0.030234569642962575
0.021813747992290914
0.016803044637929233
0.01541484780295038
0.015010758245470381
0.020840287351050465
0.03830072153985861
0.08959879656604616
0.14721516841594748
0.11062525803843085
0.06960042233686384
0.04469169370326251
0.025706233113419793
0.018835893707384834
0.015039350241920742
0.015036996188609068
0.01698252945417504
0.02155387643122634
0.0318352804954697
0.050137941719319686
0.06598497555187567
0.061564659232908756
0.04825487238528762
0.03520763226061933
0.020287721494831445
0.01628745611286463
0.013934318999657342
0.014983740931000616
0.015573646948837607
0.018577379696132254
0.02280009105259956
0.031126603449094764
0.03600960869061256
0.037817394742804704
0.030029709637814147
0.02554212775918527
0.0010126751944796277
-0.0020958770766303617
-0.005630724528961895
-0.004255834025998977
-0.0037372402417754197
-0.0008877764469947811
-0.0009424698085902438
0.0019058344507284582
0.0005845490675042907
0.00038310226283109306
0.003092436489559223
0.0037971244560629763
-0.007571523664677537
-0.009358094855112482
-0.014555925943706438
-0.012725125399714531
-0.010191263854266205
-0.004493174974885837
-0.003781047951102332
-0.0013362991909100276
-0.0001937163147744497
-0.001455794230185449
-0.0005821756649648742
-0.0017894636574823817
-0.014219033961438901
-0.02865644162064483
-0.03119000833663674
-0.03203257140643771
-0.020324648903778143
-0.012792549557162192
-0.006749749981153202
-0.003224437588042091
-0.0011741955511660196
0.00031861511990465604
-0.0010472486958739088
-0.008230420062431253
-0.022328188684690796
-0.05464784911027498
-0.07831783232733756
-0.05932544055211687
-0.03885221894368348
-0.019483978442759668
-0.008283564285672614
-0.0034124261088051087
-0.001902197094419785
-0.000624633422451924
-0.0010635731227748128
-0.0001434924500052161
-0.007828120701948205
-0.10774440759904491
-0.11924011697679374
-0.11754446348499668
-0.05633506842197354
-0.02814652408152605
-0.009082242012306662
-0.0027369134240733373
0.004067807350995054
0.004824346919938148
0.008540622526814402
0.004464948890690101
0.0778374810888294
0.5803236024145855
-0.2841447190602098
-0.07814626565032112
-0.06269295978251561
-0.01887298677627666
-0.008916255035533045
0.0002063744578260925
0.006253316153780579
0.009623071549552106
0.018038112927131613
0.0490509711450318
0.17413601528198205
0.3225265297157682
-1.9129096659305398
0.06460651815615863
-0.007523185432034066
-0.0023643389537421336
-0.0007329363985940104
0.005122448437520701
0.007514801561377252
0.012280511904072016
0.026564734635822082
0.06130938388306882
0.1186067608481356
0.23454891629710808
0.2595680768963986
0.08616886978848706
0.04388914284238364
0.012088286820934041
0.008425601929413832
0.007299384245984071
0.008812328317826856
0.014530486805622356
0.02796296464541205
0.05014226650915446
0.05433625907201173
0.10190583518201636
0.09486153984227069
0.07292495114095808
0.03475414752205117
0.017536462827219684
0.009808216788577922
0.008098255686319819
0.00914799986257748
0.014001555248837314
0.023616746920377272
0.034193836585689946
0.031416887244761056
0.03556528179618396
0.04568223668900203
0.03501898014185183
0.027195448038934845
0.01470626936556564
0.008137774214634486
0.006674535419391588
0.00991405915652109
0.012947617515205472
0.020011188363686164
0.02324663133793758
0.017152990132712504
0.019170549068752818
0.01701122392477793
0.017640925393341417
0.01225227786640433
0.010572201062940252
0.0058158343843782
0.005336234661432138
0.0075433905401120485
0.007326233014379908
0.010057991884119927
0.014349223698016202
0.00836090727231226
0.005270843656833438
0.007752902068061647
0.005572355012158254
0.004074214280382959
0.004994232776422734
0.0031068164454838153
0.0029026551142386386
0.003693792081125938
0.00500415074553847
0.004705439412912837
0.008972275735828171
0.0003273349619480687
-0.06150323302227752
0.16263679563460928
-1.4261497261063563
-0.1969054760473394
-0.14003146171596723
-0.0881475665682711
-0.015338618882151637
0.008513847587851764
0.030993071275545854
0.04066578509155061
0.028520592067487742
0.01918644144274593
0.014950147948931826
-0.38323218786187313
4.25014880292527
-0.323588832788538
-0.1509736189081966
-0.11023733764095937
-0.04249963970749629
0.014543818275883007
0.03145061101223292
0.04149840646816288
0.034266608734927116
0.0017341574909416984
-0.11246723347941996
-0.3373427135387605
-0.5187700948079585
-0.3084412554803976
-0.2176064735019574
-0.10486081906800754
-0.012349288924841906
0.007326593038943773
0.040253034677008505
0.04027181629307653
0.04108593396665345
0.027916777342307887
-0.038383534790261374
-0.15417701333657788
-0.4238571160865093
-0.24315628185251734
-0.17959189592540659
-0.03886175606417987
-0.004702163967491985
0.020512229095855636
0.030280524637691146
0.040855108582015395
0.04319423576411916
0.022780733119049004
0.02422948877884864
-0.03649790984873879
-0.050146043850199905
-0.10701597877571191
-0.03998202287005726
-0.019480792092996406
0.012328648005613615
0.020340565401165505
0.03729679526389084
0.0369498384899705
0.04386498925821785
0.03525726964305016
0.013775332585898394
0.015782515339202205
-0.008873044126596808
-0.006168682206043657
-0.016105145776368814
0.015620213268845353
0.02190607471039047
0.031053252974119754
0.04079541857646349
0.044710398583222746
0.04075851960904204
0.040527257279372154
0.028081339378512645
0.006986432187154287
0.00826469099805976
0.0077958757892906
0.015834504163897593
0.025145296864347917
0.029195575457968696
0.03198104497047759
0.0505902040598743
0.04316980387233419
0.04383820121460044
0.04717063444299356
0.03534409751708103
0.027043414278136287
0.012169895601692569
0.010150585954688419
0.009279437834240276
0.024207338676487066
0.0348953187563213
0.037326434363310075
0.04163356088209292
0.04989540152653585
0.04161967932017478
0.03580962243737485
0.031021513530145976
0.016270446069931777
0.014494316531865907
0.01217741415776014
0.017525566716051374
0.02158339020490601
0.034000688288667265
0.03854487682796905
0.03814224774792394
0.04686173283603005
0.046950402296981386
0.03127725729724039
0.026725034348587074
-0.0015795462678493077
-0.026905726476616734
-0.02742823391925809
-0.005154983251114524
0.013675115734008321
0.023202293085911978
0.03675185035523504
0.039529828017215295
0.04680447083885156
0.03754383899794637
0.027493875673782392
-0.0005912942582722109
-0.0232665248526773
-0.07348840236621257
-0.09460833386101966
-0.05826091124493414
-0.010679927781005094
0.021228538135913223
0.03498278438814114
0.04214229288255791
0.04117107828706419
0.03552117897845001
0.010200515204662386
-0.0015456171648418194
-0.12267501049732442
-0.29732228592971743
-0.1521804570951625
-0.11721931593664808
-0.042785035863668136
-0.009489180538248994
0.02360327520237233
0.03697915545577275
0.043673899745548146
0.030508493469520403
0.0041531664479882435
0.0028713958096651254
0.004329400666745897
0.004520769578827623
0.005304551796103038
0.003546825898280412
0.0043701095493274625
-0.00018577590989098293
0.00671638105688069
0.005834623841253304
0.0060551845827358725
0.0001683663398797991
0.003919339528213794
0.0048740279479109645
0.004665261947417682
0.00536521127153381
0.004325638342717113
0.006023610643157983
0.0044596650146838945
0.00596655757232648
0.0006902509134057752
0.0040298890859113545
0.0027827104379303377
0.00558424952708481
0.004663313621126967
0.0039196815487296
0.005344771693374536
0.005136537893390055
0.00651016066610492
0.005280858924326999
0.004746806733449102
0.004229746114468791
0.005587751529835423
0.004037139433899843
0.00455996382418879
0.003320343048497827
0.0039855654779183385
0.003950341956456674
0.004211298325464193
0.004750299537509742
0.004367168180837959
0.004397634770163571
0.004286514368017575
0.004485287936127885
0.00392906237428733
0.005126970329031456
0.0031564986657060794
0.005032498172243205
0.004134473557687489
0.0037314194404269732
0.00362711933751181
0.0035439667672957347
0.004524426409095314
0.004890052311613883
0.005547026447064191
0.003484053046249857
0.004222381129771503
0.002882966711421505
0.0037200622716321158
0.0037578976427647447
0.002539891075282234
0.004189178570839394
0.003841430180597499
0.004884105420760374
0.004819504543983267
0.003832237214064166
0.0039901367421363056
0.0033178668356803496
0.0028856617364600196
0.0030856189643589035
0.002531560510645228
0.0038155615779540478
0.0028319614714204834
0.0032201997802370104
0.0041647278133218136
0.004486665963699782
0.004718529816229561
0.0025622563085830143
0.00420461057252458
0.0011646607666189262
0.0019491882405200402
-0.00014626884355184468
0.003032411063943831
0.0014756010283530309
0.001231645155131687
0.003405804443031276
0.002707074545444117
0.003584614190743538
0.003091878565458958
0.002714658177490637
0.0016876221727994715
0.0027131702884463423
-0.003950814553584061
0.00017730565515806555
-0.00400477838192254
0.0014423560328347706
0.0013783587325388621
0.0015341570296406753
0.0030792854185735605
0.002910529583068153
0.0029671626462346662
0.001533498419891156
0.0011013934694594485
-0.006179498633892559
-0.004997293035481098
-0.01197440893704633
-0.00365963596723903
-0.0049950751897187735
-0.001251940144346934
0.0026989518909350985
0.0021300018839926064
0.0036946755280518008
0.0022215288075947428
0.0031067896187452655
-0.0019090731654750036
-0.0010151083714768287
-0.03943174915087474
-0.6094450632118594
-0.03534921247650504
-0.001681143427845166
0.0023887168975114757
0.002348510306313829
0.0037505403391718626
0.003458699090776015
0.003672829858525124
0.0014287951837265672
0.0010927442157571722
-0.02111672172056337
0.8481544275487557
-0.7301438169557408
0.9338423871686912
-0.01252312109481971
0.0015583929200526725
0.003976840224316016
0.0031408775933935104
0.004509661933535829
0.0033660249976361425
0.0036573840968424434
0.0007584562838737277
0.007525856205373226
-0.013674790532944495
-0.6609380487049971
-0.022317703661947144
0.007864620733010122
-0.031101064362041235
-0.06052360376821814
-0.11262372972732786
-0.2542131222041094
0.9470108943910276
0.5072858761818465
0.19238240317708344
0.08481515992524812
0.038212424264080065
0.012361299571996942
-0.0038475221299178073
-0.017536934233616346
-0.031183266024348205
-0.054542698408315334
-0.10267898371174278
-0.19686431811854185
-0.2825452046340176
0.13801931294314282
0.11085070865439628
0.062159119639540614
0.025916091479096872
0.009930965292771049
-0.004246808233560406
-0.01523237882757534
-0.025540122501952107
-0.04205771122667071
-0.06380412889242354
-0.0901541391894419
-0.08926273134117474
0.028694818519250046
0.046362876242517795
0.026550673582491236
0.014628019001554587
0.00435269399104822
-0.005151600978480245
-0.015216714844205524
-0.021265778137435118
-0.030541698434828114
-0.03690630086273353
-0.043390261779277836
-0.026795493885241745
0.0025946400161175965
0.012328364410398954
0.011199505459545085
0.007147641585603271
0.0019555953736341437
-0.004827704192127941
-0.012270542744921257
-0.01708716956064945
-0.022072637621952235
-0.02434789614050654
-0.023635431947944804
-0.01821664479805352
-0.003746239590955319
0.0015820821084468646
0.0027223372853100625
0.0010859279834068859
-0.0027724524448934453
-0.007085314650108111
-0.012302413254903452
-0.01411075966222427
-0.016453618009760515
-0.01850952168071429
-0.01760486166086623
-0.012239004687200534
-0.006083316403395529
-0.002289329598513672
-0.0001448325456924804
-0.0015160136516940306
-0.0034268824837736843
-0.007681528073720339
-0.010792263417578113
-0.013229930120931438
-0.016067113759051486
-0.016149661277859842
-0.014306462856384988
-0.010821788435116067
-0.005918476574451811
-0.0017968022549163989
-0.0009550150601943611
-0.0009758258863236087
-0.004485136785414552
-0.007073429515098969
-0.009695714950587601
-0.013494561187463347
-0.01536452414979979
-0.0173158696074926
-0.014599659033781867
-0.01074700124228854
-0.002973433689276013
-0.00030437338892862453
0.0005792877130831565
-0.0007005829090271291
-0.002299467513350076
-0.007504752139955852
-0.010742883886980073
-0.015088084533155589
-0.01697670525994103
-0.019107463407082678
-0.019055630092919797
-0.010563581768307616
0.001579163925357351
0.006872538204998832
0.0053082753819758514
0.002730352278751289
-0.0021930380510111233
-0.005322884026203951
-0.009672156891599814
-0.01826425107987335
-0.022985998116826296
-0.028191686373791974
-0.02802819688995928
-0.016445004296550852
0.014449667973332064
0.02053380710925672
0.01783036892629244
0.00984946487896132
0.0016667913424233587
-0.005936507187948432
-0.01094950920089168
-0.022640521560546346
-0.034607702009427935
-0.04752757330086296
-0.05986753816691751
-0.018948571467205674
0.05000522138344148
0.05696773677929134
0.035270433613764245
0.020538214379035222
0.006726818706716065
-0.0032735868491687897
-0.013967739135190577
-0.02883609224282512
-0.045645532909651405
-0.07903241584981731
-0.1234345580210472
-0.1068943703151217
0.1861103467651249
0.1309884941392559
0.06917789531462915
0.02842109928258227
0.009946481518117726
-0.004636179918684356
-0.016143649434089552
0.019555916538734786
0.018829453646401376
0.019510807417335588
0.018482975232652202
0.020756142589710924
0.0194061432730066
0.0218324935121919
0.01745953301804267
0.022089582233484156
0.020300791391444643
0.021956549969895503
0.01889617717885334
0.018224622732178484
0.019499631769693975
0.019378041133176947
0.021026532804631803
0.01955823125050082
0.019335125739505563
0.018811166119514833
0.021745112276907785
0.020162476331397044
0.020655375885744936
0.018337340819947465
0.019617367975593582
0.018404544084947995
0.01860114167800377
0.01914519068711148
0.01876972200232724
0.018557407315045234
0.018618980647385545
0.019291311182922006
0.01890494578300382
0.020474300845759102
0.018538939315565106
0.02023945078998463
0.018603808175417604
0.01743990193221837
0.017593756499679838
0.01767437892882815
0.019018510769618968
0.018831902968627606
0.02007156366090666
0.018035153142687083
0.019089090919714845
0.017770157630146475
0.01867512340670553
0.018328535219280993
0.01837449214573102
0.018402762993204497
0.017994641169753044
0.01909917471078011
0.018702320322780495
0.01817703239808733
0.018284098439899053
0.01813439912353256
0.017663339998840195
0.01835737571878566
0.017514242240858787
0.018578422078406615
0.016879808029957755
0.017548737431850342
0.01818428732033887
0.018376467698343453
0.018877982763416373
0.01652767500797455
0.018529246515344447
0.01586962451023148
0.01742379144764149
0.015560729544360977
0.018902159374082593
0.01659736670125956
0.01772460777947378
0.01799564299726492
0.016650145161252083
0.01755415319132809
0.01683965716372502
0.01640279466081183
0.01585766081122816
0.017745482757511102
0.011648783369132271
0.018425882351172068
0.013281134396476307
0.017778101347538985
0.016031165616814815
0.015759005648542802
0.017158649281234905
0.016432164449249238
0.01676817678660312
0.014830259900104673
0.01480708069549107
0.007782263652183279
0.012925760233310258
0.013716306024978014
0.017917414726787373
0.011433220003799168
0.016663357935737054
0.017166104792783247
0.01621846979871772
0.01800335902226763
0.0162390634934281
0.016320273997044082
0.01047064371653497
0.011985617385337844
-0.022056178434897093
-0.483434730420486
-0.01879964049625671
0.015196187056901378
0.012899053802094298
0.015876531453414684
0.017862421893267963
0.017282967183688238
0.01772310074953894
0.014099780638735633
0.01292859062703961
-0.02052464524335046
0.9075186069628298
-0.6450908300476756
-1.5694303750193845
-0.005591156501505569
0.01636618999232875
0.018398530933696665
0.016569759352676204
0.018399939227866872
0.01722548484240196
0.01775408188373586
0.014249390626959438
0.02565071282403674
0.007769827433085823
-0.5326931393314469
-0.0012819119759725805
0.027445165701852303
0.0155480186437294
0.017264398175486837
0.018521904250615905
0.018608305052224897
0.019809932418935042
0.017668991505498746
0.019434978673847823
0.016370727436306076
0.02981049788367551
0.03491901710719657
0.029027161011257654
0.01592541423225362
0.01977894826204472
0.007542172827059306
-0.00017616085510300508
-0.014702706088280781
-0.03152503669471338
-0.09542951339466538
-0.18181905517401126
-0.6690916642195894
0.44637558486686063
0.15140593480588319
0.0880930154972929
0.037841990929913215
0.02373454307682094
0.006300163911132669
-0.003963942471127595
-0.014770432403513544
-0.04438731043265457
-0.08143150050700282
-0.24110651185184165
-0.33441049710945014
-0.2165032372225497
0.02364596604655323
0.03241972170054861
0.02511042824991653
0.013586334230597526
0.0007824660383105494
-0.004497546499783053
-0.01633580601380044
-0.030390071550837654
-0.06305811995401964
-0.0889420433955865
-0.17048728967264667
-0.08092902111924448
-0.01605527051206575
0.0072018473853424775
0.008160081046598704
0.008384522929565126
0.0032622705340230357
-0.005153356046198215
-0.009947147149029608
-0.02365169681453916
-0.030081306659115518
-0.05201335964317737
-0.047680893968624884
-0.040912559003838535
-0.014853422230831059
-0.00365391368247442
0.006166661497545559
0.004777127246973852
0.0015056731813981108
-0.0014192377700993943
-0.007162698001182165
-0.012416176569524024
-0.019907176724694758
-0.020825312008322865
-0.025077972099975577
-0.013856746129423914
-0.008416675530711485
0.0002518299241923187
0.0025026503871703543
0.004365754335622729
0.0030577233665471603
-0.0007728748570381344
-0.0016214286336170701
-0.0053705843045851204
-0.007223352011278806
-0.01165425542183012
-0.005367374704823956
-0.003185467775086981
0.0019656800428858446
0.0030152393075563236
0.004720198514580761
0.0038444835632272757
0.005782786476422941
0.006234276714745785
0.001646472935694036
0.0013238495613533139
-0.0018199209174012815
0.001368116540147053
0.0033064490440380184
0.007291425262315281
0.008493438035597314
0.0106441774323525
0.008224376221390314
0.006935303606301853
0.00841097843389918
0.005605283380214877
0.006474241563052531
0.0038795176308563622
0.005274529847628537
0.006881468072193313
0.013283458411763665
0.015616042724519781
0.01851780696862149
0.015432662664229223
0.014929599346192594
0.01174726185838991
0.0101395704308304
0.008664696061043546
0.006001347643604412
0.008553791774678177
0.007316529154854033
0.016534148232484246
0.020285051310535266
0.032289403840813954
0.027419233740218357
0.025803833788357145
0.01852361976615835
0.015625838944280365
0.01272105345471012
0.007230868636274734
0.00542886980371766
0.002873756884338493
0.012113349946152345
0.0174521036176387
0.04526129104170892
0.05099462608059963
0.05478935854077772
0.03756125430355133
0.028532396759646236
0.018611957863749914
0.012134300832090352
0.007024190646662281
0.0010817546299187065
0.0005853099988158754
-0.005460763957056565
0.02928094810639784
0.06968342099857786
0.12046079436729068
0.08169027814367576
0.06270717428287724
0.03577823828654387
0.023699356729886854
0.01338608658583905
0.0024038615007811893
-0.0040700409582312205
-0.019168381795648122
-0.0178814801827386
-0.027132779871790545
0.21950581800206187
0.23540327888236526
0.16957145340529137
0.07414087369656651
0.04505658210552643
0.02202583149128904
0.008733394364945043
0.012363175665489935
0.023498078476405185
0.033314256500674655
0.056595282019660374
0.06588771313757871
0.06564379487871748
0.02050008759410536
0.006242812997400662
-0.0014613815973098581
0.0010684083793197276
0.003975788871663986
0.006536471481540968
0.015855339697568947
0.027317399160030145
0.05688815907274538
0.08046879924177036
0.1162480640295852
0.12550640088648748
0.027251288119901095
-0.01163730106507222
-0.005153858236362813
-0.007219475532248952
0.0030979432937990247
0.004568697932880687
0.014406113277874692
0.032494724723085316
0.056989405014479744
0.1403850567405049
0.28153256433869545
0.37912376365965983
-0.07618835519090547
-0.04046155942920834
-0.032108995793810664
-0.01088001325209556
-0.004887342393578563
0.00158746478113498
0.012477504147407116
0.01939409082776609
0.04840442369346048
0.07880545775850689
0.22711902820814345
-0.5645285246579035
-0.2660631562181985
-0.11098990251542543
-0.0428418197650127
-0.02334979033182568
-0.005895090578480076
0.0015878679139676517
0.0061111462233497775
0.013285691318519064
0.008523931820986569
0.014280917186290681
-0.059660935380028264
-0.28779664260129045
-0.17115941698406037
-0.09175368046642121
-0.051439482580168686
-0.020927320622680542
-0.009579301094743337
-0.003603628836175713
0.002914236772542381
0.0027147396534432143
0.004670245804834408
-0.014922181874233293
-0.035682558731792116
-0.11498567915054754
-0.06702578113343385
-0.05875540289460948
-0.03023591046831386
-0.0201466720698313
-0.006156143981919456
0.0006829840963803827
0.0010460209856643047
0.0035607266581154204
-0.00399952398741941
-0.0051918816834734954
-0.02780969441284567
-0.030056502889875335
-0.040530417715836535
-0.025481265500281534
-0.022669023514045848
-0.010900088660368316
-0.004938013045599949
-0.00039581576332244637
0.0023232843120707656
0.0012985069594345848
0.00015127427038747423
-0.0052560787752418585
-0.008655820794188161
-0.018982077147512672
-0.015618773647814378
-0.014780056664573382
-0.010449644591667258
-0.00929180067228522
-0.002055287207741586
0.0027045772709134927
0.0030823242582128214
0.005470410979548193
0.0028576982562379585
0.004328651192174715
-0.0035060941040880333
-0.004042919581881638
-0.006273004911807945
-0.0060527847784827464
-0.0049243424109457505
-0.0025441587409302134
0.0004278577981880492
0.0024046162359513405
0.006701737422288669
0.007181186272746131
0.0082246034204993
0.006967464080179084
0.00783493808559686
0.003953270071869462
0.002022232069937103
-0.0015378785433082902
-0.0016462984803653435
0.0003753747017805067
0.002754119288521379
0.006993218873312821
0.0072742388346476216
0.012108795560846295
0.01323677200944116
0.016710567771949555
0.01606304576225278
0.015611286556884211
0.0073202318729234375
0.005753069374288577
0.001645428406036018
0.002994540502152574
0.0055582947513754906
0.006025956151571565
0.013102882315828662
0.015551964328139774
0.025560663040213094
0.028858139680623174
0.035843173395719304
0.025783364705916422
0.01807631842498102
0.006398200807454148
0.004603453375996576
0.001841353389129238
0.004348005163000352
