0.001656276082302255
0.0002676459238596774
-0.002014455698209627
-0.00046088950731796316
0.0003484837960252591
0.0002959554924445884
-0.0012543577083250098
-0.0014292072376148228
0.005875401964437985
-0.000984846713792785
0.003871721842757017
-0.001449711913332711
-0.0005167100159548299
-0.0024902734672919034
0.00034097174292218034
-0.00039517832031154686
0.006971032338302451
0.0018093669228793434
0.0007262336945863849
-0.0005405077320969778
-0.00012354936445372017
0.0019885885796637488
0.003714598291307023
0.0043437043924172735
0.006314343914557238
0.008263019005041483
0.009272715330284974
0.008657850888335684
0.009726549800080246
0.004993244393105597
0.0004932672928487383
-0.000530719185836961
-0.00037664691146999454
0.0015037005400027612
0.0032281063515334422
0.006513036812611801
0.008271001686126028
0.011306890145661462
0.013375169885646458
0.01686846331166668
0.021382005102678896
0.00672921797188777
0.00015896274074374104
-0.0027311096257668873
-0.0005150887359782553
0.00028245157437203016
0.004035688430898098
0.0077525631521638315
0.011494465867667501
0.017204072809535714
0.02472321010029667
0.02988847105029631
0.04913247729473543
0.006650601987953829
-0.006858690683940075
-0.006001002065761476
-0.003500858581316182
0.0002222693818869989
0.003200893473495343
0.008361908668661867
0.014999878881444101
0.02764098157375388
0.04613275423233529
0.0656698700946834
0.38020636287946746
-0.04053539821440271
-0.02947088392939852
-0.018595076338341544
-0.007551888736912507
-0.002088282030812876
0.0026949374773070174
0.008565168936253026
0.018382086546677393
0.03443624636596985
0.07394295276101753
0.12462462791562885
0.0011753585830332671
-0.5582290077908749
-0.07433734374284454
-0.02601661281356585
-0.01210324888426576
-0.002867804329186821
0.002445601626352734
0.009761623756538173
0.01612041796141212
0.033336467946518886
0.06692158798305296
0.2833179807627696
-0.5340360826245825
-0.06809025607232373
-0.051186178994239
-0.023314460145358453
-0.00922647597698651
-0.003272944947554594
0.0023409963618816585
0.005893200569637505
0.011589985539622387
0.01835478068260071
0.03260515482521391
0.006133372404671536
-0.03691934951812516
-0.040100274464732695
-0.031322684910227716
-0.013985586069128366
-0.0077521437320114996
-0.0030301202585208543
0.0006845049619582464
0.003991970118032382
0.006845296929802319
0.01144706342504213
0.009843938425546716
-0.00253552833846677
-0.013352811530155292
-0.020201388434288106
-0.012761503375301925
-0.009895217987871215
-0.00484050169024111
-0.0019224187153501656
0.001639760931641525
0.002370012813630937
0.004926083861018011
0.005063494996524499
0.0061097523744698045
-0.004008557631025375
-0.00530449194236985
-0.0074325578296736425
-0.006717961808678631
-0.0040630048539334355
-0.003683897322295417
-0.0006012649904015978
0.0009858964226348319
0.002631925769794346
0.0035566746906246717
0.004579738384498554
0.002616720545844217
0.0002901445945272327
-0.001106468948847287
-0.0032049711669786445
-0.0030742517324685763
-0.0023637811950184317
-0.0017086866543054664
-0.0013045905161609287
0.0012388372790479564
0.0021610567515153423
0.00312614801369751
0.003860824147057919
0.002925754761449131
0.0012262298611435303
0.0020140011498314884
-0.00018793480675325145
-0.0007769876237761785
-0.000996352656188018
-0.0002300888453510622
0.0011010716387121755
0.0017578085582821438
0.0035466369678116513
0.0048833252714009815
0.006426633300665591
0.005224816532692029
0.004956835092946625
-0.056788058234057595
-0.03165940089320976
-0.022470698149900898
-0.00933507856215516
-0.003136127900006825
0.007400664535848197
0.014017060700988616
0.026641372005041384
0.023332592651946583
0.028772054089751538
-0.05507989456510702
-0.056914140521603644
-0.08178575350941235
-0.05925347485910725
-0.026477431230895423
-0.015201382079749512
0.00013833786659658932
0.009378315936188365
0.026937266398647266
0.04159373389885952
0.08185953937676967
0.06130260245572386
-0.11808837552918694
-0.13297079339776172
-0.14069788116872592
-0.06581073364464213
-0.039294688220135945
-0.013636270706434788
-0.0017787158885607857
0.015160758731620537
0.030688263928394025
0.07625041559934712
0.12774145434142545
0.265614527514356
-0.6038185111009821
-0.2558913197128762
-0.10754472541176226
-0.07034281861750429
-0.031799374631396635
-0.016474539230400844
0.0008588154645064381
0.013080810335809575
0.035029993722878836
0.06215194884924019
0.15113610171512376
0.2360754383248134
0.5672069555426927
-0.27320130898293454
-0.06610229730823668
-0.03726025146447442
-0.027059398211004986
-0.01021117772191075
-0.0008478310002324411
0.013516659327174739
0.024961974505663988
0.054598043788468956
0.08364037931247574
0.12750239114403228
0.12010565706863711
-0.02601700527387849
-0.021710514640444333
-0.023940157970132624
-0.013875828832587362
-0.0091350548302739
0.0010131125301368258
0.006583221829828195
0.020193212888823447
0.03011352557347836
0.05367576118014282
0.04283679269550279
0.05078612006690395
-0.019947764234185643
-0.013941546593049043
-0.010860657810419443
-0.010174650985447998
-0.005233656948033808
-0.0010077671736593357
0.005996781141662367
0.009869008610199929
0.020228156372956347
0.02128773460224308
0.0265802827752338
0.010370870686226313
-0.001251671680990142
-0.005496827400251913
-0.009671048691019228
-0.005908446400778258
-0.004768137098091584
0.0008775448530475055
0.002339810860889623
0.008111247725453847
0.01026009069678999
0.013490275636662946
0.008912128992329564
0.0076693679535779205
-0.004887826455705122
-0.007971982177254719
-0.005747191093394671
-0.007372425644615779
-0.003663193500538278
-0.0017566252866761038
0.002648014072584093
0.0042102306326172005
0.00889935126113412
0.00720559158153535
0.005378301324265902
1.6182338009347185e-6
-0.002659039264215418
-0.008331236398519376
-0.009803577022105192
-0.0062285239278291
-0.006279022185590454
-0.0007533611037739754
0.0021226611538068185
0.004939948490490878
0.004299356996445651
0.006129016341462509
0.0007651365972304295
-0.0024789031291069658
-0.008267091688218948
-0.01719069016415947
-0.0126427839529308
-0.010845240152838567
-0.006281107826037051
-0.001834251415189562
0.0035121316364147047
0.004618426248463662
0.0070896935306327185
0.004712750816871829
0.0035875100361456138
-0.01009139259612665
-0.01118481633494354
-0.024758006058973502
-0.023941757149006145
-0.013182210840907337
-0.009266111830177224
-0.0016096536910268154
0.003293412742584264
0.009884086109210995
0.010972231524426465
0.015106581645494927
0.00044392468767014565
-0.013536637817160732
-0.03327130515962636
0.0030811015332751716
0.002397142588268824
0.0026367690633669846
0.00025092995617593465
0.0021006254309453107
0.0008214099094943451
0.0019120258449759281
-0.0001403772654167511
0.013146078195170201
0.009135063188562189
0.010340040824793418
0.003537298675002162
0.0008778835812329849
0.0021352308489665226
-9.700605516100105e-5
0.0033669232539274385
0.0005192838121173179
0.0020537341287894953
0.0010722555266462319
0.002615559369208827
0.003151196085692032
0.007394249553692767
0.003126925287725398
0.005746558748618339
0.002445342687267537
-0.00027598258241984215
0.0002757813914325789
0.00020324440814802888
0.001017779347334167
-0.0003468964100732701
0.0012315833985523429
-0.0006742593709195867
0.004283815502823462
0.0005666741323809379
0.004425815360073461
0.0031538284970708055
0.001008260934325988
0.0005790598505790507
0.0010894120163540866
0.00022825622781817993
0.0008021313028720412
-0.0006427954264171059
-0.0022519098548984613
0.0007499648947343824
-0.00022580834142108084
0.0034851289540075545
0.002678671503019149
0.0018307946793815442
0.0020594140187987255
0.0003251347462982576
-0.00010347637637737509
-0.0008193775946602996
0.001198708664757438
-0.0019168022741452612
-0.0019229647507001237
-0.0018551088399660427
6.507926929207687e-5
-0.0008581705284191984
0.0021305757699721503
0.0006193970343946124
-0.0014338437755345578
-3.3443116748120582e-6
-0.002525841135438347
4.1056156833094506e-5
0.0002923226088431315
-0.0008772712050056929
-0.0032994534428784283
-0.0019487113692709713
-0.006600203503473655
-0.003076869131936718
-0.003000005904839535
-0.00019322917721805276
-0.001984173179512769
-0.003799506417570112
-0.0018457197110491516
-0.0022007452824800234
-0.0017315580843746251
-0.005633828657643341
-0.004733155240940803
-0.01187446574765522
-0.009434002202399724
-0.01695123581657473
-0.004314253560684774
-0.0045690433514523595
-0.002666878575924407
-0.0020613365579094547
-0.0027920452659770394
-0.001988779207461519
-0.005120924790387638
-0.008553615788700997
-0.018491311738570007
-0.021456135660563255
-0.04506138601579142
-0.03513430500931637
-0.020337681897814885
-0.0010524487798145733
0.0014141992773355938
-0.0028642317176508316
-0.0008222545092090348
-0.0031556839278329314
-0.0035950148857824566
-0.015649813712576364
-0.026008761207222987
-0.06714803530239592
-0.15221753815829614
-0.08476841923542607
0.03656899897654217
-0.009976419701423662
-0.0002972430081919146
0.0012813028012078262
-0.002831557788239298
-0.0032527147199857
-0.008754438674863882
-0.01308169326632861
-0.04487893741158126
-0.07980286109312865
0.36472087398924535
-0.3833685742913021
0.2496106153517937
0.03251667365761653
0.007289630066086218
0.0011277318455833636
-0.00011178495995373605
-0.003487519267546824
-0.002679060842208125
-0.011362955411057956
-0.016226148836486372
-0.03818831144959579
0.1672437149763089
0.11068846984998659
0.10301099049434423
0.012105456905588521
0.0023931238609852506
0.004735603749853566
0.0030364408339719874
0.0007150981506503533
-0.0018860557734533751
-6.746995669756054e-5
-0.01017909785193243
0.004726646828738092
0.02945703534687837
0.04635906682418975
0.02291095719910196
0.015222692304499533
0.07713933196363626
0.045903907301094345
-0.025122041032002496
-0.02529065802439846
-0.024171389957320665
-0.015376375324580515
-0.008496301584690995
-0.0022440790198977405
0.0033514848744810853
0.01278266683405493
0.024465297980424093
0.05965424407735575
0.18732405308434974
-0.7674287106328781
-0.014484768470555024
-0.06080737527969633
-0.04129144158233802
-0.02447069994118436
-0.01105965992516755
-0.0035228519481242233
0.004176633574463256
0.012398387277872526
0.03795920484295854
0.07657906335056086
0.01205457727391666
0.04040598291239289
0.469893901323119
-0.07547296344304416
-0.04835846518590096
-0.026900745211531775
-0.01410954758527607
-0.00492759619315558
0.0008282029028237846
0.009692324558731582
0.018460994076814244
0.06130808416586223
0.06296924503969077
0.17433031465627513
0.004231631233907041
-0.04022718358540175
-0.03036998416389968
-0.020423085600638595
-0.011303726081664429
-0.005590239472761707
4.60579317210656e-5
0.003986096016419979
0.014737028121166278
0.024064076658942436
0.008010005297107641
0.011751221883868157
-0.012951888915565061
-0.021534692434664007
-0.019907784929299375
-0.013225706726885653
-0.006228228110108847
-0.003332500574425366
-0.0017259855847518125
0.002356862018269276
0.00300714240587185
0.014527858308773444
0.0039680825914979985
-0.004284222116123277
-0.007292598335566641
-0.01449129491129555
-0.012513569113088097
-0.010156561160660228
-0.005758932418863125
-0.004945879283470194
-0.002250123870068033
-0.001729242090055083
0.0035246711201904818
0.002627822417098274
-0.0014228732878251175
-0.0013773052023306248
-0.0064741542838708315
-0.008515404764900482
-0.008763218316389503
-0.007089262890574945
-0.004962544852092021
-0.0030816485998761698
-0.0021859344012163436
0.0007881009254179609
0.001992894396904901
0.0027253507904697457
0.000645283712782712
-0.002767968389663313
-0.004136113415154182
-0.006935862975617484
-0.005909695729858685
-0.0049882913896476125
-0.0054231827332930915
-0.0035921962425185983
-0.0010201005422484986
0.0006685591019395954
0.0017519568081121777
0.0002653724627438451
0.0013164279558301889
-0.00037631927878834914
-0.004410839187502739
-0.005131105260894492
-0.005353378931428188
-0.004359882093907542
-0.004442776804195936
-0.0008332050490464009
-0.00030383221745104564
-0.00018660027796544123
0.001140106368295652
0.004446054142229672
0.005966486597457842
0.0008441707809281843
-0.0015961238772906798
-0.005360755788989934
-0.0059281959570936515
-0.005225529602863825
-0.003919888853407493
-0.0013627575652671114
0.0022723310018873096
0.0019919961234320517
0.004012022711651808
0.0039036364319785747
0.011202663392424131
0.0020642432155806747
-0.005296514480914043
-0.008540690373039223
-0.00892283804309407
-0.007047636922045824
-0.006640157849761268
-0.0023779713465993746
0.0013901199134177902
0.00496620065716061
0.005660603071996236
0.012423481535299857
0.03715746854844711
0.005037262856729722
-0.010352122660648467
-0.01761392222261497
-0.014106692794889186
-0.009261327316440674
-0.0065901419652724166
-0.003533552416289325
0.0028682067637099255
0.007314992200893741
0.01717409956238923
0.022093066793174167
-0.04979195243115854
-0.019155404135569244
-0.013886570200385497
-0.002842019820249283
-0.004888253589255941
-0.002068866381980618
-0.007786310660613784
-0.00694622303363531
-0.015230584552344209
-0.02545430928104156
-0.053232107220190866
-0.05098789318887207
-0.020072457006635704
-0.0158382045634808
-0.005047268583849223
-0.006337736989343243
-0.00385288372275891
-0.007667805844570479
-0.003941130933446096
-0.009332825448053793
-0.01002025473265588
-0.020591106664832562
-0.02241725038369601
-0.034190750363767945
-0.013373448981345886
-0.005622561408639054
-0.0059093216815984005
-0.0021611101241240972
-0.006326001203629259
-0.005377586560720721
-0.0063695742347071255
-0.0051684451474811235
-0.009544788597002897
-0.008734410330714376
-0.01527278822903134
-0.011218723201181568
-0.0027691889803385097
-0.004870194202801147
-0.0016744096196913201
-0.004738179259747803
-0.0036042178775885923
-0.0039195547351243525
-0.002185224017103829
-0.005343541884628564
-0.0025981808019289237
-0.007230899785755062
-0.0045850813604355126
-0.0069708552674340825
-0.0017335217249956278
0.002998098940397529
-0.0007673115039895333
-0.0004678235880154117
-0.0019253479906848365
-0.0018539303424703031
-0.0025758486851311857
-0.00024719369097035525
-0.0017159572003444248
-0.0003452697038725703
0.0014286139971361777
0.00381244992847281
0.009297837351112441
0.0037910632045521147
0.004149447714369866
-0.0003472837414998757
-3.942725479102834e-5
-0.004088179128531278
-0.0005980798540853335
0.0003980992395734805
0.0045483974771678
0.0026392158144541945
0.008759510702125016
0.005535401522938816
0.010507630888885483
0.015616663398127523
0.004187876217474463
0.004605008145975472
-5.274957622096097e-5
0.0014990957085689997
-0.0007329414313690188
0.003020210095894982
0.005437292728074733
0.012484310299409364
0.012686059701141238
0.027101172964954838
0.04453255376883879
0.018336540292234402
0.019292005360433864
0.0037247185706500386
0.004261747343922084
-0.00039374717720119497
0.0023350662690120026
0.0033865097941118373
0.014485245894939765
0.014810002303704339
0.04536609631573704
0.04063571585696577
0.0549130244073091
0.046225304270101526
0.012759802896230618
0.011855538169721245
0.002092760032451048
0.00210567228507567
0.0005192575483637287
0.008571374755467015
0.00889547596897117
0.03911923914973722
0.06576357411206657
0.16656880091413778
0.1280389187405928
0.036118388990889226
0.03322705499510873
0.00509532099409145
0.006126533385586449
0.00020620339762727726
0.001379563106927432
-0.0016575840577487803
0.012432389492869634
0.010524538299814331
0.25706391933312234
0.8492454743434762
-0.3152645113353689
3.7591354076008544e-5
-0.003065786228924428
0.008687061900844362
-0.00047885434912057844
0.0013973714519303875
-0.002586225862719161
0.002888003500156914
-0.006264611691786395
0.009104359960718988
-0.16540390513452186
-0.6442254080098481
-0.06109724796066646
-0.03765370700475339
-0.0017665159394505822
-0.005651855933409655
0.000569270360893446
-0.0034366783092697364
-0.004325416824121512
-0.008890085629715001
-0.009097795596946666
-0.04045941661025865
-0.0672419442544097
-0.19950082468869829
0.024612884228584642
0.023547722598364598
0.014804275982987412
0.009400795450018519
0.005344642877016321
0.003913561709507545
0.004071215641315622
0.00355784781588029
0.004152574195289572
0.007210912604215769
0.01038946129253327
0.015792906598788358
0.04884836495486083
0.035105332208804484
0.020033067552955457
0.01248835077568809
0.006909748541945258
0.004576192406502709
0.003160778522482847
0.002959382339202941
0.004357729557837562
0.005414691913499576
0.008926024866624176
0.017469460561994776
0.14358744223283815
0.042223386313096266
0.023478402265085498
0.0117956512701834
0.007326135411127773
0.0035821296632323834
0.0027469353222466645
0.002017013942219547
0.0019175443230384209
0.0021615951161529762
-0.0022245858629916255
-0.005141885289132528
-0.7915667051044845
-0.22038397742174334
-0.01268112232006836
-0.0007061501335620033
0.0036518759464735278
0.003426582704990135
0.0021091849618321066
0.0014132892208486565
-0.0015040911278353813
-0.009272616631621445
-0.03125489666435586
-0.1832786449859591
0.8316827767172658
-0.15610987748572416
-0.0412106394914342
-0.010466803847329792
-0.001998466465886143
0.0016597970505116363
0.0009109876030365874
-0.0021912547944400278
-0.0040069128954863704
-0.0111093664948656
-0.03600721120467631
-0.1370923861988626
0.0753412391767224
-0.008846322364320765
-0.024647208817772978
-0.012898599928007001
-0.0047326695810670835
-0.0007595526505092662
0.0006646621804054919
-0.0005602317879511571
-0.00190548636971587
-0.005470732828337935
-0.015315984542532898
-0.014486727293634831
0.012936692577065801
-0.008367099559657714
-0.007136278507923894
-0.0054880226830376
-0.0018672222478742977
0.0006126083264725032
0.0008362542493591036
0.0016855605503917671
0.0006624808773343499
-0.0008710286773653666
-0.0026560857693149046
1.9456417164233473e-5
0.004005529290159621
0.0021989184473697283
-0.00023457527553403482
-0.0001426486794894997
3.885588059575459e-5
0.0001689185738836477
0.00011245425680132373
0.0011756199651129437
0.0013909277815516532
0.00044023734528673
0.001559581995630549
0.0027193634787380334
0.003482050357475189
0.0027217309066134327
0.0030582853439024044
0.0017983471977850724
0.0008379664651414942
0.0007868079367147607
0.001783057165723354
0.0014259722980604268
0.0010362026932312658
0.0014619398615234517
0.00199375772354652
0.004150513466551564
0.006204111878421239
0.005447923239394178
0.005505820879706308
0.003940765704416299
0.0019686998457229135
0.0028096579831059293
0.0021455720263507208
0.002027103881499107
0.0022345901722647496
0.0033727416024248655
0.005358138112384179
0.007324478452045857
0.00884376742805192
0.008317680507677313
0.007215032523091665
0.005319427857863213
0.004051205659874216
0.0024295071070486057
0.003054488550567281
0.004378014721642477
0.004006670789685742
0.005103128582129698
0.0070967990686041345
0.007514992805067384
0.013495710994946562
0.012922603358914675
0.010559109523148898
0.007036800847297758
0.005875106018127559
0.004291886166049631
0.0038315446025220896
0.004346308975200167
0.004668923414786092
0.005910139286320099
0.008644906723208756
0.011696064317754527
-0.011737549242796123
-0.002648301166641147
-0.0005418528464728725
0.016713526086008637
0.007640015236033173
0.007761742167196143
-0.0029755722740444023
-0.0027734735757918906
-0.007933715992276847
-0.008134171069923682
-0.013382800575865491
-0.009957729891855966
-0.010604864367166615
-0.011483018284405832
-0.005321813987797641
-0.006107480893381259
0.0008298637013355904
-0.006337479265958815
-0.005362311216840855
-0.009042087268417025
-0.007357558734758809
-0.010784342120258026
-0.011858470190039829
-0.013016159902686154
-0.018533197160774062
-0.014564934418352372
-0.016631497962252665
-0.01247410542520573
-0.013058371238328486
-0.009791930262912885
-0.01265216515040122
-0.008315019581871736
-0.01203886899348602
-0.011630619898306509
-0.014792529657604636
-0.014509965183824986
-0.021212225230821634
-0.024828294281750436
-0.02402269625684189
-0.026092332667759816
-0.015952181210692737
-0.017939463509254974
-0.013378057672613877
-0.013508058040485464
-0.013008841081346456
-0.015150697521903725
-0.014792017777382696
-0.021065563608123793
-0.03017145232605898
-0.030618405337953375
-0.04136216982163031
-0.030773203894709278
-0.028010490836400736
-0.017114241297936372
-0.016844094297272308
-0.012646901390861377
-0.01594617163088517
-0.014071580157760156
-0.02050697698563362
-0.023743212195259298
-0.03536659520823587
-0.05242358190333922
-0.05287925035196143
-0.06189247266713535
-0.026275224708538946
-0.025068742523971455
-0.011942799886198532
-0.014739851058751554
-0.013495400535160684
-0.019376269368995308
-0.021064023443416825
-0.03069041701971669
-0.054558187754427216
-0.06548613340223769
-0.10839650147234647
-0.0800431623107736
-0.04315920002647188
-0.007482547625921002
-0.016630494530315263
-0.009721709573899225
-0.016241485118699557
-0.015933107220010415
-0.024766337830575063
-0.03176595785459435
-0.05272327427590775
-0.10611739500936701
-0.1639105222361208
-0.2860259264759665
0.06113423952318036
0.0014299875189768263
0.008109750666929047
-0.01058013309380109
-0.010246673523928631
-0.01759266973023418
-0.022136940599562185
-0.03937858316517196
-0.06068482783653138
-0.07776265969570176
-0.24357627557432657
0.997484671456272
0.4174228786750144
0.09919437449160007
0.012637987878057802
0.005338319311648825
-0.011309056317765971
-0.013528374173334499
-0.024168184843772034
-0.029056163689855294
-0.0191126414135271
-0.034910507281178546
0.07400042156083449
0.5950747116305807
0.2024895009775129
0.048643881626923326
0.034562851308903214
0.00039988589425436543
-0.00401221562979082
-0.01449325956866317
-0.015668632469643676
-0.02618845983851431
-0.015723089114207393
0.012549940050412456
0.030011480424399124
0.14727437923817688
0.06869890930249889
0.05562618558090841
0.012717403147281314
0.006714778944684969
-0.005979876322810476
-0.008240959360188918
-0.013559454199392754
-0.012308617787394354
-0.007067991335957115
-0.0029362338361925613
0.02939774024636194
0.03293500139660202
0.04545224811806717
0.01560815222726194
0.011834106732497488
-0.0029024773694930187
-0.0050383327266618864
-0.011968065682918538
-0.009669897446136966
-0.015197823039482583
-0.0014833892228662297
-0.007412813848753904
-0.006197864722437932
-0.007450855701165878
-0.006818276378392098
-0.00750652748181692
-0.00486476264539029
-0.00475069260288745
-0.0036618317230435347
-0.004712500288868208
0.0006285768084498522
-0.00278405176117855
-0.005670672957343418
-0.00639725973340163
-0.013729331853536551
-0.0071238040962147845
-0.007572711420201391
-0.006185894326244549
-0.006198839327092658
-0.0036913541094950883
-0.0038242400585295714
0.0019782148897618673
0.0018212210312597257
0.011888948756421108
0.016125523081661666
-0.013300079309386115
-0.010411641315675912
-0.01245081737373141
-0.007495482740029666
-0.007753067554673585
-0.003738440592619522
-0.004370197314249118
-0.001131201217359711
0.00045624160028344396
0.015932608577490005
0.01601613065732664
0.4506138684244033
0.04190727949473966
-0.02515586903688376
-0.01331414836892253
-0.013562252198330958
-0.007443436243177005
-0.006170938159148966
-0.00401476421722841
-0.004469323799748856
0.005496009753217923
0.009145537442898123
0.08639934032900816
-0.10490793850830182
0.3738623418008245
-0.011785527504186231
-0.021528070205453904
-0.010335592289827352
-0.010336401167337637
-0.006996132596771062
-0.007827323515833158
-0.004217052635473314
-0.010485400220740041
0.0044528173673780745
-0.3727328981434002
0.2695370530629924
0.03183588841736973
-0.014514348912269512
-0.010226528767157312
-0.011567302817587758
-0.00675480353522289
-0.008806114154199848
-0.007082980789637605
-0.009801997260765362
-0.00840182459896232
-0.01816533901176728
0.028464813900740744
0.006658555395763816
-0.010469166697294165
-0.006096477629972535
-0.009911256599839484
-0.006244081619505764
-0.006505888452683744
-0.006342196163053906
-0.008378241267908189
-0.008157452865311901
-0.016285510103465708
-0.01137220991220199
-0.01815770722830775
-0.013451866078549262
-0.003949544957242559
-0.010592632267571848
-0.005415729652050471
-0.006709800571476739
-0.004927004128572621
-0.008292215855703857
-0.006671647922200205
-0.008804614392893907
-0.00886574077907691
-0.016072301895725824
-0.009586730301256183
-0.006633530783158716
-0.008015450584512473
-0.005943978132875485
-0.007141387299471529
-0.005249836108228215
-0.0065604059501151776
-0.005161346418353446
-0.007323711611344476
-0.00575530058713989
-0.008533467147779458
-0.008481353344242886
-0.011769746577806687
-0.007631791845478837
-0.004883417761712361
-0.007212527627659074
-0.00583280599674343
-0.006064452621766586
-0.005963233638145753
-0.006372916313044925
-0.006545293503563749
-0.005875274986992276
-0.006217415097865888
-0.0071530930437539025
-0.0049544134881983615
-0.004630074271094586
-0.006503496577741365
-0.005476363750515131
-0.0061696315616129515
-0.005483673002787399
-0.006233997672332124
-0.004408402172724962
-0.005655648519588769
-0.0052188414349092415
-0.006046682349573725
-0.0024731110431130765
-0.004432513397529188
-0.0050969831120685136
-0.002928446729975801
-0.006217912943815114
-0.00555714563632554
-0.006698981507810758
-0.0066256677823006635
-0.005863825175414813
-0.0036643284438376933
-0.005141170119389858
-0.0041525939402434235
-0.0046542658834559485
-0.0020581351608755403
-0.00347183802385806
0.00025664099972320996
-0.0023866337968466256
-0.0033187840763012665
-0.01674927627225635
0.1792136818767264
0.12727519516182395
-0.08261690651050585
-0.0351252536054727
-0.007114913619189035
-0.004808184197268941
-0.0010257228394400227
0.001147026784335811
0.00012774785835847978
0.005770115605803443
-0.0036127611392435376
0.027848851028832194
0.07170605795107796
-0.05208899573871996
-0.1708972449786895
-0.0983612599951199
-0.0036908757317893
-0.0008689831180695186
0.0012103408329367223
0.0029496139495836012
0.005347796505465365
-0.00014565029613349304
0.0038329624054272175
0.0011366741720034448
0.0736239809097732
0.04720206871430426
-0.1683506589916856
-0.010767780497724352
0.0009162332006927136
0.004429534599860116
0.002946025640741441
0.00224017044448036
0.0020695038543300922
0.001418902004133124
-0.0025822567508127117
0.012914037139508503
0.02011594629576837
0.03896786760485547
0.02458213642941922
0.010235879787093291
0.010132081217557364
0.012204683647939023
0.005098113857574899
0.003208270852958262
0.0014352063301683892
-0.006669242882620865
-0.003722273268159372
0.0033447238035948144
0.01187382457196781
0.0037213114157056693
0.020422860404489204
0.00754071945616202
0.011425505379786951
0.00717928633572347
0.010013504636951097
-0.0013208388296322732
-0.004789304008590565
-0.003139231476635417
-0.002414758243607696
0.003531081523924851
0.0004442272126316927
0.0011130690994536133
0.005294314647444056
0.006581239494924841
0.0062043473704830425
0.004451716264170442
0.002294078052903587
0.0012945422346171075
0.0002467603219234488
-0.002654845549068015
-0.0003941452733453685
5.832501857766574e-5
-0.0006060882729669512
-0.0013424203290305309
0.00702585126880338
0.004226257125207381
0.003927585968347769
-0.0010804577110066944
0.0032072151173557434
-0.001771649258063745
-4.1538534448138016e-5
0.000676346143324291
-0.0011573015711671777
0.0009107940908800163
-0.0011177515493154058
-0.0031488956319424164
0.001240645215018958
0.0041219933655630425
0.0017828012277112321
-0.0008902047936390638
0.0010324300550572693
-0.0011174529867437866
0.002423211736856603
0.0022344300062949905
0.0034347826084849716
-5.4908779007161075e-5
0.00011599532703353884
-0.0021497578021452287
0.0006231650900328594
-0.002465755094658801
0.004821560668059192
-0.0021543134298833318
-0.00021629557794650535
0.0023556031735200217
0.0017217818442407762
-0.0023748837749741816
-0.0007880588029236246
-6.7144035283091e-5
-0.005207863644797984
-0.00347651090332598
-0.006527234304294327
-0.004702784328242997
-0.002813245666193589
-0.003326070290354085
0.0025869433783418426
-0.0013078428441348168
0.0023725145408064066
-0.0011743324600157964
-0.005356416103736113
-0.013667598956175793
-0.005643835821406944
-0.00902694914891288
-0.0012682891450515443
-0.006526277543634173
-0.0024482894128496665
-0.0033724451397903516
-0.0013764090413969452
0.0008131383087639651
0.005683476004011243
0.00033027590584126776
-0.011249944271429745
-0.009759303978733319
-0.01752579240719104
0.04237018037138072
-0.024057828200040793
-0.007335838987066558
-0.004922085904101128
0.0004823254407241107
-0.0008134027263462124
-0.00881808147095444
-0.012219712583198608
-0.015284547276763451
-0.018444352795645717
-0.015132105350483855
-0.0049658509262351415
-0.0007852177768812884
0.0030944036718579125
0.00239416159552648
0.0007629901728417468
-0.0003964497143628535
-0.0049816447364025435
-0.01105816030307491
-0.01939255036068439
-0.029676800233799965
-0.038436481852278076
-0.030961804353424084
-0.015074610031725567
-0.0018847827947939553
0.003003002213543875
0.0037691960135080096
0.0025719742077429143
-0.0010104517673437555
-0.00738332323712756
-0.015628186439287702
-0.03141539265235597
-0.05718978387758855
-0.07519662114361156
-0.07592259703595461
-0.021557350275423662
-0.00362750875791908
0.006725783789950261
0.005638626756466778
0.003246924206949766
-0.0010140587529815894
-0.00739057573253552
-0.018426141724931826
-0.04102834064210881
-0.08073166899732594
-0.13315471265486054
-0.19063486810499397
-0.020724814520621103
0.021819222648615202
0.017279743263177424
0.011650425270049428
0.005388680186923921
0.00088114868770901
-0.008521735742652307
-0.01949617377818749
-0.040827841708376764
-0.08592577866570682
-0.1961020244457572
0.5004669394929048
0.26584431436386935
0.10609377734303954
0.047546038300763004
0.02158208003985112
0.009245826186386913
0.0014568311694348464
-0.007792424026080131
-0.010045520145772414
-0.025501779398069028
-0.04075460177963838
-0.07200295464085371
-0.5902903751353666
0.15269770988088918
0.10558940251721398
0.05165357845876435
0.025327373934582825
0.011789467548776002
0.002625078462348563
-0.00451512954785664
-0.004309238024872399
-0.008014492383760546
-0.011889143142025247
0.016798923837726586
0.08624417090091262
0.11034321637942081
0.06437347729483511
0.03813374732745516
0.020735087713371837
0.01178170153348818
0.0039340614847649105
0.0006200374276088965
-0.00194941313845539
-0.004769947237024745
0.0034712203763371243
0.011297493862044618
0.04296166888383077
0.04380444296342564
0.037264845602072334
0.026175483639169023
0.01657093763511952
0.008991755873753376
0.004367847382671359
0.00032594068691254707
-0.0008117916052613291
-0.0009713354245548312
8.261732846471865e-5
0.00916554275902324
0.01547264013301892
0.02466062233087887
0.021086382599252603
0.016120311108749983
0.011431660656663446
0.007500786516308559
0.003898313264081684
0.0018163676049192837
0.00029889682196134317
-0.002037111749762828
-5.962989782311133e-5
0.003894272566187778
0.008249194776595577
0.010475907941951662
0.013286017724205443
0.00982015954334567
0.007837698967385329
0.005552098382764566
0.0034018143503251465
0.0010839841852133682
-0.002603761531024921
-0.0011771229501587833
-0.0015365954019280783
-0.00036807947494355936
0.0009531382532625465
0.004321066739462935
0.0054972767848745375
0.007443142385059581
0.004114675057921322
0.0033642434656327228
0.0015238979018088476
-0.0006489170754601205
-0.003972174426462618
-0.007745221239204841
-0.008847594951405588
-0.009065636750878021
-0.006560233083262002
-0.0014094592561226002
0.0016535173958840002
0.001973813343356489
0.0030886109104204793
0.00040300478153104116
0.0005238187332141735
-0.001163470032341317
0.04693143485662112
0.04489724352982868
0.04446958626988445
0.032926940333508486
0.03928627685855925
0.026954490676759067
0.02908258282268326
0.03490284015523555
0.034732730617394555
0.03966619646804757
0.04779838572877222
0.05221246095842434
0.04678406025463653
0.04579129773693817
0.036656667706543924
0.03755390715455057
0.03268441170376891
0.015516668823382701
0.015761371069058977
0.034237430781850216
0.03547030088347331
0.04053694867128236
0.045396618055100785
0.04388758708120771
0.05295831989472892
0.04938244866596805
0.0272350735747242
0.011269755656103851
0.017895167731687783
0.009643092616825203
-0.019835215601803343
0.011979471494883284
0.030294063580205928
0.037845031386610384
0.0458802566022322
0.03818199407703263
0.03982120396041373
0.020618336153574248
-0.027862617598297165
-0.08695410052674707
-0.053616936928512715
-0.06579049620731976
-0.06651408663865753
-0.01906494809983807
0.008071602534891148
0.02942325272929197
0.03373037589593254
0.043237848313464174
0.02108251576834758
-0.02093913479546124
-0.17504147888480937
-0.26542307285891437
-0.2404379726986487
-0.20802453475793467
-0.1603440551200354
-0.05165295145427501
-0.015142041335480498
0.02104244563744683
0.03680131373346005
0.0314463347387597
0.004199520007483018
-0.06507036401644206
-0.20432457241108717
-0.41342218371706285
3.0938224077422096
-0.3372780930290221
-0.20158916112567782
-0.08919528099813222
-0.006801559494149879
0.02001635873038969
0.030786937796284598
0.03139553766852264
0.007241509015127893
-0.06530611117594542
-0.2605730280979012
-0.5752548354574659
-0.08785287723714814
-0.23471790356215907
-0.20705415303809133
-0.07812925629605394
-0.013358008288441409
0.02036264791359507
0.02713442310651073
0.01547310614687849
0.0063630731049812116
-0.04144095197986184
-0.11131715286920567
-0.32962738046358203
-0.17967689414239574
-0.23483950493224734
-0.12034259978552606
-0.05337827405359565
-0.0009548472123304504
0.022228699739540825
0.0276891690095019
0.021019803896050362
0.016035928752294325
-0.011305943493932921
-0.017090366070617365
-0.1130793844309059
-0.13348663089937876
-0.09593532672798795
-0.05426889228565815
-0.020054106839284738
0.012538561314513613
0.031036477803754316
0.02844660409214856
0.02109827353067091
0.024285645518453063
0.01594722242765946
0.00811291289234349
-0.014328354381118015
-0.03492095667634379
-0.026813714187975464
-0.0051375885787454
0.016015782691133795
0.02860705369622296
0.037917566729827455
0.03253682273056235
0.03460662563397064
0.04130730023059864
0.03393264480706846
0.0236766156410059
0.012784851649399003
0.007865256752518575
0.009799060272571016
0.019402254846381452
0.030249738339112424
0.040262933004106126
0.02888957890669922
0.0382065847289302
0.04082342253532176
0.042448245454488276
0.04305558122605857
0.0318681533849774
0.03586936573842239
0.02869815723919406
0.027251519024492965
0.02884603225119365
0.03517002189656437
0.03869617525833075
0.042076358773660505
0.04228347259691164
0.04710956160537989
-0.0028039979198777724
-0.002323370324161249
0.0024671174927934393
0.0014434373418600887
0.0019217928748139308
0.0003379451944830171
0.000178200391589881
-0.0016158784461973174
-0.0012161808947614003
-0.002409158108511028
-0.0025728110838050774
-0.0037470078009049484
-0.0006681106159117287
0.001908166834102382
0.0028807082639317433
0.0026727202393447254
0.00038152719045862115
0.0014265575482169666
0.0016758843832735291
-0.0011145134163242634
-0.0011246980564764873
-0.001204125139603804
-0.0031546942054301672
-0.0038007762735436847
-9.574720668525798e-5
-0.0016929562222701756
0.00021959397742825568
0.0019029045562738898
0.002895912991319295
0.0009224887119100918
0.0015216359236160453
-0.000922911622860382
-0.0023223774151568295
-0.0020590476467946387
-0.0015234271966902799
-0.002211889933699908
-0.0027730878424945048
-0.00048048774341366384
0.002514925096196252
0.0077610429756942816
0.004799861411076545
0.005720612056410168
0.0025476511180655844
0.0011748158406991768
-0.0007488947717001841
-5.061997410173814e-5
-0.0024217514165912023
-0.003086299014167866
-0.0019041508811163844
0.0013106583275148457
0.008831182859742416
0.013191683545477144
0.01542503280557157
0.005560856994245497
0.004600800531146377
-0.0003547699389738288
-0.00045422625060671687
-0.003776472170863747
-0.0031110006593425945
-0.003577697156660421
-0.006733243467615548
-0.0018383213151549603
0.020465174382937212
0.041992776739769797
0.021664781983696167
0.01236526286079049
0.0016532762975808538
0.0023098890972056848
-0.0007431503343645327
-0.002208750727678975
-0.0034632165277557205
-0.00548427573996083
-0.019821219946492736
-0.006055386481412278
0.05748422733296822
0.17502029704826796
0.023658375957912335
0.008655442785351491
0.007304116176336144
-0.001681406369561289
-0.0011515949954152443
-0.0029321415799385543
-0.005857153498703806
-0.009612981227377857
-0.036469891011259525
-0.11539020544228618
0.47704834452467915
-0.8857484541744963
-0.09127913972625702
-0.009192547711686495
-0.008789370076931228
-0.0011881301704121969
-0.005791486998037123
-0.005148404592808344
-0.00794273628930938
-0.015994875821888736
-0.026025706946395482
-0.03549503688278626
0.24630185544259497
0.2644005963047821
0.0268694692558445
-0.017522901386224247
-0.006013766913959485
-0.007719939767906705
-0.0034850698462906564
-0.007253175773540499
-0.00915081583875062
-0.011943913560637953
-0.012937444918193297
-0.011266394340488812
0.03283388475277933
0.06713986302654797
0.009535802343053904
-0.003141765853429143
-0.008343999001703144
-0.0018078107533111626
-0.0045356452957965405
-0.004644178601972871
-0.005359997696641938
-0.007631403535450246
-0.007321853242960606
-0.0014356637035732884
0.007286798269760674
0.010593569870906993
0.008845081859861291
-0.0019606724100330827
-0.0008982693472095911
-0.0037506529760247737
-0.0038941376876960683
-0.004287469023435162
-0.0041515129961666765
-0.005177326536328635
-0.004060487691989718
-0.00013979028084901227
0.002686924391447023
0.005809827864169726
0.0034477730805636854
0.002876692264741648
-0.0024852924022309483
-0.0010277373492972172
-0.0029703284572152175
-0.0025892143273399896
-0.004395466279285127
-0.0032797573250723674
-0.00039437919441577085
-0.0022489459055772855
-0.0004430881843432968
7.075195583776004e-5
0.002959668995265306
-0.0009090586909350003
-0.000125784102339694
-0.002032116786192805
-0.0011113150507639827
-0.0032825334845310037
-0.0018571746829745004
-0.0037006930522497463
-5.674586686061755e-5
-0.0015309207848858285
-0.004265181937562148
-0.0015457328279964233
-0.003982187160335179
0.0020762781616328295
-0.003425511140374403
-0.00119280425879849
-0.0018591203846281736
-0.0012817102720552264
-0.0019117820040370956
-0.0013704010566732905
-0.0021675886296096463
-0.00862591949306933
-0.002000884376656022
-0.007636596131071898
-0.004164497655255332
-0.004245035176997125
-0.0031404325664054944
-0.002403891831963702
-0.0019506374404976603
-0.002095795436848776
-0.0016916861086753556
-0.00524289211397561
-0.006416255385534395
-0.002660709768196843
-0.011679604592302361
-0.005734750475010481
-0.008746058755336834
-0.0031666579560499447
-0.004690788010568952
-0.0004625079985628286
-0.0045197688012072485
-0.0030507689776702895
-0.003826320366583682
-0.0037205118626176237
-0.00039308868889353574
-0.006980952447707259
-0.01262105526242043
-0.020456310623082837
-0.00964196844507827
-0.009398786401562916
-0.0030079166009850254
-0.004025548994384294
-0.0019548727068089914
-0.0016681574630657506
-0.0006509605772817331
-0.007250564063210574
-0.009857858044842719
0.02394678913500629
-0.03484571715061388
-0.017781459733303754
-0.025685009868442864
-0.00759724027976423
-0.004945395811540301
-0.001106707478179236
0.0004674209600392344
0.0027786711163483796
-0.0019467102569575693
0.0033721468709432805
0.005686098537338058
-0.09484424755557173
-0.2467199709272836
-0.037266257058511866
-0.016024803518458638
-0.01778645379120784
-0.0064621194659617125
-0.006928025302244719
0.0009250778666652011
3.932466409102916e-5
0.0035144924518905273
0.007439760454675619
0.07944436900285368
-0.2364676623073066
0.3592593879019278
0.053991789936246704
-0.015283932296944587
-0.00810870409289933
-0.008768226593486734
-0.002346941074394598
-0.0016075807580436282
0.005012332357908032
0.005341122381057038
0.03989102956755392
0.06768038843860272
-0.0023512718991261956
0.1748193141174041
0.010965555020341147
-0.00845448808600517
-0.009338731345849985
-0.0008284151023707215
-0.0017999425300991273
0.0013492132335789014
0.0006610288008483287
0.011408818843771037
0.015453909767849381
0.007674014074066385
0.031054287014157658
0.04427859066134994
0.00982194801501056
-0.006331343873418904
-0.0009978382084650135
-0.0014015821564213925
-0.0021265381769387617
-0.0013060899179312756
0.0034725330923414295
0.0034688627556548495
0.015424239182162524
0.010321202839488662
-0.003801933572913029
0.014268725736759644
-0.002104117063433589
0.004394287919947543
-0.0023269336889396807
-4.1929651342158605e-5
-0.003029238968146487
-7.13491724315139e-5
-0.0008540485012777468
0.0021217023372447274
0.0036305714068177617
0.0008625852390753094
0.004669691470109974
0.00029256635361702755
0.005994188687195118
0.002922053935032301
0.002967576224208654
-0.0022459038489881233
-0.002692398098523718
-0.0013546958536909386
0.0024960880257149493
-0.0020908540704989032
0.0026581408211320146
-0.005186033539770227
-0.01565606769878192
-0.004921378418807117
-0.007247210042508464
1.5121967467059908e-5
7.582144741338846e-5
0.0033999454645964452
0.0023515618915896583
0.0023567470954327942
0.0008781778504352815
-0.0020441796333859376
-0.005651913460090839
-0.019640408190104017
-0.025833051560395906
-0.027442228825536548
-0.003446310374350967
-0.005464082779455813
0.0036139068209886747
0.0004992574096185634
0.004370347918306797
0.0005697339497130735
0.004015663706253673
-0.0038868807710361773
-0.005136998345710441
-0.013422104162061178
-0.08388267060695276
-0.04549009747590626
-0.0221458593273563
-0.0012607637382878883
-0.0019245599905466121
0.004458585600772789
0.003830850557346325
0.004868761749240532
0.0039610635475417055
0.0007972935237947371
-0.01445867597096033
-0.05183413116950932
-0.14616820792770463
-0.014318439249076503
-0.016239125856310294
-0.00326436435018439
0.008024232564749859
0.001891720101576565
0.0053318987634889065
0.004976456188666713
0.0075193329891476545
-0.00043741390508263
-0.002642553303313403
0.1290973376680862
-0.33983440969067136
0.29010770134945985
-0.05190925747509459
0.014006595486510119
-0.001324290531421311
0.004761588304684946
0.005076646845002046
0.011367957545407084
0.011707034129760987
0.021687420420370338
0.05442537808808423
0.06025886462582647
-0.11397206516691147
0.03854548990670854
0.009586039328006205
-0.01295208000432526
-0.0013644852246171143
-0.003782891284318912
0.004660367147326017
0.00846155828182015
0.015485604395785816
0.02531861185744879
0.059839401031529994
0.037630390806676677
0.017005985616460745
0.026275480096455008
-0.010713356152743518
-0.004338763305147703
-0.003829104902762644
0.0014972001297908837
0.0037381930292727026
0.008706179534285732
0.012898133610757093
0.022259370128955513
0.03549200779688077
0.019509978463181154
0.010592753493257244
-0.001759982168789221
0.003077603143871619
-0.0004938297179286428
0.002200421865977505
0.0009522041487444932
0.004777921998395953
0.002512856499172252
0.010500994650287875
0.014542950334462975
0.02934721386351804
0.011562710088699961
0.0038970891651830594
0.0015468814136282605
-0.002217428282586542
0.0017560626419722372
0.000735330263733783
0.004364298881898215
0.0013222344943602216
0.006041950594089182
0.0032085207050632203
0.011752619242456545
0.010262336443966985
9.841186015523574e-5
0.004183275261984565
-0.0038803395173389412
0.000986820065092487
0.002083963452406776
0.00471369658530383
0.00013163851952049764
0.0033194029068921516
0.0046564730828055866
0.002628633888779453
0.0021450407145789173
0.002140279958758856
-0.0003638997619909868
-0.0005913727369488387
0.0003288540215295178
-0.0018452088064613995
0.0031354659962709564
0.003307173706635539
0.0029427506027924254
0.003414028870890033
0.001669396070272009
0.0036815263539624636
0.005093075618687642
-0.001913165968371382
-0.005247772302086975
-0.0038429407559978884
-0.005164672792950343
0.0006045036528384444
0.00015587087227665342
0.0007760985730986342
0.0033057719822568903
0.0015522674484415204
0.0010066760070597319
0.002390251565354941
0.0005141267545887041
-0.004846397991582387
0.005043926667408762
-0.009974889303204778
-0.004638164573208082
-0.007437684183142691
-0.003978205148611157
-0.0037633026199920916
0.00011701461381088095
-0.0010082833324308728
0.0008324869270742125
0.0005440110321375015
0.003497863896502277
0.0008376215487095669
-0.004870168787002356
-0.012384378949622053
-0.02427964523362198
-0.009576930930587124
-0.008470813631025798
-0.002802889027878922
-0.003264397272526173
-0.0011282196646299311
-0.0013841325471859222
0.003972449047915869
0.0013942736394213005
0.013155267442487227
0.05637550246825945
-0.08181571824110996
-0.030174770425234518
-0.024992250755223787
-0.006531578040864577
-0.005015843471986369
-0.0016274674449021692
-0.002625036926663999
0.001883005154167902
0.0001067448364359061
0.01470429516040027
0.014450661395594772
0.909548768981824
-0.5822666079371286
-0.07814989369691287
-0.016572796998492283
-0.011654101977587681
-0.001529407969338715
-0.0033210485735829767
-0.0011096512442922376
-0.002728428123713791
0.004142068101078723
-0.0035455489546727093
0.041738551052188995
-0.5037160484825263
0.32888159901790087
0.09979889659980608
0.0030051209733920657
0.003005644223524788
-0.0032321895805281636
-0.00047793701911467935
-0.0027840768309982922
-0.0004977060574204832
-0.010172896432131585
-0.008562454565310159
-0.07278013529132904
-0.0879076347299837
0.09945249244022804
0.036484817734633496
0.01865833664060972
-7.91375182160591e-5
0.0011297458388961103
-0.002007890269387867
-0.0012784017311710885
-0.004795209526237133
-0.00431148443281918
-0.021334474461984873
-0.017150419247832862
-0.0038536292024717997
0.012775216356131228
0.019505849471318292
0.006133005922798955
0.00491012354976844
0.00011579342561893969
0.0012161225607854745
-0.0023914246175888634
-0.0012347697628234812
-0.0069391869761039286
-0.008025730570527892
-0.018283736108649123
-0.006734316352693601
0.008924257379252166
0.005263389719862095
0.006459577950872154
0.0009082154329392045
0.0010753443516639206
-0.0010052765970249736
0.0003683287297073803
-0.003092421659567031
-0.0028259697130234205
-0.007136700633829024
-0.0030787739405880813
0.0013127984029135825
0.0009542085767345593
0.004439865428491465
0.0015420363051353817
0.0017407524097512329
-0.001104841666744127
-0.00011229626633916128
-0.0011314522714401846
0.00023798881707413612
-0.002869655880331905
-0.001516196468031446
-0.003862886827819735
-0.0009211511628936034
0.0012052474621140209
-0.000461670534486432
0.0015585709775302998
-0.0014882878245306617
-0.00026513076557772755
-0.00119300719531353
-0.0001701569227759459
-0.002083097900182172
-1.2919878625875567e-5
-0.002657631326300473
-0.0001244801854422844
0.0011330352538081547
-0.0026321349987316837
0.00011760387111263196
-0.0026481124129824653
-0.0007076862741847845
-0.0015163190658280359
-0.00045202237653568843
-0.0018827028904296666
-0.00022465948651374435
-0.0007252762037538567
0.00011281874186742656
0.0004779416339119139
-0.001163652502399869
-0.0014014165327718361
-0.004453543891638265
-0.0018967838066664153
-0.0036022861395884767
-0.0015518826192488474
-0.002453724911815925
0.0002369990461991285
-0.0007577962127313431
0.0015933379588245428
-0.0007603027197825848
0.003237859624066631
0.022499740168853442
0.017374489368694616
0.013967311697755579
0.016357209101654422
0.02242861739081287
0.03755279764818552
0.05213783112864312
0.08965966150237765
0.10881985642650058
0.10129282990305088
0.062014047384241704
0.043001190863086
0.026737566967538852
0.013910949846420505
0.01407301049960229
0.015138046609307334
0.02516694447999673
0.03621998552115568
0.07726371112496756
0.14111629106401835
0.25241913574866165
0.19770631085655052
0.09772944733497352
0.041593710948082716
0.014173439095720025
0.011417838837732052
0.008886046511428847
0.012300649909006162
0.014426972501334684
0.030944874837161768
0.05260368717178239
0.13319091846926082
-0.9619271027675329
0.4856284462990127
0.1057504742207246
0.04130087551657126
5.051706426580191e-5
0.0028107569987186314
0.006852166225662047
0.004537799223547193
0.008803527808184577
0.0004840784954031426
-0.006620517430399115
-0.0777018484952496
-0.5436547414642916
-0.33897796635395033
-0.07576380916260521
-0.021892710139768394
-0.011839238585585055
-0.0003241562691898847
0.0010192865133549223
0.0013457174226898477
-0.002040597234171723
-0.008126845630674557
-0.04149134299000273
-0.08436406814556184
-0.18888638059530785
-0.16842790383613435
-0.08623970187007826
-0.029511724486226486
-0.009086664345304134
-0.004696131011344641
-0.0003611650133644105
-0.0031670264460593837
-0.003044375914541996
-0.01233755590679263
-0.02598562985852967
-0.061963653190929474
-0.08647674411000099
-0.08461618159721557
-0.04820697184066381
-0.027001613355582876
-0.007492996175884965
-0.0011654415035699179
-0.001663948876236486
0.00023725986383930908
-0.0037530064199794767
-0.006806802095523893
-0.01763365051422657
-0.027919733614003694
-0.04363408577136263
-0.037495137979245266
-0.026708937387102054
-0.011670170408467932
-0.0006175729738604643
-0.0010550936458892893
0.000565077619532501
0.0009133613703535015
-3.274340019708891e-6
-0.0030488209647087446
-0.005138149011118723
-0.013212948898388747
-0.013731780360916084
-0.016034419476447133
-0.008551205052893206
-0.0052724546683859804
0.002716184906245752
0.0034030512936624032
0.004039711145115841
0.006555900688085212
0.0036420209580843655
0.004059069064647266
0.002292316394289857
0.0034000246969760656
-0.00025669710769011167
0.0019728994556695665
0.0015379747435677231
0.0036142425615586496
0.009487622709815987
0.007322029582470447
0.008173617382252175
0.007705761208572013
0.011345329430144227
0.010150694813428621
0.012823299894857856
0.01361067781238742
0.0168315470402176
0.012425817454493795
0.014336828219399776
0.010389166492582352
0.013319741915762535
0.011884000990689996
0.0084625033996278
0.011092632238523088
0.014614269068791695
0.01897848737079238
0.02142928503232613
0.02921892332702912
0.0283296115532811
0.031252637682558995
0.023155536702968795
0.019381692686816353
0.019961438963319107
0.013585788865784975
0.013385060217634227
0.013215488600406774
0.019360888594127313
0.024960645719566587
0.03827888132252225
0.04715902954218827
0.06139691557392109
0.04798820182800217
0.042161388384017284
0.025467392329115678
