0.00029014456243043663
-6.533955268352624e-5
-4.3744081602830856e-5
-4.5849416207867725e-5
0.00045838030132428474
-0.0002385518335617996
0.0002198919209518849
0.00011927828190279667
-0.0001001213740536325
-0.00016756427440074397
-6.468920793374682e-5
0.0002809023037979252
-0.00025022557242262197
-0.00021706950078397523
-0.00038829355680059934
-0.0004156742148430743
-0.141183071385175
-0.2481005370993373
0.11649768344282355
0.15428960151613608
-0.10246837799641
0.03725050601694456
-0.03056800719388171
-0.09885253223173734
0.06748009872592546
0.006104634768855271
0.07676137534308285
-0.2540153876586251
0.1701085657037641
0.24155749264909443
0.19457074536214297
-0.1271327899248554
0.1814413774281656
-0.2026335234936083
0.05690469049726548
0.08942354397441217
-0.11793992052610369
-0.188842300126406
0.20518106822049617
0.16621644373057462
0.01648529061943245
-0.011043835087942168
0.14712136457019317
-0.24198594743440513
0.07069678013785177
-0.030192776103488212
-0.10703838130185063
-0.022293875112125393
-0.16223961466095838
-0.2532847708825048
-0.058398636934739546
-0.09502999008713389
0.22503125370922364
-0.21240447897769266
0.212248080000825
-0.30400723684068753
0.08520205321216064
0.017311084673498376
0.06639115502657797
0.10110388005731265
0.0164639796957946
0.1928669269435978
0.11738521111351402
0.035861103920554305
-0.4121957347867199
-0.12222388082684714
0.21939745596106408
-0.746041247871653
-0.3353658666932026
-0.12798841824963444
0.06334544751528154
0.5287013723389915
0.03641977448416443
-0.02195617538231493
0.15317094125024291
0.28670253899435727
-0.048586777479447264
0.049783182369328174
0.1951659856081661
0.25587140285380233
-0.05046291329423913
-0.3858214919434988
0.16686897844711115
0.09952620925288795
0.09745271530076782
0.024793365567507823
-0.11356279477459155
0.025261662199576488
-0.058506487435355546
0.18911562607755963
-0.022722635562210332
0.10353921785192699
-0.31920924796459865
0.00041637470614348175
0.13745092088601923
0.10966050076080516
0.03361976396238718
0.1815601162715909
0.34074948443422526
-0.0881439658694671
-0.007873489937701336
-0.08564621160964098
-0.1413627865673309
-0.013935617559145517
0.1514981613642544
0.3778436481686798
-0.09994593316475177
0.0006784878972813588
0.04323515607545249
-0.3027114180069653
-0.3485498153573321
-0.04481558007721874
-0.018350357878998132
-0.012076940161438508
0.08795240028348048
-0.04789513958714487
0.35014159139096096
0.06665900407760149
0.05450554519386909
-0.2579505514453724
-0.28909769559389975
-0.13146295643322659
0.15183230372364084
0.1785159523525047
-0.19107137404568056
-0.11684325717846032
0.01906561864717625
0.14457585663561864
0.15085073386916373
0.534207395455791
0.07122056331598128
0.03138489591560213
0.18119821506417183
-0.6703446431133961
0.1360458966320267
0.2909088132736454
0.05135303093183846
-0.0881694922126067
-0.07611414321467101
-0.1902519505303093
-0.06730439606279513
-0.1899571601400044
-0.09927410280981903
-0.038553656337270654
0.2826979479868781
-0.10361840800960036
-0.11459714011158888
-0.3533269502120689
0.03296110352348596
-0.13584444096985854
0.0065054171171713285
0.10909796984968716
-0.15635107812853044
-0.060298489840982045
0.07093141415430078
0.05740331999179715
-0.17116600900020418
-0.09868787475358015
0.2379721111621432
0.39232110725365066
-0.0780930757249896
0.10341917427708923
0.17218321635226103
0.04754664097496744
-0.03448723282637789
0.04923064969094085
0.19578715455615353
-0.15568828448134445
-0.11571093626733646
0.2229376628187088
0.4746103791978827
-0.3041114750633156
-0.23789052786784723
-0.3277397015178867
0.26409728844498637
-0.26339093256879753
-0.056778130992258036
0.026622384871092867
-0.037689265345111654
0.1713532878346295
-0.1891826084644791
0.09101907385306482
-0.023981669483462552
0.15910660009529792
-0.04572842486545718
-0.1774832938838542
-0.08195523634026877
-0.01941215634637077
-0.004110258376486111
0.21719902857101916
0.09044215013337542
-0.12572148124781918
-0.0701719782634954
-0.023955913648454806
0.07414128709513931
-0.15414394334180428
0.07341115587627385
-0.022120714075607898
0.22190967162197356
-0.13222073070990234
0.015785307904376978
0.18488396557222986
-0.389628193979435
0.17859312743019481
-0.052121266709172075
-0.04352554889890997
-0.047027209837117334
0.18649098392475155
0.16354564605011215
-0.2945871096714645
0.24696107282361934
0.07282052848184556
0.06140129088463582
0.03422057411206345
-0.2417809637478333
0.07673689604103144
0.035425179371373336
-0.022490085952769585
0.3470168241654453
-0.1935031534857765
-0.05821706948585589
-0.16806912291486373
-0.11141896270687837
-0.00046154396299709377
-0.19560300541779727
-0.29294103277048567
-0.3518116058490932
0.022032496359332316
0.22298730350825
-0.4726468141855647
0.48701299348470206
0.29297139726985694
0.1286337130637402
0.06725652587136498
0.278673027357782
0.12862948882285005
-0.00375043141387667
-0.13230668827423608
-0.12101702346183132
-0.035220344370207525
-0.005080595275329853
-0.06595624636844839
0.2174999848634555
0.08962715133579134
0.1036851172319061
-0.28772217930482186
0.23622939382989674
-0.1424143288496258
0.1811384072753646
0.03332040658767313
-0.09294809727385316
-0.2768222924945344
0.12881326283420078
-0.08901368599526299
-0.0035473670127478163
0.022391068616107016
0.20978644720554634
0.0031278007057521503
-0.02511394468282614
0.004059702951330435
0.09222093768373932
-0.20875138288862433
-0.004082545254734253
0.042260266496797955
-0.2761229754793312
0.2814398488159393
-0.05261999154062658
0.23392447140083203
0.055128049568141956
-0.17007796125752545
-0.06283720355898165
-0.13004152018696405
