4.21109416631628e-5
-0.00018947557028882884
0.0004845009614005788
0.0010996095729816462
-0.0014202115824796303
0.00019379584790228972
-0.0019061907224185264
-0.0006232949662734583
-0.0023393278594638907
-0.0015017250335305273
0.002349458471461187
0.0012209125800161126
0.0053818856613024905
0.002493534194800794
0.004364325650944782
0.002187447104371012
0.002861845652137196
0.0018699119525808594
0.00195801763572562
-0.0002868184568033004
-0.00013002802982351372
-0.002011362210068407
-0.0020894806944246483
-0.0005993230566103473
0.0010995598629503695
0.002477404031731989
0.002519867752742638
0.0017548805314223123
0.001324580384969651
0.00232692409181851
0.00339340640890744
0.0022414001306124147
0.00038182001403318016
-0.0006387861081839914
-0.0004812156696004563
-0.0010286407387339143
-0.0014511144583330665
-0.0014396446059116285
-4.910193977929623e-5
-0.00033842023129086605
0.0008598643096594078
-7.143077802392695e-5
0.0027532051512805843
0.0032776598328127775
0.0026880256330189204
0.0008334912450429243
0.0003982192777574275
0.0011423459729075318
0.0005848525858145039
0.00019991173711492258
-0.0032060460898756795
-0.0006158321646726131
0.0004189788058825475
-0.0005577297415762164
-0.0010980572152134165
0.0007357188110889286
0.0009687727003916719
0.0032198292174635728
0.0022334710935942794
0.0006937257472651601
-2.264193811509635e-5
-0.0003327445668917885
-0.0008205260813368055
-0.0005928754469773671
-0.0018274124342077887
-0.002484767553817455
-0.0012455629518765266
-0.0019634536409107992
-4.788330506073094e-5
-0.0007419764023923991
6.802636741263726e-5
0.0011094197260687957
0.0002914639247343258
-0.0008190603098720126
-0.000859657525010014
-0.0011329637298444165
-0.0010234200007700573
-0.0007345167190600174
-0.0025502294597940316
-0.0010989017835828447
-0.0019560002298254124
-0.0002508823231819769
-0.0030729776175254728
0.0010949841185582513
-0.0012711901893051076
-3.2225397019780425e-5
-0.0011403622710796039
-0.0012083303110990216
-0.0013802737797044078
-0.0011770974395121558
-0.001699205296424402
-0.0011302777335862142
-0.0024541474913988993
-0.0037946117001716353
-0.0003427011082319057
-0.0004918802743502022
-0.0032648592377627845
-0.0022989756221907984
0.003640839126669377
0.0004083986041706721
0.001690183123611108
-0.002006877319272711
-0.0011693040613643913
-0.0015093254421450779
-0.0014368584998167414
-0.0016476837295885363
-0.00506177244864812
-0.002123464420282785
-0.001982495767792449
0.018175472360193835
0.0034604399430347528
0.016153654698783
0.0024883023946437326
0.0059963020369832335
0.001727669550977451
0.0018065139074897696
-0.00033907471841525727
-0.00022123941858111966
-0.002801137651249642
-0.0020493826569330216
-0.004466682805641549
-0.009025335982127326
0.004742350456956588
0.005700260494043325
0.16589134982418297
0.040653102086271035
0.025325747131322972
0.0029766420262966266
0.005666170722622707
0.002424971844456656
0.00038958128007504596
-0.0012777664275323937
-0.0022256508688753025
-0.004451257730241705
-0.007660493558456515
-0.006710354695606411
-0.05012799930780276
-0.35774276627678653
0.2876622620044893
-0.7288687843205124
0.002111405870541549
0.012451155027028739
0.004152933401578407
0.003600570618946125
0.0006134241151636216
-0.0011701254291225406
-0.0027917331227285142
-0.003368716325087217
-0.0018702450413376974
-0.006934606664032982
0.0063340887638879215
0.01001119870140563
0.14101655330105337
0.058345366640120924
0.0371902734887924
0.012236303108342509
0.007880434490778968
0.002482231233725683
0.0018482486243408512
-0.0023229925491146924
-0.001158139561160296
-0.0029979572478990714
-0.0028755791170144347
0.0015734295446387541
0.0013121097476749945
0.027438949801022246
0.03937213039478029
0.031877246848096945
0.013783088336009448
0.012295709234801468
0.005476617048867843
0.004031686079267201
0.0008363344052778856
0.00012693199271779804
-0.002354176990641605
-0.00035987582977001345
-0.0010447765444723091
1.875630819270954e-5
0.0061070029634156696
0.008534337079982914
0.016998045174390443
0.010805655732456641
0.013247214125332241
0.006810115700240475
0.0047575599782142325
0.0030833526070600152
0.0014073067047627803
-0.0001707508359296174
-0.0018794887577567251
-0.0011682178388471493
-0.00026361904075151245
0.001399204299889276
0.0021608648985852615
0.004340428950074818
0.007584611870727536
0.007564962602145997
0.004380717599874604
0.005783145384947051
0.002357425142952053
0.0023332802541761277
-0.00018162552653718488
-0.0007718567063663481
-0.001367330258302271
-0.00017557111467463444
0.005463480407333603
0.0051117589008039255
0.0006781383661973362
-0.00727273239056103
-0.011272354792898693
-0.01274083168370065
-0.011681309662327412
-0.010931786081117395
-0.008858768383096939
-0.006246168325213136
-0.0024544781582956617
-0.0013269005090013712
0.0018164331797036774
0.0037743205861202
0.0008370295052579904
0.000561907600750675
-0.0017890885662353736
-0.004089129069250915
-0.008231155009610547
-0.011049140323051857
-0.010347173483184709
-0.009400517550418548
-0.006765313830384227
-0.006357687017784875
-0.004276038267108491
-0.002329124234589405
-0.00036747732129678443
0.00035245370967680324
-0.001831436851256348
-0.001876036587115198
-0.003898271591579847
-0.006144992992471854
-0.008438712509043631
-0.009472187090520012
-0.009160451970878562
-0.008156361491280304
-0.008674296573354792
-0.006785316198587777
-0.004953237931073064
-0.0018164342421484957
-0.0013454771539767286
-0.0005421054631492021
-0.0006831910395328591
-0.002146768448832763
-0.003915645601260173
-0.007847809630232527
-0.008739958970591651
-0.010161602324091079
-0.010508277338708336
-0.0088269049548023
-0.007397598592906721
-0.006756782352633522
-0.004353082932214658
-0.0030160798390570656
-0.0014670398414184558
-0.001442421117818558
-0.0004301450510314497
-0.001550484575527161
-0.0037286303751699577
-0.00785717213811486
-0.011287843241818144
-0.011452378067604671
-0.010578948736490817
-0.010725789463793635
-0.009364188107549026
-0.006123551391489747
-0.003176180896180339
-0.0029241845645383143
-0.0016249367529661812
-0.0005535518278253272
0.0027872196787989984
0.0019359037348396812
-0.0029076366791604856
-0.011482211621495765
-0.014913861080626591
-0.017587028107452038
-0.014561245742305433
-0.012666530663551074
-0.009961925063962151
-0.007896897141509396
-0.004407409609393139
-0.0028546120814537212
0.0005047908159978584
0.001999444837081729
0.007379436028419063
0.008596992695903492
0.0013708770195052684
-0.01679307400686321
-0.025086004127942714
-0.024215100849172732
-0.021054533400336826
-0.015943237352102537
-0.012538430454472477
-0.008091426431631141
-0.003744576123302218
-0.0008218576607617395
0.0029116114893329792
0.004792107895452615
0.019719794305014252
0.022551822645736984
0.01783332815504598
-0.03651619067384863
-0.045023564695947406
-0.03935550505396203
-0.027445444864601074
-0.0196924140536822
-0.012897078919820807
-0.007845017872334529
-0.0027598744951273634
0.0015323272639795483
0.006836611712952836
0.01173879318452827
0.03753009513452448
0.06494096039810414
0.06730065555097725
-0.09136292192866534
-0.09515035195669914
-0.059992620805399924
-0.041401802908666754
-0.024580132930917636
-0.015921506276612953
-0.008558702904558638
-0.004201283237301802
0.003509508758192464
0.011356303970366844
0.022515432347320744
0.06699462818062005
0.15065888353115403
0.32027090697815463
-0.5604197292585511
-0.1856602560718169
-0.08912885034408737
-0.04852932050531275
-0.029368439458205782
-0.016486872985273564
-0.009169939352630838
-0.0026413565661417646
0.005188620356303576
0.014457022954842379
0.030979423625703866
0.06492127016988285
0.17800461472257792
0.44928576108781343
0.9357760811650052
-0.18507556758001129
-0.07852332622519044
-0.04762890983149753
-0.026887995571977262
-0.017089361576242548
-0.008657619035120169
-0.0039921343094809925
0.005522668852410274
0.013318208272951694
0.035599502432212576
0.046690117704807486
0.07449663364963749
0.0994446543474126
-0.09020565639110593
-0.09068126093446104
-0.0585921963684715
-0.0350362711673123
-0.02397392632300566
-0.015173525924910964
-0.008188092305858227
-0.0026662654511238905
0.003469473661937231
0.012875278421920175
0.023440316747744716
0.023174516437994043
0.03434519862126561
0.03501032475557381
-0.04011505996819078
-0.03855411590485312
-0.028097350285964263
-0.0237283500964487
-0.017634387576589174
-0.013406480806915186
-0.007476763982356144
-0.002193816155436007
0.003156646728868749
0.0074814068325130085
0.015976550628184198
0.011234143816093714
0.010912466244298728
0.004641217190714596
-0.008341934218128521
-0.01652943797628087
-0.018904695349318185
-0.01727869909203976
-0.013364256614771981
-0.010489251541723327
-0.006468538767176575
-0.0021464934233327753
-0.0003645973176304477
0.0046135549592773014
0.008547121552052481
-0.014760343069722483
-0.015466434030239052
-0.016786348715375904
-0.01611580841024076
-0.01513936533448477
-0.012436148528225022
-0.012943532404409682
-0.012135645518662563
-0.011920735842896723
-0.009664480724646759
-0.010071213699397428
-0.01020103610580076
-0.01145661989263099
-0.010863613508056789
-0.01039833411075206
-0.014415028317008008
-0.013286351076511518
-0.01543006088169448
-0.012070940157646074
-0.013578980755412697
-0.010812706676121171
-0.010964215711960273
-0.010696875207077045
-0.010789168358882438
-0.009290597214398255
-0.011511108290138393
-0.009897270950585057
-0.011161633681067117
-0.009830684798422945
-0.008734569506063699
-0.011416311249901018
-0.010284868609009687
-0.011716386574663621
-0.010257741133618459
-0.010642235941538644
-0.010776312972198176
-0.00986236548087728
-0.00951367683222539
-0.009815047764564171
-0.009640658686969712
-0.008886885466324518
-0.006522380796499792
-0.0032865372597711867
-0.007044258810331116
-0.006332193139648214
-0.01040236858284223
-0.011202872855748577
-0.012235965452336649
-0.010626089304602834
-0.011906901025909968
-0.010608080463833975
-0.011585421753932002
-0.007603513437088461
-0.007852810896597872
-0.005322241240323978
-0.007085366989037616
-0.002300114299106051
0.006883709194027001
-0.0037710219082567457
-0.004518659719869597
-0.010775588596692653
-0.01022990804834411
-0.011334294649763928
-0.011174948099341409
-0.010539964366404496
-0.010127272587149011
-0.008770895347400318
-0.0052250442290501355
-0.005711117569384567
-0.0007002900592433738
0.02421471729906967
0.012108242576099429
0.014567822844570318
-0.0050217724414284475
-0.0060879605358661335
-0.010734599825646372
-0.009243958491911597
-0.010336267815534761
-0.007549830537020213
-0.009416977846087585
-0.004474195057974866
-0.004921547590004137
0.0027888377584722466
0.0010445617842551654
0.01560888925716189
0.10420230690075209
0.02289583282698963
0.00818797633574216
-0.01274222892098231
-0.010699137535571916
-0.012210502808661294
-0.009151703605155059
-0.010029420510523442
-0.007663455314745727
-0.005904784422669456
0.002533119201124484
0.0031246497379045705
0.03561122079746139
0.12391234479433562
0.5091945345721614
0.06998647255007849
-0.007452322569829484
-0.01217172685414949
-0.017837573934573272
-0.012349044283509993
-0.012007064608803611
-0.008982363015275613
-0.008380789109705284
-0.0014184943038151369
0.001085410526216107
0.030046068212269312
0.0256705962249596
0.5283730355058758
0.6962568986879742
-0.18442962329994975
-0.05110845349004882
-0.03910250364422024
-0.021098908057288947
-0.018579852513671065
-0.012706163174425612
-0.011470518034203323
-0.006505822436448906
-0.004787177191293147
0.012476231611861132
0.023222191360918944
0.14152090386045196
0.1213345403364199
-0.14330007943239526
-0.12162100763354844
-0.08303692601505291
-0.037939461803012914
-0.028283988731785205
-0.018742063357228743
-0.01644755796217482
-0.010603092078503153
-0.009169742091803256
-0.003252709364048721
0.002735427540825933
0.026875486365618633
0.03476432459898912
0.00029368466576006443
-0.05502016776533365
-0.07764108141334417
-0.046671826276845664
-0.036722252811742136
-0.02274602548567091
-0.019419980989289157
-0.014027483120513417
-0.010648013150864145
-0.007201588048985668
-0.0056452266519682655
0.0017638775649037374
0.002073790538281351
0.019553816704078627
-0.011352036516458056
-0.04208887629401169
-0.03800314315232886
-0.03793761333198844
-0.026001154959563053
-0.0227656362965932
-0.015846614804581476
-0.01350094142814156
-0.009229722640008991
-0.008908024316089572
-0.00571553058232527
-0.006738670451081745
-0.002260127704528374
-0.008796287631458255
-0.019236757832845935
-0.02305996285101681
-0.02993343769671772
-0.025216835668434058
-0.02316385766948377
-0.018476502591674365
-0.0159161107738404
-0.012181691891386789
-0.01103138131218634
-0.008711521904373203
-0.008644243052320127
-0.007777046792130216
-0.009911247027663661
-0.008902019554401194
-0.013594783223648354
-0.01896209283807007
-0.018554182981942564
-0.022015288600665716
-0.018338372146525547
-0.01690625087752384
-0.013479471608630056
-0.01258747122106451
-0.010714027959598558
-0.011334543335514924
-0.010067478299484765
-0.011249034962008155
-0.011198174049640477
-0.013447871852081213
-0.02104917068751337
-0.03387685404032759
-0.055245522218003905
-0.09280177976350745
-0.10872464235649984
-0.08367760074718868
-0.0465544857022832
-0.029056676161700847
-0.017654424472268785
-0.013192131818565692
-0.010690512918866241
-0.010232595281638415
-0.011295960666133514
-0.014417904399305353
-0.01868300347525146
-0.026819682548603185
-0.03976425176507108
-0.0549155438633548
-0.06151723794862636
-0.05071629879054946
-0.0369403340973887
-0.024773734663002287
-0.01854340332068198
-0.012957602534332934
-0.010880578296596752
-0.010531601843625765
-0.010933704745864107
-0.013416381331171994
-0.014962759932233397
-0.020912943143581556
-0.025693948609896856
-0.03305130878119035
-0.03562004934654622
-0.031232294298689515
-0.024159526649477053
-0.020334077112753594
-0.014669283229029089
-0.01193059061631185
-0.009111299548176483
-0.009259688920757347
-0.010258751870780415
-0.011764709380327589
-0.011422366306796824
-0.013995097642838515
-0.017055931801290506
-0.019214462713966166
-0.021124962154013455
-0.01896907494000295
-0.016972068573464828
-0.01264328030698811
-0.010501738576975556
-0.009080408696840535
-0.009102154682757102
-0.008112671228019197
-0.00977701819210244
-0.00925676510239584
-0.00714395363178828
-0.009847594531781951
-0.009498018104935672
-0.010502008347766023
-0.011341621596418685
-0.010703455560093035
-0.00925252441737168
-0.008874018197208526
-0.008270066631611265
-0.007087217974791756
-0.005704727883011174
-0.006547379562322342
-0.0065184049679888586
-0.0069923990964106415
-0.0042230971300853395
-0.0033341883952472022
-0.003220336730184009
-0.0031420956343794913
-0.002698497752996692
-0.002401973836794236
-0.004207720733593255
-0.0027480518888183037
-0.004489726741279172
-0.004800156807407367
-0.00427018389673156
-0.004294747254090163
-0.005112716210547181
-0.00410946714107095
-0.0007391957513709958
0.0010620808147202287
0.004181536194864712
0.005409194783463688
0.006557481166111461
0.004213971606072407
0.0029236588720592577
0.0007390118952274481
-0.0016822025695724197
-0.002777887819713138
-0.0020368107448404385
-0.002115572080702078
-0.0025563055045144077
-0.0013055345487164238
0.0039016235484695865
0.009353403716515678
0.01207236061078375
0.017057181565093046
0.017048263023037608
0.015152168266453115
0.008578572917615018
0.005333404238558767
0.0021377722887918715
0.0003083395577087288
-0.0008475986520495436
-0.001325983034648693
-0.0007346925237000592
0.002144374542287334
0.008004910861206471
0.015848425184280115
0.02479023103432992
0.03169713613802242
0.03720144385915006
0.027134834839164665
0.019765859293170006
0.00931261173422537
0.00442202765458078
0.0011894125893944626
0.0007046984114562778
0.000254280451560469
0.0012385526289503547
0.004082165126123976
0.010240260891806826
0.024363678629043147
0.043296080456717775
0.06529132440892521
0.06816105872838121
0.053635447864695096
0.027893924583229552
0.016447869643059436
0.006643813897551244
0.0032842061145299997
0.0006615648268100194
9.58558550261703e-5
0.00016388662924225186
0.005048708165213552
0.012699441139111237
0.030034317450142723
0.06681045491329152
0.14331843761714902
0.17786111125162035
0.08403245154633993
0.0435481494828658
0.015488596178652867
0.007395767004612897
0.0015822329746534535
4.438982499763493e-5
-1.2439025371084595e-5
0.0002252209564982209
0.004599906309221191
0.006019304707578722
0.021925278238988426
0.06787560479771278
0.22217136715208
0.5081237204999949
0.11213439242737726
0.042546967616600324
0.014540551164086427
0.001862363205618988
-0.0009562148058928888
-0.0021966472203187874
-0.0020683994111358696
-0.001863184030615677
0.0009319033442035102
-0.00876950005032225
-0.018466734923914627
-0.07218507106371899
-0.4736797569957446
0.9869346175061672
-0.018618498052520752
-0.025486890540268488
-0.01598387797504495
-0.007264573748671576
-0.00792251465014973
-0.006769709476714546
-0.006671757809997137
-0.005978347549623267
-0.00727325134356858
-0.020053665302171193
-0.0341576773326848
-0.07553824892099627
-0.1817989952156522
-0.2615852723847628
-0.12508951388680895
-0.06418293012267193
-0.027709230461369135
-0.017051793341417862
-0.011164176582316778
-0.009872124058977572
-0.008076742181445542
-0.009590047439624223
-0.01240644460089787
-0.0004576867634228315
0.0009409328738269975
0.012442707315258848
0.0256045986422225
0.03680065629819494
0.02763320601913959
0.02226339285980485
0.014238280942442894
0.010048142756345016
0.005750689901481298
0.004176626665755697
0.0007783031498037145
0.0003544399211354055
-0.0017355101632528574
0.0021429543477736123
0.005093501402235982
0.007980173326270275
0.018467589117609377
0.018650421502741626
0.01765759005945696
0.015192593686771607
0.012732533486579533
0.008841314700536807
0.004432015470300222
0.003358654603179177
0.0018626004359500682
-1.3942929167659355e-5
0.0012662790289104109
0.0037985104962624393
0.004819632995786694
0.0068761058336315895
0.010523824606800469
0.012514918023676495
0.012552707053029296
0.012097085194652671
0.009576246684741217
0.00774398704817926
0.0042434872211298
0.0021729602255521775
0.0015678644187856596
0.0017526036687507114
0.0015574724124231855
0.0017375509111421453
0.003575004117683722
0.005845681557486335
0.00760058789171992
0.00813758919792385
0.009453380229686364
0.009106739396657309
0.0067737256898533285
0.005133468732861402
0.00482043289381471
0.0026349854366659454
0.0024485365116247403
0.0008902012210819612
0.0017042398800013944
0.0011693050143773667
0.0010255503032379491
0.0035079230839118857
0.004151372693423697
0.0068380946261795425
0.007364345250781496
0.008655686659093173
0.005882680546683626
0.00581035295592033
0.004535156744615876
0.005465040449974724
0.002586494527181568
0.0019931243924838395
0.00011717213036531633
-0.00015300500030155013
0.0006528334725360578
-0.0009363554240712252
0.0013365855066943832
0.001382080656685434
0.00449847752310992
0.005721542994552007
0.005228948502046233
0.004647961379882486
0.00508805568376478
0.0026925178067239786
0.001542195868400232
0.0014871646740507718
0.0006068226699314956
-0.0022582346079994347
-0.00451964224592759
-0.004397426716565596
-0.0061491437719769105
0.0023131712294367987
0.001076763739473866
0.00524277960056772
0.004763463472116671
0.004930534712970016
0.004644284390779286
0.004483814643196748
0.0018669353100250214
0.0006769869734255299
-0.003193242088385782
-0.007096885287283373
-0.00774582941655686
-0.018672390864831724
-0.008983931980703987
-0.007408077660884372
0.0071352838901641265
0.005413107820876352
0.009305039488021753
0.004810716348774086
0.004519932943299202
0.002354411323325156
0.0017776821100044405
-0.001043455066711481
-0.003967858723589361
-0.01312842616271814
-0.025791659582605406
-0.022847169658414736
-0.044834873821515145
0.0050861478661312735
0.0005827241417194885
0.01199297078863972
0.006268414005360607
0.007506919643785097
0.004082987845490115
0.002355734220545815
0.00020659885714896092
-0.0014681469534072115
-0.00830790040918632
-0.02755187874319456
-0.03574942181160657
-0.115067171370383
0.045890646330364764
-0.027417549466466424
0.028209828415541302
0.012175107895323866
0.015033110132321732
0.008866207792195836
0.007217509856650999
0.0025543093447627334
0.0005285314031457183
-0.006460195736589139
-0.01123073273620927
-0.031715286165748244
-0.10374833645611412
-0.2157617853699942
0.9026672110977981
-0.07608750784606481
0.017561124176275707
0.031682988802649845
0.01701504381533921
0.014391196451481295
0.0072575458676933545
0.004769890567021359
0.0005641735089703964
-0.005492714973686619
-0.019137055026421355
-0.035747644121410516
-0.07240180560890959
-0.21039896191220828
-0.7310483956966446
-0.11705112537813264
0.059766976328068586
0.03594193585163969
0.02541753817614851
0.013525059661593805
0.009217157674151766
0.0027018809010105906
0.0021943752405691776
-0.0068459014132602105
-0.01513143996917897
-0.016503380420757295
-0.039091463004748785
-0.036243467121000336
-0.0326290400757549
0.058333728552771594
0.06538003855414279
0.04301848448075342
0.019740582239729503
0.014521248249975183
0.009296384508672437
0.005256632865213059
0.0015605236728412535
-0.003383399296307008
-0.011887433898721262
-0.009852404280578902
-0.006139609616229001
-0.010249629613168052
0.04943401213040701
0.053336005285203686
0.04840910640785115
0.027720714584052432
0.021110034082479988
0.012501479214903143
0.00906259157881016
0.005111513014579265
0.0014033904201291338
-0.004065191017824355
-0.0038997143775481666
0.002245229979080869
-0.0026350930840429616
-0.0014335012610475386
-0.0018751768149422223
0.000416884613683786
-0.0013025386889334838
0.0011326343573888743
0.0011888474709723065
0.0032907186118305014
0.0027147608683439958
0.0054085262240696425
0.005288782273386351
0.007929792190822479
0.0029198152579629796
-0.005578239822514465
-0.00239816558499931
-0.0067213545886068175
-0.002495210733961725
-0.0034316613626371364
-0.0013264792744327489
0.0003686901321540209
0.0024209460124234323
0.0030058851266312886
0.006333401236064594
0.005371060798486601
0.011482645500238189
0.00928381738210525
0.012218558183544692
-0.0027477973976109183
-0.023628467397442454
-0.00835915799052173
-0.008290857890572795
-0.002940696603060439
-0.002584821198881761
0.00048478416432751
0.00028628606983276226
0.0035968866013825454
0.004559324991706499
0.010217646678813424
0.01306320726003988
0.026601184186502518
0.008331644136077256
-0.09479332229981946
-0.029979415197836454
-0.029309294226902753
-0.008164541204411643
-0.006360356203615388
-0.0012356964846135868
-0.001433465550633295
0.002385868087411777
0.002113101488362514
0.007687756193307916
0.00886071150412697
0.027363191473880215
0.02362141724466227
0.11246120142051443
-0.4650205042988834
-0.0960766709180752
-0.021002202156880305
-0.01466403063044889
-0.003758476503541339
-0.0034722899666630065
-0.00039674518301320116
0.0007931670982627296
0.0030612998716965678
0.00264972957366102
0.01245962281664026
0.0074728458461665575
0.09122379661641965
0.24181628473667294
0.867699102013783
0.023933930055331374
-0.009940571874216927
-0.00177812149159007
-0.004544753043811894
-0.0008786341861150983
-0.002282084020167107
0.00046846844605629844
-0.0004255080503673766
0.0012938918914494005
-0.004585725743247438
-0.004380884223678586
-0.11104948844648453
-0.4657839000072167
0.06659458190895642
0.005210428130542019
0.010176272877905842
-0.003481461965673175
0.00047097881723789253
-0.0008812538829586787
0.0009811192923356359
-0.0009569500548181876
0.0002749457411757475
-0.0027798024088067893
-0.004535456694026778
-0.021988647724426196
-0.025386684012679274
-0.129812497681954
-0.0030983806125102686
0.013064663864685556
0.0004516221916924881
0.0026867591175190443
-0.0010454842361324122
0.0005785147044208443
-0.0015603111013951468
-0.0009086174525856469
-0.002016667517833386
-0.001557093441831019
-0.008079925806932764
-0.008308947633651712
-0.026543641895122403
-0.010241203159017553
0.004672531132992012
-0.0020310830044478825
0.002647092088495646
-0.0019453100889395636
0.0007141192537797302
-0.001922076372252493
-0.0003943356140591265
-0.00228165453973182
-0.0014303207176058106
-0.0020433830764638224
-0.0013497692823313961
-0.008010181668573021
-0.00665918960569144
-0.010740391610288447
-0.0027190973668263963
0.0016150830752378362
-0.00019785679332093363
0.0010752546632547448
-0.0006077101179650848
-0.0002445880840797971
-0.0004073441111511541
-3.0336958611225503e-5
-0.0018753251474492765
-0.00021570289096613037
-0.0014061947523927225
-0.000923316501828027
-0.004557111104793681
-0.0006093072978257609
0.0006925989640314863
-0.0008883054003259084
0.001721872038020623
0.0005744101431716804
0.00021421360269449082
-0.0003505217221604784
-0.00037656269452841513
-0.001074776032409395
0.00026301505977105954
0.0004937003891219569
0.0010631220718048209
-0.00014683811164871246
0.0005513605021242565
-0.0017650063109625478
9.698576433831482e-7
0.0008932221191630102
0.0005776927929797206
0.00013729068622543524
-0.0011966102187205628
-0.00028178044513511283
0.000126924067541883
0.0002516715217932079
-4.107433330824542e-5
0.0008570610411066012
0.00048759269365546186
1.4777881956225714e-5
4.197480725644156e-5
0.0009223191230505056
0.0024385586364133174
0.0004366104751078727
0.0009884775746829457
-0.0008935109746790094
0.0003342737030485157
-0.0013156813896465299
0.00021231544107721078
0.0006357659087738097
0.0017099613164431736
0.0011401975468497115
0.0032781169178372604
0.002215854495299487
0.0022168946340261216
0.00029032541992759473
0.00032050555837340427
0.0007284663004839969
-0.0010272796387258045
-0.0005400252239773585
-0.0021458380100759142
-0.002186346845394661
0.00029563073412970545
0.0014675593579795499
0.0016422584205963925
0.00231286098417714
0.0024339839599762728
0.0036147504779245766
0.0016302006668372235
0.0041100006648444095
0.011846946267171376
0.012115873062169344
0.009599561652033923
0.008354854135547396
0.007249417618390239
0.00802682304194252
0.007875669747169679
0.008647507069399759
0.00989044799872847
0.013363636905596481
0.012169256829927923
0.013848420895726101
0.01475729186973135
0.012894671983221553
0.013858179855015062
0.013294672579531019
0.012063763169886027
0.008821569307803895
0.007993195799380546
0.0070869697923786135
0.007816923373576354
0.00884580535911833
0.013028202030134904
0.013717887607300652
0.015400075860279925
0.015978021398445286
0.018229543691859255
0.013169371443295457
0.015724205970590207
0.01434278169457795
0.009498053784336385
0.009065969743620055
0.00829258110308181
0.008630630212682365
0.008338732681778163
0.011220144165199735
0.012032178349830282
0.017402905423386843
0.016814842622666765
0.01786564475628646
0.017913249518509027
0.01711741367904062
0.016173867062967008
0.014434078930940153
0.012797612297398621
0.009304198358939164
0.008075873133988868
0.004500633938784266
0.007892196503649505
0.006350522374350806
0.01359195545357327
0.016863339990456958
0.024810569979773416
0.021300744696394446
0.022123981486920137
0.01775137052267928
0.017709488153777545
0.014824267651467127
0.010170233069509545
0.009119281212778194
0.006468488339392354
0.004663706943181878
0.0009652717226568109
0.006226513408437681
0.0010936966455553133
0.0322827937837838
0.029988153949851843
0.03608816664397901
0.026522857906529283
0.025109577097346236
0.0203649575881261
0.013997105026912631
0.011426058358514431
0.006806158023737199
0.005535403758599877
-0.0027930808748597826
-0.0040402664899104
-0.02002037262974439
0.011724448368917034
0.030966868827695625
0.07616939174049955
0.0422686676292721
0.03888892065776406
0.023526174427833505
0.020323793579778395
0.016883907855960275
0.009848715212491657
0.006117710193492176
-0.0029443149348480323
-0.00833828523595293
-0.03220072348502066
-0.035747057002624615
-0.1368116324550554
0.2782728901473416
0.09148180176361416
0.08842693227069418
0.04190807621863896
0.033072298959404424
0.023250628012223006
0.014796867991117698
0.01027956615631686
0.0032966320116365956
-0.0024527653235884407
-0.022063894445334954
-0.040410482353590516
-0.14624082151045167
-0.35380914678619585
-0.8205819510825175
0.11526012909132966
0.0654203922560179
0.05479458529190054
0.03137225183946223
0.019184322921741208
0.014870497835778568
0.008421169715496472
0.005920967460559152
-0.005642908221306905
-0.017754297355784883
-0.050932482197034
-0.08829833791810858
-0.21193051847272423
-0.5425608147683633
-0.019660808892003494
0.052874618321111656
0.03731896789020819
0.03155578826047042
0.01921357770191954
0.012412004402737308
0.00988702926722947
0.004442572830076385
-0.0018720543950253325
-0.01558197617942832
-0.024513150869714537
-0.0632824273744236
-0.05574968649593248
-0.09171699581373183
0.03127722785041591
0.037324626090964284
0.03735930316569043
0.022296636151443214
0.015700937534085125
0.01321884864204397
0.009037485971999607
0.005285458022252879
-0.0020115762527272677
-0.004856279914057813
-0.016058679338845222
-0.01754738696184213
-0.039391422882232456
0.017034183951400602
0.01799694451723599
0.028745585263218815
0.021149119083525635
0.021297871831739434
0.014262659105849264
0.010939642486121096
0.009363897464224459
0.005047897160715773
0.0026675437048732232
-0.0023439276905402764
-0.0017456957685778967
-0.005964101145994086
0.0017911007983616568
0.004741824625719168
0.020413643500115375
0.01722254425670533
0.01965720377700486
0.015452043039233055
0.01272807095360986
0.009891296599121822
0.007780336064963704
0.007069643858480812
0.004612729393380332
0.0031902485856565386
0.0008408936955228784
0.0025289216025568056
0.00238597264026863
0.01335209132896423
0.012046764978138188
0.014716166575417714
0.015713377169023348
0.01538178176341094
0.01182877876769181
0.010556574197978964
0.009187260461743344
0.007402248762215901
0.008297519514536384
0.005774586837193712
0.006152528350277195
0.005179879210478308
0.008469166740315101
0.009470962745455053
0.012808003281332164
0.01351890736281666
0.014751165454731518
0.013160033575864602
0.009751091921005777
-0.0014487868033282588
-0.014719725153412373
-0.044035782608632994
-0.041927704722160265
-0.03183096920863592
-0.0127183605242234
0.015399431904272625
0.031144993081956
0.032996855372181014
0.036706678790812027
0.036098876373963494
0.02324532322397358
0.014473494380900826
0.025483349125491026
0.015191929454521467
0.009987902993899282
-0.005046702856235429
-0.012859524768141948
-8.709011104158614e-5
0.003996581395324893
0.019490838728577282
0.0379382127900978
0.03436740506563049
0.03959962374401772
0.03525440727151112
0.02922667774734699
0.02569712221462092
0.029190763359386637
0.028136236964491
0.02392929506761432
0.014841237861884501
0.012562193094187307
0.011058682634177665
0.015114090772505178
0.0228318723593047
0.03446592450338091
0.03296818331016039
0.03368431654682145
0.04012517139693139
0.02984674802085518
0.029412760315013588
0.023131722193557483
0.025750420175172404
0.02920872861727223
0.024162414628448276
0.01886883828615848
0.014603357734763083
0.018313634973552175
0.02775775313591162
0.03707587171927168
0.03740294929003387
0.03970373313354294
0.037382878551217004
0.03286258529926565
0.027664341871360625
0.02625953704360413
0.03152671859620713
0.02462769863712741
0.02019948828702939
0.015326779283658803
0.018474765953780566
0.013394656613271803
0.022352838328252612
0.028723168567367355
0.035729338269294295
0.03738563763422546
0.030830707790398763
0.035488253062915684
0.031248851196150267
0.018042758723778394
0.021170429061061608
0.020021610603505602
0.008531322812321999
0.015413917533549391
0.014395923319338519
0.012101876900396538
0.020081399665063723
0.02434892066669416
0.03329337530879883
0.03821813879035525
0.03427989663632661
0.031560740140056255
0.027879312787781982
0.017487420544904236
0.00757295240104289
0.0052369561926748215
-0.01036042009045382
-0.0031488393024694367
0.013162759795027186
0.006136639330751189
0.022731931517211378
0.030638240073571993
0.03903134072113933
0.039304074238822484
0.028835221306212366
0.028399686864395614
0.025793494066987277
0.015675135516983824
-0.014462593078697086
-0.031550648616693204
-0.04043302400945477
0.017697147221518567
0.004356009552710362
-0.011933706232993974
0.017364059507750718
0.025592433118483325
0.028638063575295167
0.027296871136794815
0.02413368443210181
0.02208676567223753
0.019530508825659907
-0.007429846805255341
-0.038290674500725735
-0.06996009996333787
-0.19258269833545072
0.11864204145039378
-0.08410871979264524
-0.019893191082384184
-0.0029728939651082727
0.01546455733799366
0.0322751572415274
0.026999155427283907
0.03159708285546373
0.030269458340144415
0.014304353882598885
-0.02006868859492616
-0.07162106610030697
-0.20770353420986934
-0.2664951767435207
-0.43326205219986563
-0.14314853314951406
-0.09446267830298179
-0.021491717317525524
0.003941484847496188
0.017741439711177004
0.033807493159986775
0.030923382713537916
0.03166325359332665
0.01234530608001158
-0.02592968678922332
-0.11495628236095404
-0.2937830228909508
-0.3615147221285581
3.6246134969277897
-0.5108257338983964
-0.2450829995922676
-0.031346778727245186
0.012903321576077622
0.02368177963336542
0.027075569408308336
0.030854742947869756
0.027024766811919603
0.012758455007340196
-0.0031166364917225046
-0.05574523845762054
-0.19255996121817412
-0.34365722474556154
-0.34976104520493934
-0.701990473895661
-0.23141954991186078
-0.03980141461932622
0.007472926097205882
0.02486267786627036
0.024628597211200347
0.030404212418611316
0.02212800946968769
0.021073522689750424
-0.0014155892110015592
-0.04045683829059463
-0.09462139754794002
-0.21810601685065
-0.3249587358109211
-0.27210322610174903
-0.1296378628108191
-0.026380558499916072
0.01964111121197605
0.02932921591270933
0.03212443324965989
0.030126970857636756
0.029599807607685005
0.009065784984539105
-0.0026364620903755955
-0.02236922406914691
-0.04304315016314111
-0.1021473142921069
-0.16760057421450394
-0.10127427185498512
-0.046045635284414764
0.0038933547097723584
0.016109787068180885
0.03244424306546913
0.04097839397410575
0.03689768221161603
0.031633694240579886
0.016225394543138708
