-0.002039261461391754
-0.000151493369941787
-0.0077912605708651776
-0.005460459752974785
0.0023196547001037983
0.01880224846859189
0.05563733577829689
0.10688101271469895
0.3071707712388795
0.8311319253995567
0.3185238761134079
0.12590528893430494
0.05172039628578147
0.015212596331102498
0.00641516517172491
-0.0010881226704113612
-0.007530744312368279
-0.009831089635419258
-0.010134597987662333
-0.0068381834018106085
0.0011832419874693533
0.01552563139449007
0.038396171301117984
0.08115760578206899
2.131827837362688
-4.351435870017159
0.3284094018645217
0.14623104760282374
0.03876375219846388
0.016375646135503394
0.0022912077329146664
-0.0024139006079288753
-0.00739442864853118
-0.010328440226899228
-0.010408526974886253
-0.01126184849999363
-0.005307017914846869
0.006133982518532052
0.018296969847226435
0.019835428079964225
0.003603304216946509
-0.5368401773945202
-0.01876470862132578
0.030647496998929956
0.016358978553734575
0.004098813906774795
-0.0005609578053475854
-0.005655165890333049
-0.010395193497653213
-0.01208057869111141
-0.013836090626327997
-0.011635862905895293
-0.008919660080003852
-0.0040081651098984985
0.0008103211067688797
0.0045462758443982195
-0.008951205122689366
-0.07335610309996286
-0.019106538373646467
-0.0001400191158157459
0.0009830306953025761
-0.004623542220175249
-0.005828528162501603
-0.010658933923589712
-0.011968060863680794
-0.01378750241183619
-0.013721445093510552
-0.013529178951382757
-0.011125621802569059
-0.007762754304698827
-0.0052277228910479895
-0.004018338507586908
-0.011125581298644605
-0.01717893242969622
-0.012310120608474626
-0.005550333552514558
-0.004781587765695838
-0.007650911097473912
-0.007163671132592208
-0.011752423421529417
-0.013605267455633585
-0.0113978395212765
-0.01621358536041383
-0.014463225629767621
-0.01355143293381575
-0.007286630441036924
-0.007988625228703475
-0.006648814691674361
-0.008707806651733709
-0.009236691815663523
-0.0073365433448873835
-0.009121563707868562
-0.007558060989485208
-0.009991253757064408
-0.01213745364606291
-0.01569872675675341
-0.017351395867782535
-0.015839719327545194
-0.015960248197213603
-0.015560864251526946
-0.015497493791356984
-0.012087396854354077
-0.0096383605882601
-0.007783775770979346
-0.008627111713244977
-0.00819760997073115
-0.00828792125201184
-0.011897418451984386
-0.011550213828287874
-0.012240147881946242
-0.012832649063651074
-0.0145105775716733
-0.0164913839291139
-0.016536842109825534
-0.01736824971652389
-0.016393972541765677
-0.014634273244104507
-0.012828199257106107
-0.009832678657343693
-0.009999425051902404
-0.01182744958266106
-0.00955006960438596
-0.007918798308505486
-0.010194427738631075
-0.0126257459110665
-0.01446427891193888
-0.013213419793979457
-0.013824993129890767
-0.015336083345381295
-0.01641038314334774
-0.014578176562450878
-0.013805604980784545
-0.013274116447598938
-0.012861170400901668
-0.00933091617872614
-0.008809487199147184
-0.009529309686578218
-0.010656712618684129
-0.007939241706781666
-0.008630780174146997
-0.009291919956836151
-0.012801230943109525
-0.013604473135948035
-0.01573965086997711
-0.015621315311738777
-0.015563474412364985
-0.014427979412200118
-0.013339283100314405
-0.013534486536629834
-0.013104912503799391
-0.010551727049806696
-0.0058709323103131855
-0.003786069803981186
-0.004978083714760586
-0.007348802289867796
-0.0076183250942100985
-0.008094100984752068
-0.00887636326444123
-0.012475512572702952
-0.017158237050567012
-0.018554446979771242
-0.017129430248587714
-0.015457382642421478
-0.012159385629071998
-0.011449119843848402
-0.00871126578233394
-0.005632816838715846
-0.004215460144489524
-0.0005227512704521512
0.0033415104517610823
0.0021755666605480506
-0.001398331479332645
-0.0062262389190107514
-0.007623229354925823
-0.01153809185272227
-0.015208747669165353
-0.018005349795284138
-0.0167462045586954
-0.013261021773420928
-0.011249292611994094
-0.009648464813583845
-0.0034664703891297164
0.001114160083913154
0.005622346300947683
0.006165483827290481
0.009500441256507567
0.009428160368937875
0.004071150601070067
-0.0013535228399112163
-0.004085801327322334
-0.008442559920110355
-0.01121556090327567
-0.01348332365936978
-0.013929062624119182
-0.011165443121671014
-0.009362796630405672
-0.007394745739994552
-7.448912658925206e-5
0.007957099576637844
0.01746442351984173
0.02410954921386678
0.02675334331422506
0.025237179021143707
0.015596195551643063
0.007420672102380671
0.0008014411714001849
-0.002143738138720238
-0.00711933336799119
-0.011332390297817217
-0.012345663567998188
-0.008318393737796768
-0.006156225208826449
-0.0033242105293226224
0.006892433146578225
0.01791095816579155
0.034969224866881796
0.0469653897138282
0.05930614481134485
0.04963272676494056
0.033338559082630205
0.017989316799969512
0.004325929066657625
3.4856541018654565e-6
-0.00602874189434207
-0.008032914968456168
-0.010884455121868253
-0.0090484337838146
-0.0066663912205339754
-3.1432326890652805e-5
0.012433648842662817
0.03141713820198246
0.05587873312284837
0.09879142767497472
0.11854994828159468
0.098545914661596
0.05475377673876907
0.031402112608266
0.013280915873235382
0.003528878403868927
-0.003932533418239908
-0.008179508352800548
-0.012512242372212247
-0.008577737016192112
-0.003654373701869986
0.00194190947946126
0.019936861686506012
0.04158515846294678
0.09885849233852428
0.18553450930766355
0.29107304280367824
0.18228406735311367
0.09360085407376173
0.04201593875329222
0.01903489600391057
0.004686597952880763
-0.002745400123487994
-0.005822250620961325
-0.00785734549971244
0.018989826066876034
0.020411633319247464
0.024951593301969267
0.028418379091673853
0.03607436507707996
0.037788533044304774
0.03749417336386233
0.010098031256069947
0.007426890355339912
0.00525813579724255
0.008587229409364204
0.009174894658987463
0.012085091545868155
0.01276625308511935
0.014508166349854626
0.016296254709463553
0.019197014362583517
0.02301132053942194
0.028473180803116067
0.037675175081080606
0.05039407274615704
0.0737741212558741
0.06278154625496138
-0.013746081423076359
-0.019346664402649594
-0.0016555322939021343
0.002592570371961057
0.007843757856420875
0.011221896259433173
0.011967732151966917
0.013717621939296884
0.01659928510692352
0.01914433731034055
0.023780352996580652
0.03225893220603694
0.04496021691566478
0.07767340507042082
0.13452734517782963
0.3134396617663646
-0.09639629998020699
-0.047015410945893905
-0.026781807945062304
-0.0014255877112879889
0.0037602773054775896
0.00992799930697354
0.010851791351682483
0.015081946087743107
0.01644400612372907
0.01886933943397677
0.024372392814391543
0.032271943327784935
0.05394607644929432
0.08944907352483832
0.2975889248718322
-2.728881210766835
-2.151938750411444
-0.14196728583787632
-0.030000698721495703
-0.011746011371714634
0.0031943584779938424
0.007784343046724252
0.011312140206817341
0.0147713322571847
0.017226873824808205
0.020069359149929238
0.024518089547329317
0.03278118591738541
0.0458644328983397
0.07815721650212432
0.1372914362955058
0.26534177372386425
-0.09340738485334828
-0.04090898200598363
-0.02831008321283615
-0.003159202776757628
0.0035099460177673678
0.008563672600160237
0.011671593746308486
0.015095921934875795
0.01709982002832659
0.01873406715252523
0.02324510191798613
0.028125705608334148
0.037170368840186575
0.04883773709657852
0.07636374819380516
0.06309254347229425
-0.010606829877880834
-0.021668969155040296
-0.0030342597565654744
0.0008508438065217013
0.00697953056830853
0.009204861773496484
0.012454751906705594
0.014641319363545355
0.01700062081104547
0.018001803728728706
0.020115882054407265
0.023933656943237753
0.02754927244132457
0.0360063722405469
0.03858168335347727
0.03849054462444163
0.010047272362028263
0.008045308234907853
0.003834129695244991
0.007057972143548993
0.0075091335573251455
0.011543608767547545
0.01293223091480452
0.014681526256759789
0.01616560194961767
0.01720743009555756
0.019494357243077094
0.021632221939545317
0.02270490220714117
0.0246341992156386
0.027052351396668017
0.02307917008416288
0.01826649372478933
0.011809967501635876
0.009642928998978124
0.009681700085812522
0.012152558724564807
0.012992731633660803
0.014303201602627338
0.014774293820247591
0.015809254320767276
0.014853743326850197
0.016913340931395654
0.018540741040121357
0.01943185194834969
0.02053626831003943
0.02003694687445219
0.01988444393836682
0.01599157885944726
0.015805748120003897
0.012860326770445222
0.012145993173266327
0.013918355610873921
0.013326332156158761
0.013554413952563609
0.01395885941618095
0.01599433679009763
0.015945816578205672
0.016709915499885104
0.01617365890403703
0.017472074031004047
0.018306092142522566
0.01857065573174542
0.01851103102821789
0.017361560522873434
0.014584582538655803
0.014122149924613345
0.013135253803672944
0.014342905616087281
0.012733583287081135
0.013513318872211067
0.014082808091614604
0.015546247624064834
0.015922070751909864
0.015787396003630185
0.0156929572618402
0.016638914841892984
0.016052371918751505
0.016733272232893323
0.016320611923177956
0.015986734609705254
0.015814938019183405
0.013652290659666938
0.014244927296471591
0.013905225931883524
0.012218593525198456
0.013857782722659528
0.013783696613688803
0.015259379484930932
0.01649379613735824
0.0156927560536311
0.015806623047908235
0.016770311834026445
0.01603605318518661
0.01637528371914963
0.015879735629909665
0.01577346886999287
0.014690088018263808
0.015174100281918956
0.013982354181104183
0.01415321516098998
0.014263384724319199
0.014193850604906294
0.01523076641926172
0.016192820735881498
0.016229123304285217
0.016145455623113515
0.01667284545214185
0.01574362941160863
0.017804320629638756
0.016825595379753838
0.017075526734835693
0.01469183822117866
0.01396974276230154
0.01389568916310404
0.014214144002554547
0.013878286958651457
0.01388739768021261
0.015338888279363761
0.015579558204853888
0.015252789715720869
0.014320282831972574
0.015833960172780614
0.01734387153786539
0.017850231199583084
0.017974425184185763
0.018799589476706464
0.017692717822780504
0.01777800364020298
0.01524398582116343
0.01398609009203721
0.014306596050628461
0.014055794042158197
0.014138170078462705
0.015305611089250253
0.014736338933278864
0.01481248105006655
0.015749981161267024
0.017583638810390594
0.018558705773328504
0.02046005712072876
0.02155118466628861
0.020324241956146266
0.02001498796512526
0.01586182141602205
0.01353851304085824
0.01254084623076414
0.013231978304241884
0.012041657638960914
0.013464735219888793
0.013606807330319595
0.015399072688758559
0.016458064779249233
0.017292661047380985
0.019783975593009945
0.019916087938748057
0.0231499723155576
0.026014671241965978
0.02717809479228947
0.023260482514754575
0.017254056127295636
0.010878199577098806
0.011259504053707773
0.010161629800324378
0.01074631846316573
0.011973942797702565
0.01292852483714924
0.01520462545069967
0.016165102889296932
