-0.000917372755862113
0.00046381961099707127
0.0008151555904719213
-0.0002473706319577302
0.011214139825581247
0.001016994657302361
0.0004077450888081069
0.0004542570112017997
-0.008438144301072733
-0.008999503890017954
-0.0073833828242241
-0.0059890662979249065
-0.0033040312287129442
-0.003750939059631481
-0.0011962984265755777
-0.0017646545013291631
-0.002083707925098278
-0.002432022213130957
-0.002398158195087276
-0.002432622106566214
-0.005125235574564342
-0.006245807471404707
-0.006712256609159909
-0.008275170638941913
-0.01024544085047458
-0.010125196059327277
-0.009232620178874672
-0.007074400265560753
-0.003642841897204018
-0.0038226261669389865
-0.0024160652956896856
-0.0012775593882376085
-0.0018127243913032096
-0.0017784847703825734
-0.0046384987022839936
-0.003584022792838907
-0.005528119911674331
-0.007995006449802467
-0.0077478207976057634
-0.009577575520658271
-0.01259129484793306
-0.013594485282053781
-0.012258537860679711
-0.009773084578092985
-0.004626855364842256
-0.002150530990688756
-0.00023656243746684297
0.0005440918196077528
-0.0003214911203235889
-0.000551091018431385
-0.0040199247225649855
-0.004498515286891323
-0.0063820650204862535
-0.008098966888682274
-0.008740934937286837
-0.010614090993858167
-0.0169456184544469
-0.018167845543209448
-0.02071068620184555
-0.01300364071301617
-0.00800836734158502
0.00034548339431699827
0.0030776282430215168
0.0033408831220412315
0.002276902841636279
0.0016269361508394454
-0.002133290030102157
-0.003719812381032731
-0.006314962729463283
-0.008384601553330527
-0.010093165266939194
-0.013918147646991418
-0.023446380753558607
-0.02810880733414167
-0.031501721624953634
-0.028593047875106328
-0.005744843069248956
0.006536389501360573
0.011401202237547451
0.008001875749650602
0.006011678787252691
0.0026337515365495107
0.0001857596317689653
-0.004213478962614027
-0.006333243462423522
-0.009935030679996775
-0.0133890527921586
-0.01908853861973961
-0.0343372531409767
-0.04422670452135426
-0.061175945778545245
-0.04667324112742017
-0.0014020362207469478
0.03419953779410164
0.02529121415802954
0.018998626103407145
0.010601713377744702
0.005963584275615511
0.0015309478646654382
-0.005057748929338468
-0.006524487932011891
-0.011006881524078114
-0.01731087363805275
-0.02377099069808318
-0.0440114185374559
-0.07653726036949882
-0.12435395316364675
-0.1568639073516291
0.11310783912459513
0.08132423152476395
0.05612460663475876
0.030737531609005265
0.017626516561675375
0.008369505084577318
0.0020612296695631327
-0.003188310011200598
-0.006953429207514326
-0.012710387456732513
-0.01985137653101962
-0.029605453955954698
-0.057812651036023385
-0.10495603724077797
-0.23662305554191673
-0.8476138254712849
0.5231951064970591
0.20719516311684577
0.08784711405168574
0.0440810337393131
0.022626370655266174
0.010159927678320545
0.0034425572914122847
-0.002300351686173754
-0.007023977900220109
-0.012264050043196726
-0.021256425850545484
-0.03382268809195742
-0.05558054388473541
-0.10514107862660524
-0.21397885239222078
1.1202493958048076
0.5014133732777536
0.19710851776456936
0.08574062459888669
0.04443625792375456
0.023035860372652855
0.010554997060001499
0.0038218633274059695
-0.0029385766765953818
-0.0063482874831696425
-0.011039528889649127
-0.02041257709939925
-0.033645917512959686
-0.040457575159773114
-0.06296922551543782
-0.08706219019930231
-0.09521415003811397
0.13517875843378768
0.07948419617479616
0.05556181411659528
0.03252925566156673
0.01934306704922436
0.010709429526623255
0.004104937485487805
-0.0013876660381998065
-0.006532870887293549
-0.011229046779944522
-0.017824171322504717
-0.027916065842073817
-0.02760458992067815
-0.03077168164772838
-0.03202924211303705
0.0007841370567819851
0.03689701095653534
0.04073100790261517
0.03030587966901362
0.02173570089300086
0.013136247643830526
0.008540794595033712
0.0025283780249654147
-0.0001471202486980836
-0.006327767492473233
-0.009556220470628362
-0.014294882172478474
-0.01969231704828524
-0.01706133151718267
-0.018598201087720978
-0.011605171817012266
-0.0030561866965381885
0.017121319925126794
0.01887119559211633
0.01852243337210154
0.011935408217766022
0.008483660536007484
0.004823325282262302
0.0008156403673532973
-0.002115276540194115
-0.005489443879417992
-0.008829142138298027
-0.011390719635868721
-0.013480575817025567
-0.011893949115528999
-0.011054792177338705
-0.008055138185746352
-0.001864054286886169
0.003986719562736075
0.009125889560626581
0.008563329864999226
0.005642183496055028
0.004579404279461555
0.0018180263814511636
-0.001038126760733981
-0.0028076629193147947
-0.005121072456588407
-0.007489403978611573
-0.008969225411275986
-0.010060700948145379
-0.00856774659331996
-0.0076418497436301506
-0.005972554998006729
-0.003470587361011333
-0.0008020357420994602
0.0019872331004781737
0.003434170740647938
0.0026044079578748614
0.0021257792320867747
-0.0007321900213133337
-0.0019752777126730778
-0.002925970828448566
-0.0053724773748333055
-0.006906778407171041
-0.007434774135518427
-0.007723812015868638
-0.00763101431521274
-0.005845662703046439
-0.005692494740223003
-0.0035422102521854293
-0.002944809724270377
-0.00039673411272210513
0.0016801304134572066
0.0022749393619184207
0.0010404018761613369
-0.0007190775943905795
-0.0017224181935992192
-0.0020486202995184705
-0.004625182648687003
-0.006439277854490754
-0.006792206975993642
-0.0068512458256505026
-0.008544777954698598
-0.007507067137058848
-0.007222571283195885
-0.004796164740893422
-0.003030463295474679
-0.0022677408539392694
-7.195916334055318e-5
0.0009512768647883392
-0.0011413232715580396
-0.0014476361711662391
-0.0013955802468487446
-0.002591859975218045
-0.0038468015394509743
-0.005379153404660561
-0.0068983299878645115
-0.007407124090397605
-0.10600611995403059
-0.07510552381737323
-0.033555115594028
-0.023312191673095024
-0.011750469094501377
-0.008058761396879189
-0.003288688826225224
0.00021808127390721913
0.0051495487088107925
0.009292968215386851
0.020616458316851324
0.03067500563209918
0.07719769771385246
0.11921389330126049
0.364976913318876
-0.2791115480266317
-0.25829581442735455
-0.08453825249686606
-0.04912198939420526
-0.023564615774152222
-0.015069780442456385
-0.008069519149769467
-0.004790569857525079
-0.00024394226353243869
0.002136512275028014
0.011586148090446889
0.021802936039088196
0.04765630895023023
0.08492570166533794
0.24519476942211935
0.703048141734225
-0.6059479678374385
-0.10497375033548127
-0.07275012798459286
-0.035742899577608185
-0.024350424762684036
-0.013493461040292157
-0.00907005689717313
-0.0030128904262525023
-0.0014547699098631764
0.00324106860874523
0.007971102173664875
0.020252621784273752
0.03033319224010129
0.07235513135580361
0.09619332285647514
0.36741400693348214
-0.2947972637307648
-0.06315342274150344
-0.036980701608229485
-0.030590838215296026
-0.018265157827924174
-0.014545388287225517
-0.007766776321371002
-0.007103409322846906
-0.0010647538226647838
0.0021774326067694754
0.0073206366984403725
0.011000954499859878
0.02151070843076208
0.023409987516982738
0.03742397337503099
-0.010304512114413435
-0.04788947573967487
-0.02632096245022926
-0.027452492814105313
-0.01785765595879129
-0.01386610213083362
-0.010489101408446291
-0.007906213724718565
-0.005419062371770552
-0.0025334373103843475
0.001000490069430525
0.003232550402252919
0.007414809567677208
0.007964684279441032
0.01355121074871803
0.0022315627185457002
-0.00466699932791117
-0.032354478015462214
-0.018614353335070312
-0.016221379171891166
-0.013558128947730497
-0.010429310838866961
-0.009671373418744111
-0.00481546144656649
-0.004004816446192596
-0.0019824445385447044
8.968521969630906e-5
0.002351949431242694
0.0025744780009770794
0.00510192164888434
0.002548580463694726
0.0009684793701965844
-0.007905574505215712
-0.011439889795475128
-0.00893158223253935
-0.009784117279099648
-0.007180143534798014
-0.0075494976631418605
-0.004306989371324165
-0.0039041645249194134
-0.0022476622449102033
-0.0013953710269225708
0.0007956064756045654
0.0002597497814039566
0.0014459424177406773
0.00019411252086569625
0.0014991495848077894
-0.0025184816051889375
-0.002833275307832767
-0.007289633001423521
-0.006258787857611437
-0.006817113382107906
-0.007493571873564498
-0.006130725186716961
-0.0050407087886199155
-0.003786153354813802
-0.004373599522540959
-0.0016584922292629386
0.0001286864293782817
-0.00041766429520530756
-0.001613250129574366
-7.117090078625826e-5
-0.0019030199383289598
-0.0013007570433044107
-0.0037620476609118683
-0.003120003621696952
-0.004346748120324584
-0.007083084852046285
-0.007222685010303728
-0.006738526048475051
-0.004924412445554395
-0.00521045545147822
-0.004420171417598297
-0.003267542170798489
-0.0009808961275261756
-0.0008814478276822248
-0.001036609361654072
-0.00041132037608983214
-0.0005525897689197137
-0.0017826289867976233
-0.002601363672621917
-0.004666498853017519
-0.003268644908591813
-0.0038820181089497087
-0.005268149842864588
-0.003673960742830909
-0.004200960963478092
-0.004413419620439083
-0.004009777142503594
-0.002694192206011179
-0.0019511797587689202
-0.0001176434793708436
0.0003057979585636351
0.0014066729160716303
0.0006129483912699306
0.000499979643962913
-0.0021822419014059435
-0.0023558642355541
-0.0013548656198674983
-0.0027261276546099193
-0.001998253926798984
-0.004156027260677653
-0.002949201310656467
-0.002074277928026996
-0.003407595888957342
-0.0016279664507683454
0.0010360741294367945
-0.0003587277963985584
0.002106703378647283
0.0013409848704550949
0.00166446514557361
-0.0010757671895013456
-0.0008915721369944667
-0.003806563271384792
-0.0038508757342871117
-0.002655880246218576
-0.004686789899809551
-0.0030989757948471524
-0.0031807685904591118
7.52038929625447e-5
-0.0015360094250295836
0.0009263116203064846
0.0019730674778085057
0.0015818007989856144
0.0014032472934842556
0.003389679221939499
0.0030876332981978963
0.003517199466212951
2.841584582667086e-5
-0.0024381726007550036
-0.003599230401109551
-0.006825107628079076
-0.006235513590011843
-0.006712126157464725
-0.005325763776956436
-0.002859304166803441
-0.00034009062985026085
0.0006534327058371017
0.0018313649418409928
0.0008342809844233418
0.003499321435384774
0.0035255814816222853
0.00687239089619663
0.004996712228103892
0.0036783035017848827
-0.0020582252839357394
-0.00799189744090753
-0.008069447606475403
-0.00971724712338789
-0.007008666979520592
-0.006640335713146229
-0.003787737395053026
-0.0018395936859179553
0.0002207361047533145
0.0012157971494282714
0.0033726356146571625
0.005972489256209807
0.010096166960148926
0.010010876570495531
0.016021627455209533
0.006392674854442806
0.005845997938318403
-0.012245590133630413
-0.02061099686393081
-0.013514678196991625
-0.012952700121290671
-0.007900860037197411
-0.007736103596428693
-0.000793966621612434
0.00045237058368456873
0.0032227068427775557
0.006508331450208115
0.012250095329738095
0.014988461513857297
0.02282799361625416
0.022291155479865824
0.027506172464062784
-0.004877235911900563
-0.05458375395564182
-0.03321957923933721
-0.02808511710936391
-0.015527258558633694
-0.011475781022068815
-0.005415869423748143
-0.0014769887094130553
-5.564456629640168e-5
0.0029889739655216403
0.009846349547655803
0.015136066429512542
0.02760093687445161
0.0354666402003737
0.06677896775043124
0.03606427314176637
-0.010534906850035367
-0.0004832614793139351
-0.0014992009115217838
-0.0051602931966529125
-0.013547978717315303
-0.015411265707759015
-0.014925738381450206
-0.003115047011754792
0.0007415030422882204
0.0038039677634106373
0.0020290807358235396
0.00269980581288873
0.001574512373558525
0.0019503601103402336
0.001942293471881889
0.0005470090675912425
0.00029242082854957774
-0.0012193910799786053
-0.002074212680976882
-0.005716122619958675
-0.006852134631646335
-0.009260287894291248
-0.005719726802204804
-0.0032084828519085827
-0.0009087737364016251
0.0004042624638563177
0.0013568892802407577
0.0018835609969874195
0.00200896796838746
0.0012047318026680398
0.002137368684100289
0.0015543600123250462
0.00164640004519571
-0.000510813288532601
-0.0018764671802457768
-0.002584762284477779
-0.004275233381921761
-0.0035006525610881706
-0.0036097024418844854
-0.002616077956173548
-0.0012893139088850018
-0.00030271963561611986
-0.0006273212178524694
0.0006523887689749542
0.0015838230212125977
0.0007382058404813729
0.00017261746199699775
0.001348994987018604
-0.00019868093616473944
-0.0010485357296867563
-0.0012863487541799154
-0.0021840662737472177
-0.001232496734528707
-0.002152960541372725
-0.0009799734015264491
-0.0017946972368443805
-6.343158631567317e-6
0.001060465929489681
0.0015486088936457144
0.0023569280615256052
0.0021548589483219756
0.0017609640412460156
0.0008221100733227969
0.00011508124118832642
0.0009283202562452
0.0013044612805695522
-0.0004884021275429975
-0.0006478334338218476
-1.9113091049920118e-5
0.0007124971825881263
-6.277237700245725e-6
-0.00024957321050577525
-0.0004199249568172488
0.000855733593779565
0.0024247925250504895
0.0018125734338550223
0.0022599450741119295
0.002684882976487614
0.0005951544160456517
-0.00021003462721282644
0.00020065342755890413
0.001273820934060242
0.0005661866020192004
0.0010526609284023873
0.0018666243591366817
0.0013781630614041725
0.0016433451199976317
0.0006713434471796171
0.0016946822226552652
0.0017795090567151437
0.0023819778421921623
0.0024363171604574385
0.00238676135287402
0.00039599853322717785
0.0019432415202425102
0.0015073481741751417
0.0013761718378846148
0.001585984894970254
0.0014880877574251473
0.0013380529512040916
0.0024627336048998775
0.002604408517789108
0.002792471818006621
0.0036583811875897333
0.0025505327319139412
0.0014625890270782618
0.002392465224516986
0.0022612848281145293
0.0019384550044095204
0.0031052337227259644
0.0026184653396435966
0.0011778133096552441
0.002493545656725315
0.0012799322492212833
0.002258753384564778
0.002346801005322036
0.003617664479827889
0.002334124452813105
0.0037461905062125935
0.005346787546315681
0.0036725906404429113
0.002652453348839451
0.0030030384204189774
0.0036491942297872814
0.0023438061089852713
0.0024414074185155695
0.004154490268260963
0.0037540101935835957
0.002384739066158676
0.0008476244506916203
0.0034067295310243988
0.003544632182855629
0.005136363259214104
0.006084029710991715
0.004595351606344495
0.007359339326625847
0.00510088588595166
0.005035288220655589
0.004632189820442423
0.0032705105912789315
0.0017283193945415946
0.0011330499549412451
0.002196962166027245
0.0020393355797702697
0.0012349892112310825
0.00022830484283541618
0.0026508223269736744
0.003992374684779935
0.007736201421823747
0.009469014969375102
0.01072890315375127
0.00931668794051348
0.007631246654854174
0.0067397968743112754
0.00615071712890995
0.004202943180871535
0.004364372436856224
0.0025530028940130268
0.002138309137578306
0.0011126071711269414
0.0016376224432442887
0.0026406731819333135
0.0029039685451434155
0.006815873810781443
0.0058922046693228175
0.012941683319082764
0.013883664097484283
0.015069980963553064
0.010132667538277464
0.008198468114365582
0.006832117608017893
0.0059716325367664205
0.005642929929862669
0.0035266631740695073
0.003103592725542414
0.002668384151109737
0.0015118381706488388
0.0034177649678278966
0.00587498876276082
0.0037587410729601413
0.016348888707362657
-0.01790856198275597
0.03243106467833203
0.02380853285051228
0.01608008233230792
0.00900601296424832
0.006879530847562391
0.004243906580499141
0.0042522382164908844
0.003620940928937358
0.003610254149180356
0.0032673763571485974
0.003355629244774293
0.004014738902283297
0.006610252968553387
0.011485226311693545
0.0028105902038601314
-0.6531143101154532
0.07150922784772783
0.044787239099941686
0.02223083055163206
0.014392068376530526
0.00841735314016219
0.00594738328079948
0.004771187734831563
0.003304233337118605
0.0017779323212777642
0.0013789920301004019
0.0030890147533276274
0.005247061998433046
0.012228826562084634
0.0242220070188401
0.05829905858058414
0.2379691069466684
0.21100652890683905
0.055831840205013285
0.0293227503692852
0.013962708914061855
0.00991172460450267
0.006849451789730853
0.005564832477835205
0.0027319264967387686
0.0034936087517422804
0.002625769358598807
0.003359365636465985
0.003994549404691962
0.005798451105520492
0.005213193235099852
-0.03851878470720664
-0.590162175251974
0.006185338113921817
0.021534764218487507
0.01367159047239942
0.01083352365883841
0.007125578792270332
0.005049145728914748
0.0033257915453773776
0.002329978523821409
0.002337142881325221
0.002580798629952823
0.0028148306187095276
0.00030733366409176185
0.001000197932661656
-0.008409862519401944
-0.009467770637203702
-0.06752175613033176
-0.017626056967583112
-0.0026402187024272385
0.00552928079163423
0.004962142066796344
0.005180184987067532
0.0034284897356309553
0.003035504960181369
0.0032350865205304767
0.0015972463513609309
0.001678774235166752
5.496109453799567e-5
-0.02247493002052217
-0.0184397463904849
-0.01647011452683197
-0.011205573746968674
-0.010375484679158376
-0.006544624608662918
-0.004388079305538228
-0.00018545493821918945
0.002247994826154709
0.006227363194684419
0.003968598291859692
0.004381491602832362
-0.0078940037850545
-0.015463754309754527
-0.02659556027027401
-0.0222632939971279
-0.01594374598239784
-0.014828004047957652
-0.011603098620843655
-0.010569977441596793
-0.006861520516353616
-0.005100291528599708
-0.0035548975149396218
-0.003197801463961202
-0.0003807892694507268
-0.0014310878459354993
-0.0003032049971758938
-0.004287145500899125
-0.005927542280198823
-0.013941137675220828
-0.016369667683939316
-0.01865574313387608
-0.014810694268656296
-0.01286138945096349
-0.012147705049611006
-0.009340968424956976
-0.008753541055618461
-0.0057013236471993465
-0.004529680922338146
-0.005029694350489684
-0.004801902169064206
-0.002247219939693735
-0.005161419001015991
-0.004517913709649414
-0.008111235782629525
-0.008603889742036915
-0.01395129492242439
-0.0133860024846717
-0.012874174108974642
-0.013813119738157825
-0.011491882636014415
-0.010829694028260324
-0.007852983449497612
-0.006887268623716475
-0.005288597410116905
-0.005536070477889737
-0.004773993796926979
-0.005341700082206655
-0.004994525480333565
-0.007298889384770491
-0.007441605559404558
-0.010438546095714976
-0.010152664258793423
-0.01308486974164081
-0.012539757845358237
-0.010568643512326214
-0.011669495468643702
-0.010295788365026612
-0.008921252472891264
-0.007232588134150761
-0.0061622499779760255
-0.004401913258707666
-0.004414092017721385
-0.0038902566125749052
-0.005095431606676796
-0.006433904981409536
-0.009885163744194575
-0.009504084424191133
-0.010291320834293108
-0.010998068001427193
-0.009988667707215994
-0.012575738459784993
-0.010297895542444023
-0.009275165634592667
-0.008466490567967952
-0.007144667278760197
-0.004089731340768841
-0.005055795163807799
-0.002687963751483443
-0.003251926665811163
-0.0023282498210435063
-0.00678471590880825
-0.0077571970504471234
-0.010975778097867062
-0.009082499030146437
-0.011896090065808754
-0.014018436604226412
-0.012218833004277266
-0.01163079613842407
-0.008013730772288315
-0.007905024152745754
-0.004959787192533636
-0.003009248536369682
-0.001992004738238974
-0.0025467382990859728
-0.0007893409331952452
-0.002320805357876525
-0.002197988718148028
-0.007891848730843955
-0.008140023170505117
-0.01196239972771903
-0.011872568838535673
-0.015370609075478658
-0.015339908195599694
-0.012190864755634226
-0.009439212804438017
-0.006415636406767213
-0.005488010314013374
-0.002317388381677966
-0.0016093515678671485
0.0007712488002876326
0.0004322758248109097
0.0031191586479491313
-0.0007020593928744677
-0.002846586569832929
-0.011801222913018385
-0.01305097021324439
-0.017551516306727934
-0.020518416529099175
-0.016383057667362658
-0.015328234318701082
-0.010454709031448987
-0.0077141703340299845
-0.002966869698140532
-0.002269741429199925
0.001057821157568909
0.002891128235009739
0.007595499172883408
0.005891980917724256
0.010623680642112181
-0.004871234432097689
-0.008462215741087846
-0.022897497543264908
-0.019606053092115064
-0.024757840078186433
-0.024084284618154556
-0.015940749386391093
-0.014813120887765268
-0.007818067961268134
-0.005432537985788289
-0.0009445802439660626
0.002682917738893894
0.010471228356332924
0.013351113943713046
0.022303282809361946
0.01660616840575114
0.016649480005834393
-0.029560511374184275
-0.02975019792967468
-0.037509968677896
-0.045000843420056044
-0.027211043115693286
-0.022553151415977708
-0.013397172896962194
-0.009022740449134538
-0.005347061938111592
-0.0011805049991880827
0.0072373523804612
0.013367123755409773
0.029822095473675883
0.03621591695113532
0.06821499415983424
0.02890413367545415
-0.01937484460090099
-0.08404992149577237
-0.04840697187625586
-0.05042893783913492
-0.03798720073131723
-0.023214132283781757
-0.01809312549128474
-0.011000504657827311
-0.005075648389921755
0.002116718694292335
0.00831539512144452
0.021598640373433547
0.03469747770003132
0.08779264560399609
0.11649980294567697
0.11674132752471614
-0.2157122014383851
-0.12361179425599009
-0.10608896823331203
-0.07425545198923418
-0.03783638027825156
-0.02747412225281589
-0.016975661948854033
-0.012926225516971207
-0.004898841524280151
-0.0005051307009638758
0.01120094592972125
0.021922577299003317
0.05303823349950578
0.0916821304512343
0.2883298193660556
0.83277170113798
1.5527842842631543
-0.3681659202499653
-0.11087393593959602
-0.05297464383799633
-0.0387221498825438
-0.023524628485026938
-0.017731675617601382
-0.010963319186977743
-0.007396417256747598
0.0008576235821108637
0.006655375713575384
0.02040585725634445
0.034398899888132745
0.08779167182889093
0.12287183227085301
0.03648098259892088
-0.2911265377833678
-0.14373629913361846
-0.10837645770789472
-0.04645328864467644
-0.028653235400796725
-0.022699674894220905
-0.013842483574703808
-0.0125491756712386
-0.006533385017873882
-0.00236458052071392
0.006088721138477377
0.010372348885018989
0.0248371502348133
0.03229591680826386
0.06198604624883316
0.023165399022256155
-0.046396889767129766
-0.0848256407945835
-0.053707824156673606
-0.028096533324303268
-0.025014182126625366
-0.0193593659404327
-0.015614060573318917
-0.01112126049468977
-0.007663184455538132
-0.0032046476330186455
0.0018048448666559483
0.008990356614043673
0.00991148212078871
0.018936517509667267
0.0106593335598056
0.005865853219909462
-0.037494889772907866
-0.033367780972307554
-0.03956701385249183
0.019194005221507788
0.03336401931029577
0.03605105105373589
0.03515347516760112
0.0353285267906652
0.032014488317389234
0.030132991443943567
0.010532008992656668
0.005192772778295621
-0.060065454841872375
-0.22565920411818124
-0.31083648918056017
-0.2513453204473685
-0.07475079561446818
-0.03154701228661494
0.014181818863290842
0.032032135355701305
0.043008576990385496
0.0409343927536922
0.03520668993362286
0.032249287394670104
0.03377370021467271
0.029590815274433583
0.01954885376943178
-0.05995920763242607
-0.17429190652437762
-0.9324989256477635
-0.8676957337093787
-0.374299403116789
-0.2136417628823768
0.00036875743834878554
0.008436649269680054
0.02385503268241857
0.03747601603887973
0.03628468013919159
0.034642930727243254
0.034882646639203506
0.029941857104447307
0.0370039473624031
-0.0032543410772266487
0.028258898506596387
-0.25557994045281557
-0.39787931342853167
4.6157079560420815
-0.8862245140285252
0.04777381310444481
-0.05567907332015405
0.03404531923679772
0.0201747576632991
0.031648975974143845
0.03774840723078806
0.039352351227029306
0.02966237760383031
0.023897171960561923
0.02337363888041669
0.023282245841526748
-0.04763944719193135
-0.05556338755931482
-0.22513118782474628
-0.40328093556159245
-0.20050046962754037
-0.16859664051864964
-0.007272443026997675
0.000934977371252985
0.01774087910208545
0.026356146528056217
0.032600928845932936
0.0356755919616171
0.03494614982090075
0.02641903145103817
0.029782747419914553
0.002534499890808223
-0.00961028647322135
-0.10297146808287366
-0.16165691015969602
-0.20721402683419704
-0.21363725947854428
-0.1076014661482096
-0.04871850819411767
0.006091202987082092
0.023278940984345825
0.031227575486699438
0.033783468151750276
0.03452166745673834
0.034924688477567856
0.017622189634020544
0.009915814473467845
0.01066285394648796
-0.028946888463174877
-0.06841061749062315
-0.11235848886420391
-0.1426612546426243
-0.1173559566217506
-0.07247937341404237
-0.012550866203150435
0.0032293557140036107
0.01913973864891818
0.026087185193406092
0.03177300743556049
0.031140362764400305
0.031635501794920216
0.032387230150071694
0.023643466063314283
0.010998270212556678
-0.007854992660711303
-0.0326826269847407
-0.05626298915382448
-0.08253196161063817
-0.07447056049374673
-0.03325917243925062
-0.012502148290283661
0.013017377260992738
0.02163716754397592
0.029362620890680927
0.017424187367919838
0.029006496348621028
0.028251057365722934
0.02972015188588224
0.01838046247947941
0.014767736374386052
0.0013578138021063928
-0.010514046673703223
-0.028906414413849016
-0.03620670091029415
-0.015654709331882264
-0.005341302092660092
0.004328711271707784
0.010921579341083029
0.023288161412907054
0.027180877078786712
0.024782393852453344
0.028623876607444993
0.02733234303535295
0.03287376020385863
0.027381830741058485
0.020129101563349246
0.007046651381139513
-0.006376400386355558
-0.0008008659165178066
-0.015963223837261162
-0.005822245384129499
-0.002925604751065677
0.0021974625631979204
0.011977532152803552
0.02210151676714972
0.032948036095785886
0.024109002849869828
0.03019376530270023
0.031836388897080466
0.029523033627039185
0.02649983295593845
0.023346009205293713
0.01580374477801605
0.01062818964173975
-0.0005135774897313269
0.0027225826086168282
0.0025760181229381794
0.012055583682503417
0.017781446734035703
0.025402083385418796
0.023297225688599082
0.02876360139138957
0.0365155563622848
0.03437992593503352
0.029006698784975988
0.028216619020719237
0.029979185390353963
0.019574814835327747
0.01975867030535984
0.009922820169821038
0.009819503619642345
0.010238240314565135
0.012321371686145173
0.014593071831891803
0.014554598315223434
0.022176287742317898
0.02372521818367656
0.027585397464357782
0.030505887652511467
0.036952680124366415
0.039973236922489615
0.02793120110365073
0.0306367224646491
0.01764062310488429
0.010462835463922621
0.01010682832712179
0.013020664693626316
0.010685357927696636
0.014507161154190823
0.01175286883628955
0.013616090316858977
0.01762782201725191
0.01926008728672097
0.021442592200877502
0.033286170065858225
0.033013504595708155
0.03685932878875026
0.028281112834641468
0.027640639427525603
0.027756036841351785
0.024942058739614918
0.01012889798047568
0.005513165239853465
0.006776301421570323
-0.0007285808328800852
0.013173774934418013
0.013621443073405043
0.014202017776377024
0.02322050277094694
0.023334897353977407
0.034460430467207176
0.032627275358439234
0.0418482088892426
0.028100181594216164
0.02594865131642073
0.026666829446129456
0.014369481083079852
-0.0008630994115801038
-0.01793729008625458
-0.007834949901407807
-0.0071116689793790655
-0.0057414805808557005
0.00191446824016854
0.010984879970793695
0.015131559652163812
0.021797527735542527
0.03533263213267417
0.031625013856926544
0.02990882451139571
0.030333543989289943
0.029286834917415884
0.0164726773671621
0.016716263091636163
-0.010529876813836936
-0.01564932601716503
-0.037366125509914805
-0.04655542927632826
-0.03073293113395343
-0.007603064709922232
0.00431808733342671
0.02743810083218868
0.04131152003847217
0.03601895416296053
0.03667627545683103
0.031154269711798053
0.02977325658581249
0.021052711441833422
0.020471238015466173
-0.011051203908502621
-0.0206121730014835
-0.07158029313520954
-0.13188204182492863
-0.09607323665556441
-0.0481172086853747
-0.009531712280288778
0.0014383950012506021
-0.000762489876488546
-0.000270394587090276
-0.000278844765040647
-0.00032133435768587717
-0.0008223433285520542
-0.0005459561151762044
-0.0014488115152409635
-0.0001963901634540799
-0.002513356269266459
-0.001890334780538931
-0.0028078394813983976
-0.001820407421715302
-0.0026270290232100293
-0.0020851996919582574
-0.002123294266753938
-0.0010648954086299781
-0.0006242482541704968
-0.0008235555130602502
0.00017216033579701647
-0.00036457036365848856
0.00015138650482265613
-0.00027696645968314606
-0.00028926306703118036
-0.0006039966021066112
-0.0008860874647146964
-0.0003580822342007476
-0.00026378459585840947
-0.001314426611582018
-0.00040784602023961056
-0.0008741632728542156
-0.0014078874390216125
-0.001318600127029937
-0.00045683614872110034
-0.0009119565955035391
-5.918775224913244e-5
-0.00013781848563845396
0.00011298788831918914
0.0006915521924277424
0.0001268379789938171
0.0005048255507836071
0.0005461566426837709
0.001667560854926663
3.234845907727421e-5
0.002737511817040203
-0.00030048218137092503
0.0006861569560812932
3.637299389513501e-5
0.0008934466564136188
0.0015236103821295649
7.323335669725086e-5
-0.00038900782149714247
-0.0005706007262550502
0.0006208954316892838
0.0005752162178496548
0.0023337014793440008
0.00044841299921451005
0.001248033361689183
0.0005714875269032677
0.0027526304097005277
0.0031511407716290386
0.004301837638893198
0.0021739581911601152
0.0035647476380473867
0.0005920165244205482
0.002540783973159239
0.0027796494418645193
0.00012744791563234267
0.0007670326515185495
0.0011524592678024237
0.001987000964668832
0.0017382394544889436
0.0028278120742407566
0.002537372494944343
0.005244702191425276
0.004682757704162177
0.007035776123636999
0.005688746045333975
0.0061746332554677655
0.004032312162457727
0.004063758915731439
0.002578563739985982
0.0014295385741187924
0.0020451972092884706
0.001068155070591517
0.0022552626072272256
0.0008870345125157884
0.0021731829342757623
0.0018576539957407057
0.004714749390621436
0.003616393762222662
0.010243593932583365
0.008166314232136561
0.011753413080742216
0.007253143535501362
0.006762667805509495
0.002570910019397706
0.0028904098158595887
0.003616334560986886
0.0017477398254592646
0.001533002958031898
0.0007048891375020315
0.0013963042737994366
0.0014113135529002904
0.004344550506737486
0.00366089397459949
0.011374748468162717
0.009865731090051089
0.024401306938986657
0.015280129025368235
0.01434521646863633
0.007159059724053054
0.005909233137408325
0.0039231354109188115
0.0005913593483823353
0.0016598896699797922
0.0014226971832216407
0.0016694581705632848
0.0006501394929814674
0.002916653489489029
0.0011923616968319579
0.006769455771761078
0.0019933544277458107
0.025763858432717238
0.02696957307038798
0.039458371811314646
0.014895680494767836
0.013014303521772614
0.00550960944649214
0.0011842587068557234
0.002100598965494106
0.0017437867260973114
0.0012322617522065246
0.0005049566756201524
0.002490561764506306
-7.285146512944719e-5
0.0043197915322172355
-0.005778669000421272
0.009398231613762605
-0.02207357494007383
0.14265323022021575
0.04018477760247116
0.031379148114983296
0.007780528195066295
0.006444937202496493
0.001936086715708692
4.8217733720521395e-5
0.0008629747998581342
0.0005262311721855799
0.0014538489568247325
-7.594661717117725e-5
0.0009960483379814916
-0.00557065302820002
0.004804072542194675
-0.05806619364506252
-0.6216519011330242
0.3040311204253512
0.1153299785113478
0.010247120380694042
0.011140310579855825
0.00046497548146908873
-0.0017084171980402793
0.00031054138507730783
-0.0006178938035971308
0.0009570276019710185
-0.0007574544070787971
0.0013416581330090022
-0.00028198692682796444
0.005565344468971853
-0.0014604838381017914
0.06956432644008563
0.6585199341055819
-0.2904544470336749
-0.11584154620086824
-0.015210326580522102
-0.0111485018195601
-0.001302271036283299
-0.0015358334898676303
-0.0019487031326102188
0.001071801435644029
-0.0009092549305622755
-0.00035378692206043227
-0.001717382193894387
0.0010628036971380888
-0.001365528514575092
0.0093915686768356
-0.0038824585527478367
0.03173130833678179
-0.14068765853177975
-0.03692448717453216
-0.029213552502221296
-0.007727039682759307
-0.006040601989710579
-0.004670337578257326
-0.002038741534162137
-0.00218422393728039
-0.0007547041671363281
-0.0006380781119295411
-0.0002721220412144129
-0.0017838073455213482
0.0007333202879847382
-0.004585567045404694
-0.00152534640269427
-0.029169372818017233
-0.03182926182882015
-0.036110419459262265
-0.014956118104397493
-0.01214298168914395
-0.005675624899744925
-0.002648116372988825
-0.002993766388740358
-0.001526654192237893
-0.0014745856968000454
-0.0005251513163287189
-0.0006327944888696877
-0.0001423231078276597
-0.0030716349280673657
-0.0014529970164899122
-0.009671970180847488
-0.01280299532230083
-0.02466790418346259
-0.015575972026549667
-0.013892416080118337
-0.00697002932260493
-0.004964714761975538
-0.004379743236211847
-0.0022604547801999015
-0.0021590247401738947
-0.001412942902306775
-0.0016062391586564235
-0.0015041092217463951
-0.0017804262118502323
-0.002006927958453378
-0.004323260764907522
-0.004689740955907004
-0.011192784825549145
-0.009958232092921163
-0.011724359229021156
-0.0077753972899221304
-0.006902453681420389
-0.003657034663058477
-0.0009442434427743002
-0.0012882611424290414
-0.0003912425960658431
-0.0010328333551414283
-0.0002014250261266159
-0.0012774204715919877
-0.0004124528771084001
-0.0016450504580862652
-0.0012987803733363209
-0.004816848916328079
-0.004136273907089657
-0.006242195798320648
-0.005046596709893247
-0.00526431368070403
-0.0028830695863414865
-0.0031323721465224947
0.016321639095405644
0.013666158251078503
0.012047856778726338
0.01223839197963997
0.009944290295268497
0.011594269779771689
0.012750242569785377
0.019169658260736962
0.023707454082389362
0.03775925762270976
0.04792535062878094
0.06694255046459142
0.058653654574556395
0.04727402441159317
0.030812538089164492
0.0231158999364188
0.01884894956261999
0.012493655747994319
0.011463134548875108
0.009736265930486872
0.010805884385604531
0.01062685211827991
0.014145145468857343
0.016534952410661646
0.02872633336943027
0.042000012977063794
0.07985307364584768
0.10661100703324192
0.10112718366644144
0.06211573764760851
0.040918145231563126
0.02535062602152009
0.015428780059744983
0.011714098991717832
0.009548699336428575
0.009258317742373307
0.008112094399129114
0.008897162639913556
0.010189873229446764
0.01643330460278475
0.022180861891648026
0.055708526542121724
0.10729573160572393
0.214183694178926
0.15674085025167644
0.09106260616838226
0.04027722619121695
0.024613283116070445
0.010966380412041335
0.007774049687044919
0.007523510778262745
0.006860614615663059
0.006492364954589173
0.005672823474243035
0.007831937837478984
0.00579817055688646
0.017571318031460212
0.017095921821034428
0.047741439199648794
-1.0280324756703567
0.3165393412712072
0.08235750678381389
0.0339505126181671
0.01617335781759759
0.002231326912577419
0.004752391372777511
0.005007258458633043
0.005456880709619276
0.0044539113420236365
0.00437065724912067
0.0011285137293692744
0.0002520868900905908
-0.014540165775041459
-0.028083798751030786
-0.1059357114882072
-0.554378590273738
-0.29270697140977653
-0.06394296013134292
-0.01832578819822241
-0.0012026804888102417
-0.0011711366171323232
0.0012616556739442253
0.00311482179801776
0.0032863185330732586
0.003819769326637719
0.0009388912918412402
-0.0015745140466063353
-0.008148084714385098
-0.013849744361362142
-0.049088452645272604
-0.09548061015969377
-0.2136770520595942
-0.1528539463505268
-0.07079498915637598
-0.02444637127058291
-0.009802087149265488
-0.003895002243147287
-0.00015205819066815062
0.0001875021434541314
0.0020718369212698725
0.0015283014202500853
0.00023362605252886528
-0.0035696868709431035
-0.007609655148405373
-0.01753791788137725
-0.03001674967369429
-0.06529188597008106
-0.08093971071381925
-0.0863867960923314
-0.04601107052052684
-0.02582375300217289
-0.010634428496562688
-0.0037062654218773454
-0.0015365516963101009
0.00025633207538802174
0.0011582598500336455
0.002106196440296481
0.00015974853025069733
-0.0014257316014195227
-0.006847121114176379
-0.011769118844835497
-0.02358108808450268
-0.03237161784576476
-0.04999208004953072
-0.04100467549213248
-0.032703574033863925
-0.016514859661488936
-0.0105340589193451
-0.0031486172530019404
-0.00048005027786038454
-0.0002520562634863589
0.0012134916731337815
0.00193414921569997
0.0011077549276609364
-0.0009077361300796724
-0.0029728799417377202
-0.008843437813509129
-0.01245663369679346
-0.020519355780741586
-0.023088192624572994
-0.02404738386197584
-0.01560174722885211
-0.011330227654905689
-0.006827230602831736
-0.0007480667246213671
0.0013147315732037648
0.0023560849237877976
0.0024683928654578645
0.0026542938697894257
0.002684655687054331
0.001090494297062234
-0.0023856155507135123
-0.0026233150045676897
-0.007181129109495759
-0.008896644258205369
-0.012221676254104053
-0.010079521847692032
-0.009264787682438718
-0.005251860692084364
-0.003575347785893694
0.0018144863550784455
0.0029376096292257252
0.002987919243520563
0.004322559851031317
0.0029179769003167435
0.0029654828295304233
0.0027722990369652887
0.0015131225876961953
0.00020798462548306105
-0.0013136826185607406
-0.0032859677972307995
-0.002580433139858019
-0.0035366027071903903
-0.001477756298454974
-0.0006738924388990342
0.002057670213952438
0.005115983218754012
0.005083137025834653
0.005109049543143371
0.005537130550908564
0.005235442683144413
0.004796720649141442
0.005731792755689301
0.004176947912772174
0.005279086359172919
0.004604703070771807
0.004873694314776323
0.0031149392249221622
0.003013168722528727
0.0038362164300358528
0.004605404826398709
0.0038630403986703206
0.007101710009944336
0.007263642128308126
0.006358278852611779
0.006590158939731005
0.005689514666951436
0.006524348556332063
0.00597661935603313
0.007780625083282994
0.007413802727785753
0.009708800768821616
0.009253063746256538
0.010053142222044363
0.009712631730844615
0.008978196607373104
0.008206306206017653
0.008558621068106554
0.008987683566429433
0.0083197127499122
0.008669620483585983
0.00735219410370926
0.007306058610755048
0.007655372186548423
0.00951577905240839
0.010050550523822907
0.011739431502061684
0.012808556075516326
0.015884745508566826
0.015217511265739645
0.016827619297208874
0.01500267606557671
0.01379766235522114
0.011323387219831425
0.012420058369793555
0.011349992865498322
0.00918094230070117
0.008943088558364348
0.009123775688659373
0.010855017325981214
0.011661622647206629
0.014572643606773529
0.015666263560089905
0.019913536998632436
0.02254071680928022
0.02636326821513099
0.02469258023992578
0.023182336566920165
0.018253897586648218
0.016014325963834317
0.014760831164759703
0.012342194367494643
0.010793185828254344
0.009372238083658562
0.010194144518802453
0.011299191656405925
0.014040408311732106
0.016621949449658193
0.021564251177186456
0.024440600145104144
0.03538286632695474
0.03820043317847452
0.03947815885315402
0.029985011882155205
0.025356349527584275
0.018721068962010756
-0.021101167229590972
-0.009386808885071407
0.0021409987764325735
0.006195234689370531
0.010872540096327944
0.016003743487974162
0.02257173514682622
0.027365388892298708
0.038163830752626714
0.05141308942271351
0.0960787245841203
0.16189359126674513
-2.5142378366485345
-0.1664287565615409
-0.07788258597868289
-0.05739852250600343
-0.03561302755237006
-0.011129526080018957
-5.519925142900817e-5
0.006862514941433758
0.012567505598347848
0.015172223846296625
0.019444634166959508
0.02946555585645233
0.03950303370885813
0.059177894877561095
0.09649376093572506
0.21101931532828502
-0.6429461534133301
-0.7227597741515344
-0.22462129243186604
-0.0717843806190305
-0.01923365895883076
-0.008696318049121389
0.00024019885326289725
0.006719315855050365
0.012627116839472825
0.015281951391273375
0.020368502546515448
0.024635567433361268
0.03527789759999212
0.04610234120715653
0.08196060099408628
0.12036303489250098
0.44287712547180164
-0.10872330138241346
-0.05445294422030374
-0.04831428809733224
-0.01104852318858948
-0.0026137035817538107
0.0024262860756912525
0.008687112693889136
0.010497172014629939
0.016803263809057053
0.01941886282466455
0.02517463398289273
0.0287520740263468
0.0383739063365133
0.04559712781765369
0.054340062901563464
0.0315279056642009
0.004392510567601439
-0.026143652228757367
-0.016249216991796593
-0.0011301659442841088
0.0018776521714405979
0.005854964360428708
0.009135953370924191
0.01280605858844481
0.015688482879520224
0.019075313994332748
0.021482095192935445
0.025125253369485737
0.028123590547762423
0.03293826547882648
0.027022981475858285
0.02206030465277245
0.00011537889896763787
-0.0009226641290591541
-0.006722674095444048
0.00558996368939432
0.00562274467250659
0.009040699942733377
0.011924430609187612
0.013089057014037045
0.014981378087739196
0.016372858664221935
0.01870243449565953
0.02085964741151012
0.024809305894572795
0.02401020907947563
0.022950995810935928
0.01435859320466751
0.00916734703819178
0.0030447400079942045
0.005073434066159938
0.008874603342292066
0.009515985642581454
0.012557306474882481
0.013571542257899269
0.014530471719050635
0.016607346872725862
0.01592729290866255
0.01806707133254947
0.01861551909905172
0.019073181784608047
0.018859248122896438
0.017271354386554066
0.015570025485127993
0.010824727647577944
0.00980054077698529
0.008006673336216687
0.007506997247078956
0.009586623361966
0.011438716068658317
0.014315963536174273
0.013701234128606864
0.0167227641605508
0.016592089521358693
0.016106764156243784
0.017719567633973983
0.019091087564208672
0.015709765864467814
0.015782107564962133
0.014637408807461439
0.013775325598416027
0.011266166847649457
0.009378356120701755
0.010406646622373788
0.010661364711447109
0.011786305302792429
0.012533456872104859
0.013863437368874992
0.015207828261083573
0.01601952814477876
0.016581027386253295
0.01684501297487817
0.016526477256146487
0.016092057322860974
0.016621919800641632
0.015577150911720341
0.013852729834652591
0.013176708698653698
0.011558494777524546
0.010447874436218339
0.013113099141449223
0.012019863498476693
0.013011771584844295
0.014576810026522733
0.014929464147436159
0.015483861402306313
0.01659133531070326
0.015910792652246937
0.01727802677799263
0.016755310976248345
0.01645326032187929
0.014267660035578349
0.013261446175511084
0.013547514404422402
0.010989972740636341
0.012736783806923994
0.01199470063711524
0.012476522860867117
0.013324318938837105
0.011845798006546691
0.013697433183919243
0.016980508413049936
0.015319776436012253
0.018475802225974242
0.017761762721705196
0.017635158018977363
0.01629791867228293
0.015707715056171374
0.01326423041883667
0.013855654494371776
0.011180576866994295
0.009545432000457134
0.011889423881620642
0.00926593874027406
0.014241440590390902
0.01341699176290921
0.014596276116625156
0.016018025957288143
0.016789163686406715
0.018507986907006665
0.020569006432240456
0.019406396380453047
0.01863962386704086
0.015963872372464938
0.015402891856330373
0.012263708742510317
0.01097711835778795
0.00980945229806029
0.007696561210989326
0.009713937538085122
0.013715837607693782
0.013788998805319998
0.015122047653754177
0.01637704336305861
0.01851553940675217
0.021682348635375128
0.021977433889620673
0.023583894584831795
0.020853741487336125
0.018425038473598724
0.013958432591075686
0.010643152779927462
0.00844231737644608
0.005401601603635816
0.006666339701946139
0.008724294399857826
0.011100938304518141
0.013716691509096069
0.01715034793323913
0.0184593299088436
0.021369428157949743
0.025388539528481534
0.027935059714298483
0.027752442573583894
0.02966428359014721
0.020148255965622922
0.013868319799829706
0.0034694796361948253
0.005178612672207503
0.00038472492049125795
0.0018906494894055678
0.006145544191968639
0.007344214980349355
0.01471913505305184
0.015515591348572593
0.018929588111892607
0.022217624110441016
0.028962411866617025
0.03301614114872801
0.038751549997316816
0.04120474321108355
0.0368669942801169
0.002155847976444859
-0.007607940511025055
-0.007507436580309854
-0.01146781563931224
-0.001668197864535619
0.003061491689549327
0.008934881782185223
0.013531214284828477
0.01629588815827871
0.01957823066777763
0.025427994162671625
0.03204941415083135
0.044309544299324086
0.06021570389915994
0.08072251316478851
0.08834814982482589
-0.016288416841933193
-0.04537526512605043
-0.02062233316679892
