-0.001765937594009942
-0.004085822248795531
-0.0037964175151404675
0.0003898395064476568
0.035210765535079784
0.03688165467469011
0.0587970149741703
-0.017608449865698157
-5.735306048786138
-0.32787360278097666
-0.06558961679402571
-0.05045831841360057
-0.015826405031401196
-0.004339695194878647
0.00572868268809653
0.010131243201558336
0.014819851700234627
0.017797260781749726
0.021657284150672376
0.02511014958817598
0.03344698620673142
0.055988148047130565
0.07523052698071482
0.30913411459202345
3.4114251946366467
-1.063046782846949
-0.19281741646155945
-0.047276321535767524
-0.027214026837344352
-0.003234215120148303
0.0016674633248802578
0.009675642566507471
0.013539995829249824
0.01896796443481783
0.021798956985163424
0.029011304898814337
0.03506989031728116
0.04180045327316366
0.07358552564131238
0.07371094671422528
0.21963443086047363
-0.1852625763112554
-0.07435571706206609
-0.041055066757562986
-0.013319543315671544
-0.002697871911142947
0.005202291711753801
0.009322251115972636
0.014699799415466272
0.01926954236947126
0.022712978945703812
0.026608973829663925
0.02872527627412515
0.04141442058245812
0.04332405329535147
0.058343485548852596
0.02804470257995555
-0.013437166762828643
-0.030989056638639902
-0.014258374748738395
-0.008779460476148785
0.0025726927727539326
0.006017200475803854
0.01145233889560616
0.015624809055012142
0.019892246261931448
0.021487470256911178
0.028201318571730676
0.026029348837290526
0.0297313888875298
0.03536524325853485
0.029583861316190393
0.028530527562898533
-0.0029817115477337175
-0.005080522509791516
-0.006809727162251167
0.0027000722493345218
0.004954221238552469
0.009424710573223267
0.010829745559505433
0.015508122380254749
0.01834720039935645
0.019820820004479513
0.021867968216992162
0.022611090961155038
0.0256135574234372
0.025491942326865354
0.02599200692457511
0.016742166454155313
0.011301833064631265
0.006034594401977807
0.007246893869625848
0.006590489239116383
0.009344419393151556
0.010897459092361029
0.01437509041052956
0.015903889212709986
0.018929182813463997
0.019143388098451244
0.02219035251681052
0.021273483494992248
0.020987574582790956
0.022651307239703523
0.020496226339945682
0.018999808795420386
0.012436092563197812
0.009962025816040344
0.010640154021565026
0.011906031825798058
0.011876089060978078
0.013097930731148195
0.01454045451220312
0.014632442207331795
0.016667161359425944
0.02013356639562471
0.02167803504033907
0.01941462906380374
0.02014696403626387
0.019273957517018103
0.01787826930971977
0.01698909362350548
0.015243930872911541
0.013492017708989936
0.013914806231016522
0.012859955642661427
0.013630893157416838
0.012985682612300351
0.015322310406093585
0.014637395934820153
0.016961549699788116
0.019338537082079874
0.02090966690972161
0.0185422548097249
0.019351442212420748
0.020228752736811892
0.01774059681904527
0.017382088915140766
0.015019924635289015
0.015054885649245868
0.013811849005012875
0.014859330391017351
0.013572181199511353
0.01381524668312268
0.015289370913847466
0.01706963130433066
0.017330593817836897
0.017560409226382172
0.01894063495907653
0.01822327698311814
0.020403737071199565
0.019761878995377083
0.017766006953084633
0.016863007595602105
0.014619258441406009
0.014324864804474374
0.014164882343639093
0.013124034123799689
0.014689056511115458
0.012711243653283603
0.01601388750225474
0.01673142019572491
0.017581579197615035
0.016599316444514144
0.01887281855720751
0.021171266102814473
0.020189990250938674
0.01899327039577504
0.017796442036859414
0.017514965567518723
0.013811286164306385
0.013204410826550078
0.011921414548621846
0.013151686233524267
0.013534217466724148
0.01376459089039113
0.015306770620524636
0.01713844880810114
0.017347372810037315
0.01846405187144258
0.019090813977713193
0.021616433394254654
0.02302956268141333
0.02025140558057486
0.01991429295506443
0.01576573339787607
0.014172882157036206
0.013013054759472112
0.012152838213807315
0.01100151377401427
0.013604565636261593
0.014603908932636264
0.016034642955943527
0.016367083282934056
0.018551352588016247
0.01954451988896974
0.019404176606743602
0.02237639709901826
0.02020542836581956
0.01975260442559067
0.017577926122276703
0.016909449543359364
0.009812695698583429
0.009284948547171785
0.006973028056825148
0.00969778728954184
0.010417496252965312
0.014101505708138395
0.014613706041195282
0.016804652600764833
0.017870351811604346
0.019981417357396423
0.020661378537763533
0.023331275732503907
0.025434595314853734
0.02276626832412846
0.022390714344399855
0.010826577928730709
0.007568165987743147
0.0027108268665807507
0.005172301757861549
0.0045527507452202244
0.008421605265187768
0.01092447757747515
0.01367143834609432
0.016966014133927718
0.01789613221733498
0.019784154049843135
0.021578416080378117
0.025660317948478593
0.027565437655276134
0.02483161286837382
0.023060105654042828
0.020048639794630473
-0.008388795444976336
-0.007128074733798331
-0.00822640978819094
0.0006578011810478078
0.0036430911701197666
0.010329061915358404
0.01212891376979522
0.0159065065049741
0.017201858294154528
0.019491806914286893
0.021543762853932794
0.027881219260302053
0.0335389790430751
0.038300936434801876
0.040057518268945214
0.006857414758932768
-0.014269061627271174
-0.04628644979408874
-0.018833654659227015
-0.00985993040120186
0.00132076223393687
0.0064683501619367334
0.01166779250543614
0.01528939131160832
0.01857813830379379
0.019902587642407127
0.025676212072958088
-0.03974707359923041
-0.02427965651474663
-0.033234023772688887
-0.019793274235272395
-0.015805748955519366
-0.012938422099386924
-0.014340055785740735
-0.015488691861353406
-0.015866336945911858
-0.019413787416349193
-0.022143746603872846
-0.027565415547112084
-0.035452076492838
-0.0399088075500369
-0.04932300744125127
-0.03940463071645183
-0.0247283229430122
-0.02565772177851375
-0.013163699460464605
-0.014917937908884932
-0.012169272125007341
-0.014683915200731985
-0.01280375373868551
-0.012982134989964204
-0.015169800415272182
-0.016300533932975893
-0.016878065622237152
-0.0210667804438648
-0.022507975953795355
-0.030312554816866153
-0.02977557009109273
-0.03322617584627257
-0.020329328172245493
-0.01646125859744443
-0.0191331623697083
-0.012124195175795672
-0.012428686683286677
-0.010471839495638081
-0.014301098192446876
-0.012735217695823652
-0.013380509246009512
-0.016358062852149767
-0.015220636274762177
-0.018171535041413563
-0.021226742810121393
-0.022150435734866677
-0.02422854045930513
-0.021686409988650533
-0.01777858910036484
-0.016670289480557408
-0.013137926528815489
-0.012278573264739648
-0.01134479646595977
-0.010019099249462905
-0.012915401584806514
-0.015140837270235625
-0.01461450285958955
-0.014272992297660766
-0.014008638768907282
-0.016231338705907577
-0.018494656468800667
-0.019535733152815205
-0.018298895310319495
-0.020444807852417368
-0.01731809551385636
-0.013628887522278378
-0.014716033864145165
-0.012081236510387842
-0.010689024690361577
-0.010662175662317494
-0.012721525218132815
-0.012187385010898694
-0.011210666417599076
-0.01272590427810188
-0.01439489326071737
-0.015017256856466996
-0.01604992242404561
-0.015653167125345542
-0.016828906062252257
-0.017623906920951102
-0.01757636962646069
-0.01709497982739737
-0.013679232346251626
-0.01333803187169589
-0.010587235459734582
-0.01102127573402101
-0.010596001846488134
-0.010297298960090302
-0.012060113315026414
-0.011582023067251958
-0.013382652317066096
-0.014857669009869743
-0.01798366420892574
-0.0165584667643709
-0.01633347117439344
-0.018535582756366083
-0.018869330648173897
-0.017367096701259317
-0.0163363552944092
-0.012721747279683624
-0.011921106855767577
-0.009730936030154817
-0.011220728701889612
-0.010775070878849845
-0.011577611835325491
-0.009559170014475461
-0.01395616625488968
-0.017982796695754276
-0.018734306475076526
-0.019588619002401563
-0.020542896056381633
-0.022250587163479208
-0.024191378701686646
-0.01963997209665681
-0.014472576785803977
-0.012429983031417955
-0.011510431131110653
-0.010919624359426502
-0.012139717877331854
-0.010219498277590281
-0.012351484082044195
-0.013857431703575864
-0.013638346843466919
-0.019192420742554957
-0.021740321241482542
-0.024703678006443665
-0.027596903114431387
-0.02666979729962683
-0.03401381663595887
-0.023268461993818115
-0.01731056688429857
-0.01320162457376413
-0.013323827548187648
-0.010650413283659038
-0.011777336576195258
-0.00981517395373639
-0.01300421098812517
-0.016891506553128627
-0.018272953002055545
-0.02203802609184219
-0.029375229963237052
-0.03432770366907729
-0.03663406287100101
-0.037604168850041274
-0.04384666588789086
-0.03044565965614067
-0.016864122747180188
-0.012098627560453996
-0.010075595148179862
-0.01143750352227587
-0.011864518183969152
-0.011390158590185145
-0.013060019072843484
-0.01703610189558516
-0.020730359360139016
-0.027629056441822473
-0.03583163661846255
-0.047550449684492534
-0.05914766832494961
-0.06293129281075016
-0.0842164445335256
-0.023597965347284484
-0.010619974345130003
-0.0038675211918491005
-0.0089360693366826
-0.007803934873028388
-0.009875477467899556
-0.013354701128670026
-0.01745056050181309
-0.01798326197824845
-0.02600097212291756
-0.03262373315129276
-0.050510292740015485
-0.06721504344696728
-0.09565045614746599
-0.10907621698355408
-0.0711955783687891
-0.007520281330865055
0.017425452147051962
0.002370109893104299
-0.0022188851710252524
-0.009534338065292355
-0.011581746756032347
-0.014757675811568872
-0.019020243445363752
-0.023356580316475473
-0.02937885328879466
-0.04180443123007103
-0.0607665183663217
-0.10668084761853654
-0.16661462183733583
-0.2273141333387962
2.1512252747029224
0.11465590290865385
0.05994255101484925
0.030835877865284585
0.00013533683278455448
-0.004914558014348762
-0.009852321706245606
-0.012210914809087568
-0.01818208488832075
-0.021109699571361815
-0.03286888301408922
-0.04754489831500439
-0.07900763086494071
-0.12244381824426656
-0.26934156636642853
2.091802048870785
2.0545502649352305
0.5894790389988718
0.04817700125330336
-0.0035739599084251422
0.0006852019437187764
-0.00951677517487045
-0.011777269971903113
-0.014651742962809763
-0.01648228568536278
-0.024557254824187025
-0.03144097662127409
-0.04502632178617048
-0.06819895841311531
-0.12608253189141344
-0.18887901579628882
-0.2852612454959519
-0.12378536547490597
-0.08563837233275122
-0.04291916348258799
-0.002220775071648536
-0.014184612997225473
-0.009170092717527676
-0.014225590016895771
-0.015855184708746972
-0.0165928946260153
-0.021252128152401503
-0.02978776797561286
-0.04063818357778157
-0.060016593749601096
-0.08505391841331351
-0.138117859255745
-0.1404621882974873
-0.048820916694823614
-0.04057956497332662
-0.003363587373631492
-0.017529828195089858
-0.012060184581909529
-0.016777492539378165
-0.014027134373657234
-0.016580788704855246
-0.01568378318959147
-0.019823113620946842
-0.02493025933063862
-0.03199407066662013
-0.041194223023060875
-0.05860489311006166
-0.0652349031163849
-0.08871318173614076
0.006659975106154996
0.005269521630518581
0.00475136430867588
0.0036266787812095167
0.004155281551299835
0.0029836564837074048
0.0020391416247985757
0.002297692175507321
0.005822687142030436
0.0046508233694412485
0.006834776474235379
0.00810975996022911
0.008353356466995357
0.00661083913831513
0.006733146686120624
0.008102123344765401
0.00792633824950576
0.005830138899950696
0.004735627593758469
0.0016505267730830952
0.0031736265106470257
0.0033553456199033687
0.001160210705273553
0.002092779182310268
0.0024103351391134707
0.005614509317961374
0.005790896345101768
0.008001225067059877
0.008151894661061842
0.008459690737916739
0.00865873024254432
0.007069592952775322
0.009465226271343581
0.005321309858095977
0.0016790202524136634
0.001019116340805845
-0.00010815497751664676
-0.0006392562643573828
-0.0025403540503007253
0.0010029015654376761
0.0019517654728700628
0.0029789964002793225
0.006462758480653246
0.006830837738052505
0.008959464631514355
0.007629720896515235
0.008221034794945773
0.007496337089855506
0.005614160509249504
0.005665035233396432
0.000498362051350599
-0.002008678017002867
-0.004467048277779056
-0.0074289265626629524
-0.006376448828935237
-0.004693230298785082
-0.0001906434331696448
0.004417380834107141
0.006231055964196952
0.006858740625050535
0.0076754817945058505
0.006648198713281043
0.008735765461625227
0.006748065392150652
0.002641796402367475
0.001376004307203596
-0.0020066997541228803
-0.008945301133840145
-0.013718714449904478
-0.015448447439514436
-0.01706486804966866
-0.01369779688965061
-0.004563447901884787
0.0008947854224124027
0.004986705035016064
0.0048776048976965185
0.007809552353924386
0.0070143395723378426
0.00896349919973941
0.0063274684830755025
0.0026394155705713636
-0.0006620574653328361
-0.006901197532208435
-0.014847619780347954
-0.025288621796845018
-0.03717520648950647
-0.04004884073779391
-0.024769578618117422
-0.011617513960473197
0.00010757889657841963
0.005664899990504816
0.007722712473693744
0.006875346245637426
0.006666659314712366
0.007517634298490446
0.00609090522368363
0.001730339573287514
-0.005262865716298016
-0.011606161696735236
-0.028171951271467117
-0.04444943794799097
-0.06901689836054763
-0.08596345767818989
-0.061771530139857415
-0.008604912341990779
0.0059453211148681965
0.012592837888683964
0.008614905850008335
0.010053810342412801
0.008845798621688132
0.005597054946116347
0.0019488546712541277
-0.0029112813388409327
-0.008564120372323479
-0.01989131943328065
-0.03799500179299198
-0.0798526434378362
-0.1348675845089684
-0.203066083649434
-0.06292784795781746
0.009590322543744628
0.028352901511466574
0.017898914853055392
0.014169084140424396
0.008448076681367371
0.00703072729647991
0.004543726559054563
0.0005802250339819522
-0.0009300000761455599
-0.011624837020927148
-0.025502918695576065
-0.05459661921054486
-0.09508804617650259
-0.23033373810785487
-5.0697952020044506
2.9827817937759513
0.09495784063292803
0.06588822300757885
0.04257099113841958
0.016505407276635777
0.012767959808851669
0.008833646808095336
0.006795651489360289
0.0014132773518781942
-0.00446275147246636
-0.010612912504889842
-0.02244598590582719
-0.04523352740994396
-0.0972911559179438
-0.16326938680878858
-0.24968678470616132
3.543899849127445
0.5846859085603121
0.055065295230331546
0.011410680904025557
0.01657724286832333
0.008392903486523384
0.006602685883917741
0.0042888965675033355
0.002697392545819419
-0.0015479533157450572
-0.009156153274961639
-0.019090860574218785
-0.03671415031754076
-0.061231355959127313
-0.10819256960624599
-0.11767128126783997
-0.08967923055974812
-0.07062610836574212
-0.027039516763553952
0.013224423352250424
0.003265973821054273
0.00870927992532259
0.004774622345649386
0.0029416617715124806
0.0026744389991658992
-2.9664215409394348e-5
-0.0048314094100488265
-0.010550538334067355
-0.019458854715624464
-0.035010661242954585
-0.042249603556312014
-0.06262210251533075
-0.02645474680244693
-0.020129617640007907
0.013569676198681069
0.0002707203328308291
0.005800966624997094
0.0017905953140955194
0.00495882378638896
0.002793575485140718
0.0036491361386225213
0.0004524307592483197
-0.0020254141367461696
-0.007230235453208303
-0.014267803247017813
-0.018598335250028998
-0.026706880289704815
-0.017863335896085283
-0.017626396265224133
-0.0050964940730107
-0.014088775167711821
-0.0016845301443711774
0.00274702257378007
0.005835567205700027
0.004946141106516467
0.003721277950770292
0.003735790358028842
0.0032558181621823385
0.0029390352720186645
-0.0006158546783229488
-0.002274989892281295
-0.009380673069724092
-0.008867503723904213
-0.01200139009635241
-0.004468446733234434
-0.0057342812678339156
0.005725631979684059
0.003961503000765296
0.006445357598089525
0.004352545436613053
0.006362754435399891
0.006166177898532653
0.004263428893257851
0.002959842839931178
0.004137273736772687
0.0014996112192328971
-0.0009752599290666769
-0.0015205648060376933
-0.0035139212246210706
-0.0013610709619243844
-3.415979669776147e-5
0.003210779146882904
0.00041195263103239327
0.006895889148013259
0.006632939428657332
0.008665272296947099
0.005090764091839973
0.006388232808316943
0.005798415250935901
0.004953720121508763
0.005526808092103567
0.0035870601618889996
0.001561279540967298
0.0006144208695282652
0.001521763283709417
-0.0005868878579005419
0.001868750393814793
0.00298329806279518
0.0059147165763101354
0.0068403347667342984
0.007625945115218828
0.009033381043527479
0.006254491864384509
0.004144716528034978
0.004710682060985041
-0.020732594875397067
-0.012162165059330621
0.00784664719399555
0.008636765231480019
0.012750832466639704
0.012892430878302361
0.013237982012850848
0.013945650971546217
0.015128319387617151
0.01464607561081335
0.015201830551586684
0.006286459200460249
0.0018817453890014513
-0.2146731541644306
-1.2919632190679755
-0.1814301704241313
-0.04872380192589539
-0.008130365181869844
-0.002031701475283667
0.008457013263859675
0.008746312910413863
0.011470107139526451
0.011676787381017533
0.011460887966352924
0.010976972553049571
0.012058300599417376
0.005527394005642263
0.00017912658991989052
-0.03859611999792758
-0.0810257977361343
-0.2883920800611501
-0.06896538024921187
-0.02522164804112601
-0.016126762958627097
-8.42999535048458e-6
0.004008654771182866
0.008279802799010982
0.009936906014148945
0.01056329721392364
0.009954461189583628
0.010451091581930671
0.007178347185815485
0.005631401898768263
-0.007390426258043965
-0.019024265012221604
-0.06146851501147447
-0.07189827348379801
-0.06742320068112036
-0.02033451943976244
-0.0057797396719933255
-0.0004975310064716629
0.00548452574478204
0.00848132031336562
0.009318805192984178
0.009652621302973941
0.01095496703854719
0.00896330266620544
0.008172538925712137
0.0034475136704292695
-0.0021086434471309402
-0.015103738097542981
-0.02157957387994067
-0.03908862550455024
-0.025752936220178813
-0.005251258179682716
-0.002854966514391907
0.00324151206547036
0.006425643525706727
0.008907803808279173
0.00759252690433934
0.009664902038245082
0.00873257964148733
0.008942082431723264
0.008427631363025647
0.006120403576168502
0.0005264929814569511
-0.0033575745986237637
-0.012498192208048741
-0.01176391371538005
-0.014213331138545995
0.0010308992170579875
0.005261802532903853
0.004786676096916836
0.008592960371806872
0.008456922544655165
0.008481491947147344
0.009515098169209266
0.009708376821276399
0.009367738947936974
0.008765002162771781
0.0065726350294672215
0.00677325205184161
0.00227040402223241
-0.0003661908082677728
-0.0033124246030093634
-0.0004966048702241203
0.007149839086069267
0.008340420697824558
0.008391031212562279
0.008866721901187752
0.009604884589135157
0.009900092807228275
0.011222557207590314
0.010595939104966812
0.010915993755133923
0.00998490278323809
0.01066852824833371
0.008264381984922771
0.007586762754489515
0.0043046664432171994
0.005037947170872339
0.004364309114688648
0.010485347511418627
0.01201289418640982
0.010873842592878434
0.011592188590720174
0.010461538709110851
0.011748651267823708
0.01177072524864206
0.012261966451032284
0.012234399204100414
0.012595098881587751
0.012233524291111861
0.01323258885499119
0.011864183905192408
0.011251827247632592
0.00904324877355772
0.010434790970904025
0.015839750720449238
0.014451418637585074
0.013645729070716098
0.012740788892006203
0.013370076338212045
0.013125645029258256
0.012725949089944245
0.013370151932538262
0.013787830745279462
0.014774796437866118
0.01564473547557345
0.015126817775324321
0.016566313068065153
0.016099432843257853
0.01568253896478114
0.015300600461662409
0.02013554447709689
0.01963698759953589
0.015452866993465778
0.015393463591244225
0.0143861631626656
0.014392378131467109
0.013664272267665215
0.01596448110732022
0.014589364989993879
0.01626615094181783
0.01704636591745953
0.019882935754795383
0.020059143823820645
0.02229213180762875
0.021849131329398638
0.02151810765025045
0.026483468343210716
0.02206251871629388
0.020892869794426987
0.016797212265726925
0.017320512079617427
0.01564266938719105
0.014648538645668821
0.015172667089561036
0.016874133802952
0.019137371683417913
0.020924719516145752
0.02321314142507096
0.02731952593316627
0.028492527464738238
0.031747795741554743
0.028679856742252128
0.030783568963723036
0.027796433028425063
0.022344408489212778
0.020185361903655316
0.017515178040410924
0.017590256393430332
0.017790699335126274
0.017354499793411724
0.01824905371606484
0.021898711495404816
0.023825343023417375
0.03134801494247329
0.03393124551751609
0.04427816418805918
0.04154418628969959
0.041590295583618125
0.04395502030753702
0.030704166216462846
0.024673798147849098
0.019635392541418075
0.018742481160224072
0.016472219070449084
0.0166665449819787
0.01762410224042064
0.020902840583392288
0.023076952641151085
0.02944105364095048
0.034881918937073736
0.051268788739823525
0.059310468358407385
0.07128164352742228
0.05478716415232617
0.04909282452407965
0.038434725770104636
0.024557289061076657
0.021411878727255498
0.017712155509188796
0.01678849251743767
0.015445997538752311
0.017222804196884284
0.020808644210846036
0.02510873292058848
0.029623209697841435
0.04409093767938115
0.06273720318530684
0.10491974411468148
0.1041497807831882
0.09233940514770604
0.0711723584149854
0.03411107273627712
0.02603660143073895
0.017619895492071717
0.016838202382947892
0.015378464136782937
0.01694212728606644
0.016741921887288267
0.019944810733240267
0.022702483558168278
0.03349656347080839
0.04359919741616915
0.10663194217369426
0.12639960854513022
0.29282557016695626
0.09958311804965511
0.025384051397609846
0.030215302834711306
0.015357317290683034
0.016819949212784586
0.01415636472890509
0.0165301257666538
0.01587789010126957
0.017284174998202576
0.017548204987941324
0.021990374738709403
0.024006790911775492
0.04636563892652116
0.07352479540656189
0.22403424764812677
-2.3501918780864868
0.2289873174849608
