0.0004423424046122953
6.483985130619148e-6
-0.0038874682907781982
0.015624182122808252
0.01674636883714072
0.017062008362689462
0.01769054033583062
0.015481465174035591
0.0141636075004484
0.011606299037037969
0.010841425209665368
0.00990645147999961
0.008467784593716133
0.006865463048289464
0.006285945286329142
0.005416873087966613
0.006377713253636611
0.007162250354614033
0.010946447825166527
0.011920936039116915
0.01550378694522665
0.02138167763196534
0.0191168264385948
0.019240907218499324
0.017891639308155544
0.01695594179818598
0.014129804474267546
0.013082407682389286
0.010869181917096564
0.010498043553322085
0.00770056621017798
0.005743206213897784
0.0033180442125794025
0.0044994611993376225
0.001995420204832292
0.00572070406265614
0.008344493381811938
0.015250748425717699
0.01775666928300588
0.02448283668384964
0.02608418086617562
0.02263391150883236
0.02085510077968738
0.01649515439569007
0.01521359315277884
0.012598651539632405
0.010864054707563053
0.008711990073389046
0.006312411979907498
0.0024943552979055966
0.0026856658316337443
-0.000738204324924274
-0.001687345621401035
-0.0029949621286732703
0.008401975038552443
0.015178189410936755
0.02567492145184333
0.03922609225728617
0.03129361620541881
0.028242458650937746
0.02253787048017635
0.019511399459136484
0.016040239635203207
0.01308043535211824
0.00959561340966234
0.007505739299796277
0.004919956946213874
0.0014998158917509854
-0.003656982205220636
-0.006380716463613549
-0.015239680855872977
-0.010620445596033413
-0.007909790157526346
0.0300794267120316
0.033537430654421024
0.05236560789374764
0.044775837286925135
0.031844665319167416
0.02573261020769099
0.02005324727869984
0.017283460971730114
0.013314316296389149
0.010849015632249272
0.006778446615261422
0.0033997636287539643
-0.0027819766196911628
-0.007782352062079645
-0.020524013251898416
-0.028620793073691135
-0.051197749611259696
-0.013479213276089787
0.0371341279421524
0.075624754334034
0.09647428452586496
0.05339267979397178
0.040951800167653506
0.02865301921714856
0.02261432662026919
0.016500906224365317
0.01337145751896306
0.009243633023744395
0.005981423380700662
0.00029754365245855083
-0.0046501752546150915
-0.016747476871831236
-0.029004733690969616
-0.071516363760396
-0.09582452055335779
-0.19859763012184922
0.2287673495764393
0.11919875368347417
0.10479958124826214
0.06983911969599309
0.040123787275533014
0.03103681093844435
0.022455433449344236
0.01841761382936282
0.013830175919302735
0.010870608760802142
0.005732968292701745
0.0009837401338100866
-0.00805944494192737
-0.016469849232199393
-0.04539169572575516
-0.07928542513459852
-0.2735876358936609
-1.4055550163883712
-2.390833391288835
0.2988305300257055
0.09456125122018616
0.05304241627176105
0.04104839170964894
0.0274309362365767
0.022850344808899598
0.017063468645678526
0.013583180900440386
0.009243856796501576
0.005343000876407675
0.0004486188395512632
-0.0057596317958854325
-0.016796252988309696
-0.0286637556977496
-0.06912527692417818
-0.0943331095273806
-0.19667895771163443
0.21736176280554614
0.11618863452575248
0.049954496542093496
0.04444527103280175
0.0317545137092269
0.026187569722268374
0.020569128277655183
0.017167137882793813
0.013093918324325429
0.009814566363155539
0.006845617607359152
0.0031916118810611793
-0.003330752896255264
-0.008382900223677449
-0.02082937020701621
-0.027025810513830663
-0.049231940410909655
-0.01380665992986471
0.03608259919134729
0.07390771930021771
0.03910980332832629
0.030398306639219115
0.02821170547438701
0.02306525489157217
0.0194610371501843
0.014663919195208108
0.012461882579896723
0.009079021671929774
0.008008373780431559
0.00506822652142688
0.0016028651132862842
-0.004910887264484622
-0.007685552839521021
-0.01427826554119573
-0.009277800917999873
-0.007214496875600293
0.030391576058405534
0.03374669475279355
0.025464789110429646
0.026026149706426558
0.02210170399503421
0.021343898288360724
0.01725355276345187
0.015405400871697906
0.013382115843601267
0.010230987090111804
0.008561604813907603
0.006862069043491022
0.00324254480225373
0.0010858139737693721
-0.0021143171703832462
-0.001482156647469853
-0.0019270761032744315
0.008681969018932771
0.014399503837337665
0.02421695518138455
0.021178064765333827
0.02018256814162847
0.02120344418452299
0.018559973790085862
0.01600726922421314
0.014649444826103876
0.013659275140924675
0.011054640932798844
0.010575286076084938
0.008783081722502303
0.007286746976427218
0.004596287412710325
0.003828171268354315
0.002542357115601786
0.005360402075990961
0.008172634488116892
0.01474869265591496
0.017238077896619342
0.016879247974477783
0.01874016790359089
0.018175465221366444
0.01643931582848658
0.015050961669185221
0.014459776531212347
0.01195120181071685
0.011261420124522062
0.009051176582187738
0.009196129333903595
0.0077171554292141285
0.006629386821491831
0.004564443274980978
0.005654631702760848
0.007438524151176306
0.010452846504427966
0.012350740863867102
0.016203164623676845
0.015792590538373338
0.014651188043155574
0.016143873482575805
0.015261399095975962
0.015049688416352278
0.012770542287742275
0.0115245133608136
0.010557922640568485
0.010367089412439896
0.009417699855589812
0.008970791351687487
0.009349241105598885
0.007637898466462357
0.007444413802993855
0.010133268704247496
0.010126172160126208
0.012583488551807957
0.013607404782820484
0.014629901366360415
0.015022784858863492
0.015082064282997043
0.01464557958878179
0.01429465585054942
0.012403262486537062
0.011309063927783405
0.011493876188628833
0.010106313140235091
0.009413641767260242
0.009486486933967746
0.009753968891787508
0.008184780979086655
0.008806313326635548
0.009552014058207414
0.01158241578318158
0.011329496432410699
0.013046048013057416
0.01486940112473253
0.015393609353547602
0.014899234192157764
0.014355665687225893
0.014626621267992726
0.012500759638776652
0.011662303925359609
0.011015394798930617
0.011234350217272478
0.010762217548515883
0.0090938310959788
0.008367914229734024
0.0080542380486133
0.008777324385214537
0.010063725076577068
0.009936226604589288
0.01230428093070334
0.01200517649163871
0.012679503649375319
0.014342085108661433
0.014232489529440758
0.015095596805390372
0.014049772614704128
0.013487734491552385
0.012292226376396926
0.011732123407441302
0.010681898082226688
0.00928912080709924
0.0089041371369535
0.00884290471894935
0.00689095042735637
0.008754466179453996
0.009183800501552078
0.010980969610454706
0.01155134624291803
0.012691173201210021
0.014422135150505052
0.015174158308076908
0.01571734487643095
0.014483505538273074
0.014740676822147152
0.013130164076656998
0.011911078637098515
0.011509848526815825
0.011292308973341452
0.008571725878773695
0.008159685599957832
0.008084266424497262
0.007922281698624592
0.007483384029328898
0.00953543518270153
0.009518067729706432
0.012494303742449997
0.01371007381281582
0.008279376932114507
0.0029654888044727667
-0.0034286894010757954
-0.0037093111547005556
-0.005513447546419604
-0.0070686670867599905
-0.007241794337463972
-0.007141794953105806
-0.006162059732925023
-0.003613462498063211
-0.002483083850886396
0.003993797577038543
0.00793192072951797
0.021793653747162637
0.03127888926771599
0.0481881919938765
0.03083515088291748
0.02261009962071067
0.005671659549619719
-0.000642831705124707
-0.0019963193580463693
-0.005706667407841513
-0.0057519510715817205
-0.007052425024733237
-0.007098510680779581
-0.0061617705590418246
-0.005675508468239392
-0.0051020610420717035
-0.0023166515343752423
7.334880140626565e-5
0.004857572426438474
0.009890243479284584
0.018663335985594495
0.01852857433721332
0.017945073284167747
0.009696126506641
-0.0011347397564314596
-0.002749013847141003
-0.004303314224921513
-0.0061868533919008
-0.007084041934025178
-0.007306762892043462
-0.007107968210221926
-0.007096583049598407
-0.006586528411880228
-0.006012127124161995
-0.005037380079749546
-0.001976856191940208
9.870953138942703e-5
0.0040390528368301525
0.005970798090843434
0.00922333015844886
0.006143674462075893
0.0042875879341068065
-0.0021308880805299716
-0.005658110132361182
-0.006932675353467218
-0.007799720012960262
-0.007760317145806621
-0.008263906355469142
-0.00722651482023188
-0.007101151973864638
-0.0077509047449355675
-0.007835532674982887
-0.006332442597490642
-0.005881681913088146
-0.001768898330539682
-0.001746674538233824
0.00022431336887264832
-0.0003923888796922495
0.00013406044780346887
-0.0031352944129620685
-0.006277052507342365
-0.007120467956112982
-0.0075687358036478644
-0.007488012843363395
-0.008764869180642385
-0.00842914261548723
-0.008707469718396043
-0.007577756190669067
-0.007269671242491296
-0.008160087645089574
-0.00756355351651515
-0.007122577556700986
-0.004984949913956462
-0.0034666972934045666
-0.003658133546140449
-0.0036006550415636843
-0.0050600512128411235
-0.00526637561330152
-0.009094308538240291
-0.009739004545282728
-0.009385431560252478
-0.010211299202762252
-0.009420841869778577
-0.009782789155017214
-0.009207126185176003
-0.010060039371565443
-0.009215154935985133
-0.00889106483032976
-0.008824122776663246
-0.009199191776178613
-0.008492844620328326
-0.009013309441871184
-0.0070430843999102575
-0.0081736990129627
-0.007574378334224624
-0.008237490364393687
-0.01266188600798622
-0.011326664999818796
-0.010920587087673937
-0.010797544741465458
-0.011120457075987425
-0.009533122199007031
-0.011075896119403152
-0.010287646663444951
-0.011930687698229778
-0.011192826647561006
-0.011161518103457158
-0.010974513554678716
-0.011353666688294135
-0.011105985033748602
-0.011253514449209646
-0.011275823624419628
-0.0113236864434534
-0.010759869786570597
-0.015509012187265615
-0.013600628769416574
-0.012784130366295835
-0.012659944025714126
-0.012416548166757404
-0.011466732958409291
-0.011526436675912676
-0.012698549510872046
-0.013227229449546428
-0.012570664279867257
-0.013702428782598378
-0.014043071124918979
-0.013402501823210912
-0.014689598591171766
-0.014106033946280423
-0.016048224624785022
-0.01573379804610593
-0.014333489896929504
-0.01954357993537061
-0.01526470497265472
-0.015118212955588675
-0.013143464339763098
-0.01279808550627884
-0.012942796644013009
-0.012673613656598944
-0.013500243798527656
-0.014085357392961377
-0.014050964163525453
-0.014819854508012069
-0.01620786674846147
-0.017422762862290518
-0.018201081270931594
-0.020993670030878122
-0.020339523202521494
-0.021566973255991963
-0.0190638650973702
-0.02167651719083954
-0.019306044543214128
-0.016282783717443808
-0.015365008547188438
-0.014197607930845667
-0.013211222003355666
-0.013300756696765932
-0.014278802761965406
-0.01338779517815853
-0.015185066341560985
-0.016516419980008742
-0.018675307527110906
-0.020164020018343724
-0.024223700506292193
-0.026788575344330736
-0.02929692762625919
-0.02689102758199922
-0.024324957248977264
-0.026479740051772928
-0.020954163845768405
-0.01772781901921146
-0.01544634496048686
-0.015179248583188268
-0.012892287542344645
-0.014665820213830038
-0.012893120432907444
-0.014792719085857388
-0.015239239916381335
-0.01799014837904436
-0.020194033678713058
-0.02618695421102872
-0.031111787987014722
-0.038974099120521244
-0.03821522069422819
-0.038983960431176676
-0.030739245594457107
-0.028960298453815748
-0.02480538524295049
-0.018143208022641955
-0.016600174321378624
-0.014695227489645314
-0.013414851769202915
-0.013530137659214798
-0.013450364400602608
-0.014615138132001798
-0.016969774455470522
-0.0178782112999349
-0.024259415788295612
-0.02883991383527438
-0.04364287479878777
-0.05186269271434024
-0.06879429549717822
-0.05258897784529768
-0.04364329163701217
-0.03709119353670814
-0.02337005905415064
-0.020034586990080587
-0.015232983095219999
-0.013961754005528291
-0.01242342222098329
-0.012049944832977043
-0.01220461123859441
-0.014267437800012285
-0.015671735613854848
-0.019597963084812278
-0.02410009400491563
-0.036656843029353764
-0.049108219530613915
-0.09308178237801247
-0.10395326230232377
-0.09463571382225407
-0.04957422178191842
-0.03223582607095596
-0.023872143988453207
-0.016961474170549322
-0.014856264975697973
-0.012021669411390063
-0.012596006561192518
-0.011786461291902946
-0.011554918601919173
-0.012983146534791962
-0.01531724066035726
-0.01554785513772977
-0.02350503652849581
-0.031155848605298537
-0.07058228112010265
-0.11511199118428352
-0.29883458727950923
-0.11675122720058662
-0.07317772358131065
-0.028951227148734708
-0.013488258871496657
-0.014216127200365154
-0.011111758693829177
-0.010758510558376304
-0.010536610881756291
-0.011599008395009401
-0.009802737900964864
-0.01184204588254427
-0.011076428748566718
-0.013532560775101598
-0.013785148309278792
-0.028912965836238633
-0.03324398774148695
-0.21835051763410795
2.151532404485784
-0.2244280735682056
-0.03443622573869362
0.008134091009033905
-0.00696507386263736
-0.007355786563583242
-0.009771505017052434
-0.009061138287586264
-0.009557342421707795
-0.009579257954737318
-0.010009889578445461
-0.008944060403969323
-0.009805547241602746
-0.006297701239057381
-0.007279038864301597
0.009288401715356259
0.016199382155760174
0.1948385871316307
1.1834412601943032
0.1981973238324263
0.015901285974569915
0.011426719088997724
0.003700711189694931
-0.004599755223893136
-0.006023816734541343
-0.008412724448436932
-0.00902338402893724
-0.009167089947673169
-0.009171965905491098
-0.008659166368667464
-0.005589074891671217
-0.003932628742945839
0.0033454081530605645
0.011791736965795158
0.05074342463133023
0.09597160727918015
0.27276979826999426
0.09715718258649755
0.053531372736685214
0.01730107924978507
0.0024844909131732083
-0.002132899675389142
-0.004636729742653582
-0.005708237207740953
-0.008960969141388319
-0.008402323466137456
-0.009086614668860238
-0.006599220197447747
-0.004694188610373826
-0.0006450668106174589
0.0036700253219725774
0.016730143123034957
0.02927272424760374
0.07126840273779336
0.08277034782800552
0.07266115501689513
0.02962080361060228
0.030167618897064527
0.007832383860757002
-0.0016679469324094396
-0.00938992601986536
-0.00813867236694173
-0.015310947967717486
-0.009043323613660136
-0.01606034191759125
-0.0111485734710133
-0.0035834053837843615
-2.5750430664701982e-5
0.00760855784007779
0.024688165909384434
0.034438376790756564
0.07036470979057288
0.07950553323567555
0.08611225481759426
0.040486904753013926
0.012400661064353868
0.007553586916974421
-0.008041817425883712
-0.00921088316547266
-0.011739915624209686
-0.01427032197981819
-0.012546559939754636
-0.010444978034470241
-0.01525864776236484
-0.008902567225816596
-0.005232301792994842
-0.004502746973735763
0.0032004734289313
0.023583125810651227
0.02775252076186515
0.04470165533306294
0.034687007725968964
0.028649125436206554
0.008371697824481054
-0.005427398139762887
-0.0010991582662266742
-0.015217026335394901
-0.025858133913019003
-0.028410388975262185
-0.018431306970812557
-0.01016788912549487
-0.013596012562163286
-0.015870196842251702
-0.005528680757054237
-0.00608327639083373
-0.0011344813922004168
0.006700079566950819
0.018194255673210452
0.012365790312981448
0.010137370511040047
-1.1411469722498544e-5
-0.0020352062437059754
-0.004461220913718918
-0.014318011868009501
-0.025981358397365324
-0.017142539512770998
-0.022520262641281798
-0.019050045332524565
-0.007305897037281632
-0.021402116404278748
-0.02091744706400203
-0.0029850925383624275
-0.00045753902869612607
-0.002556078381611604
-0.004446136588778313
6.626484373470918e-5
0.0023286841722278528
0.004083960854335697
-0.006520210682056736
-0.007005179736988931
-0.010541694207362319
-0.019546759350673685
-0.01933902599518758
-0.02144728477659529
-0.015333983712237096
-0.01535453970299729
-0.008614715256549815
-0.023168369727073316
-0.01980937586057707
-0.01458409660075149
-0.016775009925741945
-0.005717296837476744
-0.009201403058592288
-0.005940089141324715
-0.006411421635648104
0.003333153676557969
0.0027204962798249585
-0.01062970036164833
-0.007396656852550509
-0.016267261241592695
-0.01738523299830427
-0.026313902782716454
-0.020898692576765975
-0.021110707839367377
-0.012598434953782503
-0.028741906970248674
-0.021453106826132315
-0.028718906221228784
-0.016307210968301997
-0.015013576688025547
-0.01829230815598732
-0.014863426409519515
-0.0168303270670011
-0.015081502313395409
0.0017060346423168442
-0.018145038847926495
-0.01682990042290021
-0.01821739219544826
-0.03122762201882633
-0.03126791754270709
-0.01644914201840811
-0.021730523897396554
-0.029073109060287292
-0.012723735252277312
-0.011149755469365077
-0.019063794877960446
-0.018246705083001042
-0.01319935060108206
-0.016371968365494795
-0.015459598722498238
-0.012791196191295639
-0.006547887651034785
-0.012329647241382594
-0.014058550845408944
-0.016287643613217894
-0.009346047717738048
-0.01903820727561205
-0.01368702825858686
-0.029556518603578982
-0.024393672351856695
-0.022299652348358456
-0.01762676094682742
-0.02329238936833864
-0.02162670258871418
-0.02489611042730323
-0.018935550624801595
-0.026546130950370186
-0.008410592184463737
-0.00379687764377532
-0.00811786388048627
-0.0037282959685677724
-0.017621792479282
-0.01405693632962497
-0.020281502230921136
-0.019817432372629326
-0.018040047335340287
-0.03288351583689281
-0.026423937219997605
-0.028972552985813582
-0.020103860379969564
-0.020197072787790087
-0.0164371373067679
-0.021141080808375075
-0.014471271410384585
-0.02537674533157971
-0.017985969359250575
-0.01141674308333182
-0.010652526229404722
-0.011041558242892408
-0.014568024798088724
-0.020568652315723596
-0.029032004694611042
-0.014079770086409352
-0.017441373597509253
-0.03143742289038919
-0.021296488417028213
-0.01795876002736911
-0.022845131181332946
-0.008803162679233085
-0.015636642323517087
-0.019797624850691777
-0.01710845642847949
-0.0015909496636542456
-0.01221486585330847
-0.0027088013292545982
-0.007435520545067766
-0.0032380786476386416
-0.0010563908641331781
-0.009289110392404466
-0.016844164724424536
-0.016716208784718654
-0.021382194692946697
-0.0274191506940367
-0.019485096628941934
-0.011322828316662927
-0.008096426220412683
-0.015551310337845473
-0.020456295176526702
-0.012146121834236686
-0.009527588298355759
0.0039037453386339296
0.007775589727709542
0.00253005473214686
0.00022723452699777592
-0.0021241397806568154
0.0075406094298645695
0.00564775215491302
-0.01021950983575586
-0.012318676089725552
-0.01578667859899998
-0.021432183471899322
-0.02259634817265248
-0.018677034501781847
-0.018533498250295734
-0.011929645609651113
-0.009531332741328957
-0.007260965261019372
-0.0017169722107793913
0.00941834024682731
0.008409269274963601
0.024218555026291163
0.014042250500651526
0.014128974659079436
0.022248552613396443
0.004558550591937988
-0.0006073769846506002
-0.014535304944671857
-0.014210487082768695
-0.014589029206378657
-0.020294587443264053
-0.014228738570021078
-0.01502152336101831
-0.008773458657732946
-0.0009928414001518675
0.0024260172015250696
0.018826381563795146
0.023756343988993987
0.04377840449207645
0.031849180631185005
0.0567621803361941
0.02818322536359946
0.03920773611556811
0.024659785280618626
-0.007780607718508717
-0.004530637534757042
-0.005829134108436419
-0.01604959787672674
-0.018176061650259513
-0.014497096621016498
-0.00973880365987335
0.00018947957571236926
-0.004498771964402286
0.0046920971168965845
0.0103892409251562
0.05486199228179553
0.03309827473569138
0.0907733771998494
0.18452488131520994
0.0647096261476658
0.06629521803363528
0.031404684858315914
0.006267040637706858
-0.0019608868133785973
-0.004492945097082311
-0.010752371682746047
-0.011641692536296405
-0.00924818897047424
-0.015668653061291043
-0.010061037302547381
0.0043915754072889794
0.01196058750406036
0.048887591382773
0.06417559469651127
0.1853290693137391
0.7229235105467064
0.11804740459190405
0.2146961259641435
0.08035124280435853
0.03943113891381085
0.00759879790042149
0.0018579213388892762
-0.010623517170128069
-0.00780050728870864
-0.01479720862331909
-0.015018776356502356
-0.007517051193907721
-0.0025230588687488913
0.007145562703469489
0.029210399490830322
0.03094427144122531
0.20152354278107457
0.38663130372693705
-4.289828502872604
1.0852316256902788
0.18753907140139806
0.0826067570487006
0.031027369472847607
0.015658541529014636
0.002094434524410053
-0.0006802121774429862
-0.014844286476996534
-0.013649553110682729
-0.013931771901483144
-0.01057904020431578
-0.0049670517970862365
0.012223395003317001
0.010513252606874728
0.062121462737502596
-0.033099526251090895
0.4345373605147995
0.5211624517887773
0.3797497034648215
0.1240810004127115
0.055882475218555376
0.033745412095339926
0.008506675448052567
-0.008900429580198264
-0.012565531758075477
-0.011454378590286803
-0.010572044102515792
-0.010712098863139658
-0.01653629744129927
-0.0027733740159280656
0.012523639695242835
0.014041515835827325
0.024861738290181016
0.09138501143736384
-0.0049195050766793254
0.29083730456142165
0.15144244824386516
0.10946959762524004
