-0.0002606259732781814
0.000230747871719068
-0.01034920691962553
-0.00373912339628137
0.0005721623448985936
0.0006928088564928998
-0.0009222535745445127
0.0007831115232762514
0.006651800868116422
0.005439832478279092
0.002749875540260085
0.0018056835074945468
-0.0006981836716552708
-0.003946636625330282
-0.005084870568740172
-0.00698315033654636
-0.009532307746657049
-0.010244808957118514
-0.013656319378516715
-0.01655270660437621
-0.019442446781860315
-0.019988818400180075
-0.01904505143197405
-0.014045719457006906
-0.0010867833152239667
0.004754320609192035
0.0019675842713080633
0.0019119520568912718
0.0014060918839319057
-0.00010056925520738209
-0.0006469508117968026
-0.0028598663620430023
-0.004953926410367589
-0.005910110118913639
-0.006530138340080686
-0.009335439994124726
-0.010992099404536227
-0.0129940448815156
-0.0153099879700967
-0.013208923906742928
-0.012203055643903069
-0.007982386843596133
-0.0038012322737337317
-0.00035066095065544394
-0.0006422054480095007
-0.0006616559160811477
-0.0011099954386049105
-0.0013851165665980866
-0.002454733289560409
-0.004351441492609417
-0.005130087286072386
-0.006166647493842821
-0.0077095447943402945
-0.00780572294047256
-0.009355642299730509
-0.01025012879045249
-0.010284880567480361
-0.009102768652475243
-0.009985561365298873
-0.007609138520462147
-0.004764459405769169
-0.002687158616831912
-0.002547187688211128
-0.0004469626145410508
-0.0017334953148952364
-0.0010715202209133643
-0.0015053583512058665
-0.00365347120888568
-0.00485952170656248
-0.0053208937687309575
-0.006424510686655643
-0.006157649472466738
-0.006998084974174713
-0.008354171579049153
-0.008425638026128226
-0.008690844381748908
-0.008014320399563636
-0.005638822653709622
-0.004087138785070129
-0.0035299579117861776
-0.0035991831040454053
-0.0023110049878054336
-0.0027750210451703465
-0.0021653903109729125
-0.0028808660044154365
-0.003725737695951387
-0.004416196746304136
-0.004828858666710784
-0.005416327412792377
-0.006581101218590311
-0.007542252905824147
-0.0077126117748076125
-0.008404437445848711
-0.007317308787001049
-0.005925569522470473
-0.004825122906455847
-0.004727586326161755
-0.004580753982996168
-0.0023623897574743076
-0.001477073199300759
-0.002104320107378482
-0.001801161221582633
-0.0029920041295538055
-0.0035464919312802844
-0.005389511071992782
-0.005143808289762789
-0.006370643921153273
-0.007209192207623006
-0.007512986749933337
-0.006815904944422353
-0.007544824433877778
-0.0071019710328845955
-0.0069357215350477385
-0.004142317502163843
-0.004900033917920748
-0.003405031791865527
-0.0013535550356190077
-0.0009361063448997724
-0.0012773389999119187
-0.0012619358782403618
-0.0031738421388805465
-0.004124380486929268
-0.004573310605121479
-0.005311487069165094
-0.005849308496042103
-0.006293333401281259
-0.007533666885149809
-0.007492211857461394
-0.007363148566904523
-0.006136437173140694
-0.005189583095526769
-0.00473802455282512
-0.004667125166582313
-0.0023759563900179
0.00025883143922994907
0.00047632535129010686
0.00031389093551042617
-0.0006609458744483772
-0.0011879212080326768
-0.0034838538773715347
-0.005554672601577839
-0.00560685984689584
-0.006735507871703505
-0.007295958156852831
-0.007505995358946319
-0.007004203558468989
-0.007147765727109767
-0.007353463555058474
-0.00614740888469192
-0.0038207848318825752
-0.002176122901398813
-0.0015480055088236586
0.0031284890499352195
0.0022518410617628558
0.0016959681281248735
-0.0005546834059825809
-0.0006591740171301318
-0.0021674977979065997
-0.003426713597344227
-0.005618015807833994
-0.005332699654670116
-0.007110679721735385
-0.008411747256610392
-0.008109789449816392
-0.010090878565994325
-0.00976378950701129
-0.007178566333852129
-0.0032574923542741953
-0.0007217994375569742
0.0015000718102060693
0.005585740332827388
0.006009811086631894
0.003927380785510684
0.002501122936200082
4.5964384422622216e-5
-0.001420145876966443
-0.0036123289610294172
-0.006486796392208727
-0.0070092850796418735
-0.007767910991726196
-0.00969697036269689
-0.010524938738369807
-0.012067636962455474
-0.011133650909333914
-0.0069271918461692875
-0.004539163212020249
0.0010629000222565697
0.005580131688741197
0.012075294760972513
0.010255537548942999
0.007259908886776397
0.00414077761461303
0.0009237937059036318
0.00028276043142089956
-0.003557897280679404
-0.0061098139977986245
-0.007697307124989102
-0.010410937223879615
-0.011952677416081248
-0.014432573409982155
-0.015275860363517385
-0.016513108838902526
-0.011402008614985262
-0.0031012861454129334
0.009109767306073418
0.013252083596215462
0.023974909309477047
0.01805991955371989
0.012174612363767509
0.007313859595065106
0.003960820233664868
0.00041533047780877247
-0.0033449208975923107
-0.006594070062592086
-0.008171349473145241
-0.010849459730315982
-0.013466763221840997
-0.019016934184045174
-0.022441964013708675
-0.0266135897309099
-0.023505025448355206
-0.005799142145354504
0.02376102964541271
0.027031537103709976
0.043094042646964016
0.027730303317857478
0.01579049155978978
0.008828226601725315
0.004352573031424493
0.0006790419285270365
-0.002755115445211713
-0.006143253501288249
-0.009803721820643048
-0.013935114197839134
-0.018024918010293454
-0.02415131627311653
-0.03485794025167696
-0.04448144378442715
-0.0554850534688945
-0.022111297100439527
0.07412636418310992
0.07021748521799485
0.07588039250177384
0.039025963674788534
0.020104721439795012
0.011294800892101905
0.005306162337006573
0.0003835865973133366
-0.0032472758633258557
-0.0077736634894990785
-0.010795783515154842
-0.015066260286778422
-0.022263427443581695
-0.033311135732492184
-0.04931925883341303
-0.08790591841858489
-0.14922747692463545
-0.1802225980963711
0.1965428432295415
0.1359235056182696
0.08278440588440024
0.04185760629934154
0.021508533004098884
0.011612098438289187
0.0062763268446229935
0.001448490296069034
-0.0022754587872199227
-0.006463746892012808
-0.011416411171892465
-0.015788937319535408
-0.023108980160026306
-0.0350686679130201
-0.05981127184438668
-0.10627637992708759
-0.35093131016837464
1.134016955006404
0.5813584407810249
0.2015749493538012
0.06425045707192507
0.034568081320249494
0.019675848327968325
0.010444177895952499
0.0052732261653785206
0.00010814244306772377
-0.0028947487984395813
-0.007259874105024704
-0.010691158010894949
-0.01684548958178435
-0.02326314561931114
-0.035113889856401174
-0.05450970733913413
-0.09217005689721451
-0.15533020017315446
-0.16977121193237873
0.18368146706174082
0.11618007067578603
0.03449910405207695
0.022297375509708336
0.012862749045300005
0.007522655413047741
0.003424637053914178
-0.0012404371575250352
-0.004100006265793849
-0.00614385588673332
-0.010089278032495996
-0.014096644510135923
-0.020785787939874126
-0.027115633569960686
-0.039186558296847654
-0.057266944768180776
-0.06984827617313738
-0.0519175755489277
0.06276984593387014
0.047873651956767085
0.01620075334648224
0.012371622592628426
0.007776058414526619
0.005024483880273564
0.0018973138816798117
-0.0022302819501188362
-0.0047173415153746925
-0.007433534521704723
-0.010842063264466644
-0.013082402769252334
-0.017387053175406193
-0.022028808096376053
-0.02717759318730417
-0.03248408745307586
-0.035312566264016756
-0.01563465479644083
0.005351465933579372
0.017125770002528354
-0.00013739677852055209
0.00039550047762083624
0.0029202861516772244
0.001549778814858796
0.0030253849656341576
0.002781165965852704
0.002226249687917723
0.0015363725870337114
0.002360352051540768
0.0019830108736568933
0.0013882233959906128
0.0015807963373878906
-0.0010172094609504963
-0.0022173111039883227
-0.0010765632351258034
-0.002613068001159661
-0.0008565330085092565
0.00035992528437125867
-0.0018719584449517711
-0.0006016173430715531
0.0005378690822314524
0.0016367496406918798
0.002017941462111173
0.0021607690896307255
0.0030031355471426407
0.0018434863246828198
0.00033020451210829757
0.0001919945694023306
-0.004339018737201391
-0.00448728609529825
-0.006581582074527488
-0.006463143978079753
-0.005391588889270883
-0.00427899788668003
-0.0037556415578753263
-0.0018880471123359894
-0.00222628760860637
-0.0011341438464427356
-0.001313737426091429
-9.010387928782048e-5
0.0015072750330472296
0.0017768465721005617
0.0007877205079137436
0.00030084366891311296
-0.0012852090517432833
-0.0032544641989123795
-0.005423708093780802
-0.008193006620260753
-0.010177844006371548
-0.013937681283124975
-0.011181826900435898
-0.009310179196656568
-0.008289343592245141
-0.003942388878046623
-0.004590885582650779
-0.0032946910844193623
-0.002961065583989202
-0.0004281796509845339
0.0010906079802438554
0.0022546834745106018
0.0014574500059216238
-0.00030558856088415024
-0.0015843023832115195
-0.006385732980912468
-0.009623747694540271
-0.012658516906157371
-0.02050233441352427
-0.021866354496872385
-0.02117345497064842
-0.015068160654952593
-0.011799833946730615
-0.006699947774446447
-0.005768932249356597
-0.0028176868945382627
-0.00036464828463390403
-0.0026389486595096586
0.0016746544878566984
0.0015898783471866656
0.0011512298023563649
-0.0001460109118463345
-0.002403235576618992
-0.0070983207285194696
-0.01405925081911297
-0.021688207946005116
-0.0334208467443387
-0.04457988852618115
-0.034620332872484665
-0.027602957449455234
-0.015989240821429825
-0.010658082652304713
-0.009361879015432385
-0.0042311168846769845
-0.0013703164527484979
-0.0013043835255380034
0.0017311403827350842
0.0007640438980898378
0.0011411522123659318
0.00022469359815663337
-0.002501850223689042
-0.004582083559923598
-0.015990999412488757
-0.028564414629798553
-0.06091268047140121
-0.07589454541723796
-0.06825060427785692
-0.035744766005718326
-0.022577067105268002
-0.012811547437494719
-0.008698034332515849
-0.004045769126349775
-0.0009587863947171226
0.0008945767716708841
0.0019536300907143527
0.00042399758085829605
0.0010703251214361632
0.0025135196432162087
0.00029322018121223013
-0.003105083543264201
-0.015304359848996451
-0.04390424677237601
-0.10150372267879881
-0.17107358164473427
-0.11362885619996349
-0.05720600838238417
-0.02463717180551464
-0.014665600764563448
-0.0058376845006718305
-0.0021789642188099457
6.0757656478278044e-5
0.0005581799207299501
0.003620098318601555
0.0051922701874585735
0.003209447500313386
0.005640383166316293
0.004843948382237742
0.007557243877696893
0.0002898016412613837
-0.02878410376475766
-0.15798628134764048
-0.3678076730726015
-0.14698723391261337
-0.07305982556684744
-0.027643057300721228
-0.011564493314076182
-0.0007164118237622147
0.0002867541760178913
0.0007167744959028056
0.0031522942316206362
0.004347808408120038
0.004821330838658691
0.005032350468342027
0.0077858513962679975
0.010678985872216447
0.021036202543322176
0.033008296821304024
0.09811479091173445
0.4693467851689298
-0.9042290479970558
0.027794864247749622
-0.0018469457381719086
-0.005031440910087738
-0.0025850095568197436
0.002725275503636343
0.0021510568200900824
0.002097059345035962
0.0038718816158205636
0.004211694229046232
0.004904962154324898
0.005946180249736395
0.010361136551556101
0.014384571242904489
0.02419825360172309
0.04439610863342561
0.08305929662586863
0.15534816363648168
0.25606394884761197
0.11694030152698029
0.03465696469047543
0.009437619881693886
0.0051104492450859094
0.006460426651019289
0.003192899852586751
0.0036182735445007804
0.004486755872843161
0.005122807317652303
0.004665506525997219
0.006577587311623125
0.01143625771562842
0.015187522551084576
0.02382008464514631
0.035427003659571
0.061683958792555504
0.08884294019043118
0.10214605812629984
0.06383621186793362
0.027579153608374346
0.015717457150198542
0.008856328182075848
0.0073451496090582696
0.0037955288825020994
0.004426081480437226
0.006140884494678797
0.005370718735678163
0.005035480044956289
0.00726641439546952
0.010663326613592894
0.014468892318168369
0.01967308051553097
0.027606811162568055
0.0400435286646624
0.052445400723350966
0.04985563931214281
0.038712924422486236
0.026763389588077693
0.014974378575548734
0.010048565302993225
0.008093610591790507
0.004548935062684476
0.0034354552822849576
0.004481853178889672
0.0052799380807756376
0.00649625303771824
0.008632862654754788
0.010387995363067197
0.013652689772810369
0.016682763005473025
0.023014062291599583
0.026599540115586053
0.03210328982555771
0.030903573595847108
0.025969493319015876
0.01794096528978768
0.01164067318296105
0.00878116462210438
0.004814977949034412
0.005112214942710833
0.0032203389882409436
0.004104144926142866
0.005642655605296068
0.006063605877967278
0.0055715210015674504
0.008543579115762376
0.009678388927360306
0.012417307996239137
0.016040412524347063
0.017298565939575967
0.01940783551301583
0.019945846088738374
0.016087520697611747
0.013728456458349738
0.008909682232437589
0.006829554414293859
0.00368829618365137
0.004908300837356738
0.0034194205537641516
0.0038510336529481424
0.003805093457288388
0.004737227684999026
0.006002325386556245
0.007099528983816362
0.007876450309728647
0.010358175014446807
0.011870441303752588
0.012594130690031754
0.012834807141588534
0.012835511541007904
0.012807176148683989
0.01013825085719829
0.0076743633608006975
0.006511932766134425
0.004266457273441003
0.0037888409790838053
0.0030680045891432694
0.0028549001385471005
0.0029155812070333856
0.00440596843626639
0.006367580573973184
0.00500830301124703
0.005380970144401427
0.008508054288967457
0.008870741200116057
0.009141277642855767
0.009248717487452327
0.007873264208669968
0.0068916074417849915
0.006628649360646666
0.005534658351571992
0.0033542483178847274
0.002002554683408642
0.0017632800216647667
0.0030578599629990503
0.003744002415651848
0.002352776884235291
0.004011525973293293
0.004568432644751682
0.004766596373758495
0.0052313822754519726
0.0055656824772781
0.005965406038805347
0.005415544493567121
0.005044283864804571
0.005672505812574255
0.003879581796277737
0.003282412539116207
0.0037512389892892847
0.0019478462800220674
0.0014863194502065058
0.001288382821345844
0.0020469812905977774
0.0028083620520201026
0.0024694841818142443
0.002672772994063641
0.0035070189102372087
0.0024018076884096905
0.003668490078213478
0.0037633936424561823
0.004072429671701931
0.0036931894075473643
0.0026199709381484132
0.0007864975168255817
0.0006534959252240587
0.0008910998919009629
0.0009724148558410716
0.0007326217171823118
0.0010901354262077847
0.022581529841598506
-0.005944567266447044
0.004426773937904336
0.00911579784459857
-0.01813294738800558
-0.01678946474134682
-0.001158641072700927
0.0015308164829643948
0.013529450471796479
-0.016018264467109956
-0.0070601694383072055
-0.010640240921917666
-0.0011380479693228812
0.0019318660294044383
-0.02553916987198064
-0.0018966678008465623
-0.00729617735315265
0.017033311842401
-0.019261153882637747
-0.0015702357392673473
0.0050001383658314245
-0.011665754367405554
0.0026683076744528755
0.00750669383529621
-0.00671930116505256
-0.00278855385286127
-0.006331818741586994
-0.006868514035646993
0.0031092682875923094
0.007486631692573329
0.006839636912272263
0.010410128694451876
0.012189366444813995
0.019489929934535754
-0.003394128699754018
0.0033712454040109273
0.003937216301299813
-0.001714646441722434
0.0009784347453310875
-0.009248878715306852
-0.004158201928301134
0.00560458453101909
-0.003402974002600199
-0.012320855307101208
0.018389801107016074
0.006538422188315808
0.02634095625782606
-0.008970940454613335
0.01996421969284063
0.004168762118622302
-0.028118993309211544
0.012099021627086495
-0.00902147309875782
-0.0015092697223964672
0.0033424072396881126
0.009907312087866
-0.015944469675696266
-0.012773034625658637
0.021352157410977405
0.008442869770928464
-0.014504357277376114
-0.002967152589591397
0.009834952044007462
0.003068237884874683
-0.0030091906794817236
-0.006113945987727394
0.0015413838227179828
-0.005874881392617202
-0.00958841136260214
0.014758572084936201
-0.0018731339829421321
0.001424150220961796
0.010744082018910004
0.012972021044391163
0.009139682947356818
-0.0027865054847125343
0.01265596984825557
-0.004055959872029574
0.005798422149802038
0.005682709322670728
0.008133317886774247
-0.008016259373409515
0.0009444255201836393
-0.00334450441953633
0.0029995318769427673
-0.006722406935898083
-0.011205732909156736
0.005111019350723028
-0.01328702314873914
-0.0075341315746148396
0.01365055823342183
-0.007507523437121954
-0.007301244927340153
-0.011074902687277784
-0.0036534440217399155
-0.0011464910380593535
-0.006183182206173973
-0.002048539152820314
0.0053140247601282066
-0.009763807508566799
-0.013349924523795575
-0.005078717908078176
0.005144394537276865
0.009748246915280347
-0.0017275163906820745
0.004386856017776337
-0.0017861661698087012
0.0037563250941151484
-0.005937035209429244
0.000999872858360893
0.002692789666861155
0.005457380776578131
0.00702351067909588
-0.008135970513426584
0.00915348635609418
0.003933442058113228
0.0007732872117857066
-0.010684547359038366
0.0015084305857039357
0.004330317296229025
-0.009352788190682368
0.000935661704088708
-0.0053337762079179556
0.0008288118007422974
0.0006804048943390953
0.0047611530701864475
0.004807250049194468
0.00046693260312367533
-0.010657307444314607
-0.007098612435460294
0.011648014194072588
-0.004999060410272742
-0.00130184996474409
-0.008798879273186812
-0.0068161806523325
0.0024070641641759038
0.023256075545791847
0.015374152837553308
0.0012393787283910339
0.01598536614479441
0.004672473322803405
0.0039755270514640765
0.008453569889105936
-0.0067539297842021135
-0.009582236124801802
0.005982541853244533
0.0020858352000113845
0.016971306157908747
0.016678038061878876
-0.0031647429895947216
-0.010073492800634905
-0.0038949718141481544
-0.010604366891975124
0.008153593143124978
-0.0037021942719001446
-0.004432047773228134
-0.0077282081110991935
-0.001560151685388591
-0.0034389565533710733
-0.015829625387267947
-0.0005753699483996972
-0.003933354910297926
0.0035690408813596097
-0.0014948178436803192
-0.001945212605978029
-0.0011122258739518069
0.00603954942668476
0.0018657899921866246
-0.007156518099585873
0.005063599606313204
-0.007420931643524319
0.015689899554617994
0.01747589156932848
-6.051502916126468e-6
-0.004050591408813757
-0.0026461135515146554
-0.0043595395615496895
-0.003416288008029355
-0.007981722327196588
-0.002708966485462764
-0.0009893461386290049
0.013631773426145563
-0.005471463596539225
-0.019111185935097908
-0.006518603328785441
-0.0015112613495650695
0.0008363675013904085
-0.0012713848573178027
0.006709328147721631
0.0042484722466083254
-0.002726517230248868
-0.009257493232639557
-0.008607515222573154
0.004417276655054704
0.009109804741259529
-0.0006462999994874519
0.00743076276276404
-0.008740012721737765
0.003171031921042928
-0.001836086492547837
0.0036127428342588113
-0.009639024274769441
-0.005335772133103033
-0.002444249113371762
0.008699952922365339
-0.006226751593169348
0.0025838752719805104
0.016760266635464684
-0.009415953924383633
-0.004524856821168157
0.0022412876459055745
-0.012736237574654568
0.002170298264670593
0.010488321283467661
0.00255877353250818
7.73116324101306e-5
-0.008910992798962547
0.0013421796862439954
-0.001754541247769716
-0.009569405457593121
0.0135062625894205
0.004448498427903411
-0.0009758811575722664
-0.006630724231856946
0.008872535122753801
0.0066791451177018926
0.0015292902387093032
-0.018980214771576773
0.00823409003733625
-0.010200207462711898
-0.016573184661953948
0.0027805099058577348
-0.006251971825033354
0.002224977180830288
-0.007738772260559827
-0.0015365746495280067
0.02925202396747875
-0.010411913156882486
0.012884365277683192
0.016520977764341097
-0.013064443791456638
-0.013626325354156081
0.019922169882605242
-0.0119329091430987
-0.017722433565441613
-0.007830647411245267
0.0203345502765303
-0.0028890478766389178
-0.01687295323971412
0.018033203642158192
0.00783958917310064
0.004672167137242513
0.007166110240970112
0.0043753470367683305
-0.007876406910385396
-0.007439754894492856
0.007243432216180082
-0.006735396493441601
-0.01792130913893057
0.011054793693580277
-0.004444646908317871
0.0031634407801872625
-0.006153087933691772
0.008911634253171279
0.01467458808893841
-0.0027595827386727324
-0.019868384839016862
0.015491953833773761
0.019490473418382198
-0.006811716751678269
-0.008268484034319264
-0.007722844588275848
0.021524033617366604
-0.02316982442209819
0.007493067529709703
-0.0010686447003246116
-0.014337605337834517
0.010099461175887305
0.007531281495537686
-0.001164936252405116
-0.012968431081764502
0.013074435436962442
0.015441333206365624
0.0006990902488045432
-0.015564361881905998
0.00455419083107472
0.009691491639128733
-0.008362686889452086
-0.007799143651754939
0.0018164699154917057
-0.0019305211405721365
0.016368434452754998
-0.010057390419341086
-0.0048577896128319
0.0017839689971764839
0.019480235200752854
0.01645748136106931
-0.007996447899311782
-0.007157937779773912
0.005441036640371451
0.00940713161216132
-0.007277545425778028
-0.004887257157638547
-0.0006497165642627622
-0.004318587356339615
-0.010088385947253593
-0.0017770162049331243
0.010148619194893313
-0.0019055902383884609
-0.02674227526670287
0.010216410661645511
0.004613547622454249
-0.0023239181537658754
0.018507908017666417
0.0015468065231172496
-0.007633487083361208
-0.011677261245654397
0.00046242926462071194
0.01567623966669301
-0.011988864427089359
0.00016988792503470668
0.011933993509946879
-0.005478810112116438
-0.018826991279042905
-0.0175326472095977
-0.017509666670578277
-0.02812570886040374
-0.02027015028103183
-0.021847530299353744
-0.02435048675418379
-0.022255434554244207
-0.029777874024454604
-0.025809627149013227
-0.029140025356335475
-0.022000546106799433
-0.009113699675797128
-0.018173305363592417
-0.00984951133213624
-0.015255605057015394
-0.015124513593838294
-0.017050875296880638
-0.01723974234924188
-0.024187165635465104
-0.025199656059233178
-0.022447424283587328
-0.026653768039769363
-0.023638068522990132
-0.02286244644525915
-0.0243250053565237
-0.01603726443185114
-0.021351951967222102
-0.018895529088351487
-0.013415394243979903
-0.014353326350378271
-0.011737091550074824
-0.01217931917081642
-0.01790769027127008
-0.025772405152007998
-0.024316656122972853
-0.029746390904145992
-0.018156799539472874
-0.016699961227938934
-0.01976757183682099
-0.01291698914346856
-0.025116016343488676
-0.022989525138989247
-0.023347313342035363
-0.02204037136928981
-0.01339406322437385
-0.021165818342904555
-0.017871052115274372
-0.015759866896240603
-0.016379328754349956
-0.01850424560400137
-0.017113907880539275
-0.027230934722817558
-0.017708172690140737
-0.016720457006468237
-0.014918068423128593
-0.01767797630690568
-0.025957570044599306
-0.019122074497538187
-0.0260217605900713
-0.027022646593046845
-0.020892526931419894
-0.02852096539958441
-0.019405002009166193
-0.017157279602436445
-0.018623551636322375
-0.01994696717366129
-0.013268987023653651
-0.018013295798660806
-0.0030493570148181865
-0.01388690501920571
-0.020787987309987373
-0.014805710344873208
-0.015102951392218794
-0.014505732075130319
-0.027449616917870796
-0.019225154089217867
-0.014510738289667214
-0.020956892605371532
-0.026957342731540674
-0.026557651574444185
-0.01685617427079951
-0.020579786978251007
-0.01850765573195571
-0.01103113868108113
-0.00937202424377593
-0.007029063817018854
-0.007873862723540698
-0.00589918550079815
-0.005808238946242459
-0.00532470849676679
-0.012077056893062668
-0.006084962889128917
-0.021655936780186607
-0.01929227111679016
-0.02380632043031625
-0.022843370945919577
-0.023561430059646612
-0.01929136874409474
-0.0253460436876504
-0.013796801791858644
-0.0070679187686989164
0.002554784662045893
-0.002071917289348903
0.004097782164490366
-0.004216760019411389
0.0007855810475567819
-0.00394663246165948
-0.0031201522484760485
-0.0035950369637171766
-0.014882154206649041
-0.012960185424867258
-0.0137405509538207
-0.014380817199106772
-0.021333733771019076
-0.025975291798693772
-0.019644010125368365
-0.017719256646271428
-0.012326403300839957
-0.0019226473914949636
0.009976246109722505
0.01746748235293149
0.025196439218594983
0.02619291289397409
0.013414843306441191
0.009052663218654795
0.012974604334992656
-0.0030778178205844503
-0.006285443815134655
-0.014953540119386334
-0.016063877577734316
-0.01760099262486235
-0.022444680978726025
-0.021111675599172153
-0.01237319709189653
0.00231936449084066
0.005642698319526512
0.003765776299413787
0.02716317324702126
0.04883739410508983
0.07722868496304838
0.05364628882653418
0.046427899045987785
0.021209784536762376
0.01771750368783575
0.012776543766646293
0.000801696521336776
-0.0015790046774909576
-0.018849089126442644
-0.01828584903410325
-0.02377825428335447
-0.01680446615437037
-0.005487759369148696
-0.006155804686730581
0.0013344192506788964
0.012985856568652695
0.061048539216378775
0.09689970266358451
0.18921013383054638
0.09418416316048323
0.06136502851284877
0.06593272423214559
0.08342646653298627
0.009183282763368194
0.008351403851727729
-0.006560858292658263
-0.01579637271203579
-0.022234029843490478
-0.011850463118001057
-0.022688891958398984
-0.0124113925602828
-0.012820065184030905
-0.005204547020606467
0.011558846123401401
0.04688083635729776
0.1213393755503301
0.2908707851442436
0.4065607559673113
0.09491220863953617
0.0286278742791238
0.03473772213574364
0.03450149297843425
0.002504599479791757
-0.007413717139195084
-0.016872395046882458
-0.019662789169896402
-0.022873511962771594
-0.018419635326374483
-0.01189359432572955
-0.016242147042956546
-0.0030259210489275283
0.013470467816771982
0.08363528618659286
0.11586189635959035
0.6847771678195432
-3.6684532864125234
0.29163865524520205
0.17295263425124197
0.11174996314487805
0.039448124634704373
0.014376795903557501
-0.005625868402058025
-0.013816538256072399
-0.016652472920109417
-0.032558657238292786
-0.0167193822593699
-0.010960073268643861
-0.01904103590626072
-0.006677104696533275
0.02679440130766001
0.03327606508473839
0.2837777511875517
0.32068012102005444
0.7227160153096654
0.6657553961368652
0.2613658537902816
0.04297908743779692
0.027720488250905458
0.0013293359469219782
-0.011771142488201209
-0.024896891134062904
-0.02067152669310143
-0.023062246910203758
-0.017810410476416672
-0.01242710222676145
-0.024559586540993782
-0.009611537795021725
0.01198031731547602
0.045293098124367846
0.10296797732602701
0.26184056455763716
0.2888613203270486
0.21483387926543404
0.13080791562651128
0.035524326909748466
0.011347181711674344
-0.010229069670563827
-0.020334366520085953
-0.019392414629982854
-0.020020006399157506
-0.023515662945701045
-0.023981434403779974
-0.01977331280509405
-0.01827197203865002
-0.006594239676454016
0.0017315627299413741
0.019633958970302644
0.04385386178683104
0.0816388584638427
0.0828434069157761
0.08123050399760823
0.04661371938307406
0.010699725668564813
0.001726366799114691
-0.009274684948452412
-0.013181775768106967
-0.019767860605288932
-0.020451313582676368
-0.026258250949691246
-0.02675567323635241
-0.026488685174078718
-0.02589743144376207
-0.015210064224443823
-0.011555061146292709
0.0017877315215017214
0.014060424822223385
0.02364062039329782
0.03375097385218026
0.024338385916587248
0.026402234548139898
-0.006471555794723579
-0.011452702092771036
-0.012485556188597754
-0.005604922364734572
-0.01995877611132872
-0.02140903820667312
-0.027969657410487056
-0.01942328074612474
-0.019597189868606972
-0.0214079521801016
-0.028034333581137525
-0.018853701882741585
-0.01068546862343395
-0.003438645030098853
0.0023389170638854055
0.013066703486718014
0.00988937160215804
0.004078807943745195
-0.0123348074947517
-0.01094664264080944
-0.01561656607930192
-0.02048233808864728
-0.011819730624909859
-0.01639889425017622
-0.024903819791925942
-0.029563772048551026
-0.01820607228515602
-0.016308655654148713
-0.026200728342819307
-0.0206522060606422
-0.012471668194959042
-0.014462485683013632
-0.013089290424188368
-0.0024375011808448425
-0.007943795983455121
-0.004428331055555217
-0.011290179635796602
-0.016783018230369193
-0.021107885764699325
-0.019614979350293077
-0.013897962787578624
-0.0232311776779549
-0.019263744653986933
-0.016960613191236637
-0.022861856547909974
-0.01847248965312788
-0.02770431601593182
-0.0281650551229498
-0.013880034551340993
-0.012755960631073867
-0.016722177686212147
-0.022668414625867137
-0.010453103536641018
-0.017723130326433127
-2.888777622243562e-5
0.0002720549059838249
0.0003314017282429995
-0.00023795825234761226
0.000451587697260174
0.0007867812366009485
-0.001595612325401478
-5.236768463531384e-5
-0.0013016149481260393
0.0009841958493689476
0.00037331722831603564
-0.00027846985956870234
0.000814472454751404
-3.94497967744849e-5
-0.0002845684369326895
-0.0012831886840935626
-0.002281848441172211
0.0001740903257255661
-0.0003413772036845275
-0.00011711079423757243
0.0024960181036429727
-0.0005484690614751761
-0.00048719378080532515
-0.000103387471493281
-0.00011800698000846276
-0.0007521433488499467
0.0016261336476587757
-0.0004004419311199255
8.497176598025447e-5
0.0002399232705049263
-0.0008098569493094234
-0.0008239372263695099
-0.0008216527391550776
-0.00015987853034889215
-0.0006825613963463184
-0.00039279808774432914
-0.0016235250776332447
0.0018687163620462546
0.0006349098552725647
-0.0013625806938123396
-0.001786927745036406
-0.0010912438093211385
-0.0007407631486544729
-0.001758903694872378
-0.0011942601095457468
0.000511371364047611
-0.0013572200015048662
-0.001507084844795751
-0.0008867041474457504
-0.00235048035314827
-0.0012178035307596083
-0.0001280421152191182
-0.001899233771936772
-0.00104224025552358
-0.00015439097559423394
-0.00016128284723244604
-0.001074172612439475
4.130257421754136e-6
0.000787027014071872
0.0012497312315961388
0.0003560278506532805
-0.0014819433713208598
5.608245686914977e-5
-0.0011796308425534388
-0.0007252584044286344
-0.0014140059620994562
-0.00139785328964865
-0.0009781146134093524
-0.00048453800404704765
-0.00011602496765679828
-9.689517911788361e-5
0.0005780629847812337
-0.0005854731410654654
-0.0016714461798840894
-0.0013030277870758427
0.0008823309250204822
0.0004907563499271506
-0.0006715749005115091
0.0012470215706516464
0.0008794840091901872
-0.0001882120297172978
-0.00020882856437086215
-0.0008382988783102484
-0.0006699011510395325
6.668057753676012e-5
0.0001817228065160918
-0.00019744446763325858
5.4253262693497364e-5
0.0012595510542808737
0.00040062647262584456
0.0008592779306285153
0.0006242876530762222
-0.00023784535931841474
0.0005561767538572994
0.0017728291640789207
0.0020424249796382236
-8.574947203564103e-5
-0.0006428095934355982
0.0002966987235621959
-0.0015455970858358136
-0.0015151960154885604
-0.0024144612031670475
-0.0014602524330485354
-0.001720940266421596
-0.0019200478782866028
-0.0003584497849200807
0.0014537093289097764
-0.00040851039332062027
0.00037106214699331354
0.0030178459398404996
0.0004574633038220815
0.0002201699843858402
0.0015380664669284879
-0.0010156155893576728
-0.0010364116158095918
-0.0003592663936710734
-0.0005375701167005468
-0.002352323762391996
-0.0016608262973886764
-0.001468751678392892
-0.0016757024122677848
-0.0009077876199715772
-0.0028914057323335155
-0.00048694763621989567
0.0010525937399919736
0.0013323010011199463
-0.0010437892846031178
6.673941397559568e-5
0.0002507927050113179
0.00018448751231066475
0.0015648210915688485
-0.000508586545504059
8.299713036102885e-5
-0.0003982932286477521
-0.0006453579182946592
-0.00320594592965771
-0.0018481930574157646
-0.0035224259361489136
-0.0005980798587868375
-0.0027062941089847975
-0.002622991065980775
-0.0020626747258238078
-0.001515644094644904
-0.0004946106289136148
-0.00042416614578851013
-0.00022639436480640848
-0.00017288146352325624
0.0014557869248463743
0.0005225245339248134
0.0008039457167431715
-0.0015563653792351351
0.001215756465609013
-0.004532984263427584
-0.003516522345532748
-0.008070888507837196
-0.0056231224755883494
-0.004483376607532735
-0.004223443105749042
-0.003115530963185112
-0.0025517539171305945
-0.0005916350028219995
-0.0018261954115872368
0.00023793973883424232
-0.00022868419970980462
0.0012442083143391436
0.0019289204844026948
8.858252419029677e-6
0.0014746198281346563
0.0019191939917643896
-0.001663718948678956
-0.0002795918254690472
-0.01884471081798782
-0.010617178785701245
-0.010797619885184791
-0.003083370605230607
-0.005610474210404078
-0.003334421482325009
-0.0016698563193877575
-0.0008650717581223233
-0.000568219505934558
-0.0016417511956676014
-0.00012017074256632474
-3.058373697614598e-6
0.0018198995595179253
0.001382670873001062
0.0025093902482649405
0.0006251458183483636
0.006441185917746643
-0.004839741773802289
-0.019829104741620113
-0.03426342591642313
-0.010220773847314391
-0.009518164334175018
-0.005996615038725601
-0.0037672222478876308
-0.0006745556421637281
-0.0020587900634573882
-0.00019133256213948769
-0.0014655771567626402
0.00013399092885067244
9.356305500918868e-5
0.0016168495922343237
0.0024560505017189624
0.0023673305397390303
0.011242763337260878
0.009935423553508403
0.09421279000182647
-0.0655529094040768
-0.04850530690433722
-0.03173323014402675
-0.005526397919211581
-0.008319774790385731
-0.0013464788069320127
-0.002260569152745413
-0.001945632128281157
0.0002487703376705759
-0.0003472850946732506
-0.000674047368808579
-0.0016683399842926736
0.0011799956478199874
0.0002740928729882706
0.007419710370935359
0.00960102173168655
0.09601487155369486
0.2975413737072114
-0.6482916237211721
-0.08003260552009414
-0.006608855674481111
-0.009338316679718447
-0.0011017315522551517
-0.0021752728286090085
-0.0003068181993987842
-0.0006247049313088582
0.0015213995896700121
-0.0011795773534251574
-0.002301633945707941
-0.0009175217529925993
-0.0015947013772995117
0.00031389665545527
-0.002549954473497432
0.010683851767344748
-0.051971784722408716
-0.2164107179396041
0.3924700183807488
0.16103256179129963
0.01717684720307474
0.011445817804132964
-0.00015251475001864102
0.0007144226867540556
-0.0008499220951599455
-0.0006748760209808705
0.00022904941218976544
2.707840738795002e-5
-0.001522836131805411
0.0005599614780552742
-6.08489856315079e-5
-0.001060369849756182
0.0011740511069357228
-0.004811611994635932
0.01494538757443461
-0.03602716576120864
0.1107531202319447
0.031468006313041745
0.026707559623993116
0.006298162058593236
0.0045197043502476575
0.0008450307960174159
0.0011321721528564342
-4.964656339889219e-6
-0.0005356572783294586
-0.002238350771402413
-0.002593073670007986
0.0008884947265333947
5.4724773820228896e-5
-0.0002216662527150836
-0.001555551135247915
0.0023763283038577537
-0.0037399361147050034
0.012981979302850983
0.0025732457002598237
0.0255273693311719
0.006394678807587249
0.005615434234604123
0.0007632471944349877
0.00015490598128301068
0.0004498995380958161
-0.000570265606418868
0.0005210368130995065
-0.0006397426968786854
-0.0013578619732027967
0.0006113709674463111
0.00012560583321579116
-0.0003753931561647428
0.00022743462625111628
-0.0012153549313663674
0.002192665625903126
-0.0012567603030706018
0.007494256696356036
0.0032980240685268583
0.005578062204286668
0.001481702161928657
0.0004199585641267052
-0.001681895330525597
-0.00019929194400975506
-0.0008066006920983384
-0.0015164822227980608
0.0006765322801195526
-0.0003374670442193112
0.0003446177279350448
-0.0008748868633780652
-0.000753059754094622
-0.0013682070784981713
0.0002385234793336105
-0.001298310280328618
0.0009123658899564198
0.0017956695156324488
0.0034596456778196684
0.00041178394251920665
0.002204406228588171
0.0007694781183880363
0.0002753569266059091
0.0002843054182055365
-0.0012560252551390017
-0.0008633621924842626
-0.01737182552682621
-0.009890190942485158
-0.006889725228216944
-0.0028103470102482098
-0.0005215834505151156
0.0005838126273756861
0.0038335974866403355
0.005372100326036831
0.007091036367543346
0.00810371380679922
0.005406301313331915
0.008594674330350273
-0.034967407168531854
-0.08183855267458646
-0.1490274566031139
-0.0626579398302979
-0.04885189385249213
-0.02630113474271649
-0.011098032242754744
-0.007636790228319574
-0.00641432704073158
-0.0028864483572342134
-0.00038453293468022665
0.0017764882536750125
0.00393398257972372
0.0029500925490821115
0.004588874335160527
0.0030306831857683982
0.004238355350865674
-0.007171285598359638
-0.012885798416301617
-0.051627044446025436
-0.036756157823055864
-0.04596508511685473
-0.028709920148022268
-0.021330962424502296
-0.009381489453113779
-0.006873626360511447
-0.006203769303215154
-0.002784486722952005
-6.11524303084181e-5
0.000925415440698054
0.0005868195903594336
0.0013810645964633106
0.001782417189520327
0.001610315923931515
-0.0005489398170905018
-0.003347006073580376
-0.01427222914366617
-0.017461865848908492
-0.02892148417798553
-0.02249814626756124
-0.02028321230094353
-0.01401867500154314
-0.006960619578514371
-0.0036146499681739682
-0.0027085558909813487
-0.002048671750643633
9.239057537147936e-5
0.001499789917894003
0.0020764585628793427
0.0011393515482544848
0.0014287822896470166
0.0008885767825831737
0.0008561655726180248
-0.004691375124676379
-0.006024222899182665
-0.0128249159317662
-0.012677430162392684
-0.014167686364585002
-0.011925517810329135
-0.010123508547872365
-0.005915854358853656
-0.0030105440880042874
-0.0015431217402722742
-0.0011098523287950213
-0.0013040255387227076
1.9869270260933318e-5
-7.175535560626037e-5
-0.00011943935174396657
0.0008334614509710634
0.0003514776285929058
-0.000765868949352354
-0.0016072811079951303
-0.00472147000742163
-0.006503539259499605
-0.008915562310565188
-0.007141303225434564
-0.008411004501513084
-0.0065581935745935285
-0.0031787597634866374
-0.0023090135470089242
-0.002701774660969707
-0.002153068608827344
-0.0012786979683074968
-0.001533218171305881
0.0008909216643555394
0.0006009000149838997
0.0010788628763591546
-0.0003052201419124855
0.00018987716209338567
-0.0005974845684116703
-0.0016899282632464134
-0.0049215087386786805
-0.0050423076782445874
-0.0037884731870329352
-0.0025322317774346867
-0.00282855144527647
-0.0011965849489900193
-0.0007468605695521175
-0.0019299846983457892
2.509934939767583e-5
-6.05656265161571e-5
-0.0003869319813983442
0.0014014651956793705
0.0014557138198152053
0.0009294822384648363
0.0004775826373051134
0.0014622208794593896
0.0011605024044039447
0.0005789450992294725
0.00018565066470121105
-0.0025572701569256955
-0.001841241828162845
-0.0015937097470658387
-0.0019315496745474134
-0.0003928382787856665
-0.0006725203644920777
-0.0010052652111363128
0.00044158379270318315
0.0017386899431708698
0.0014122745824992795
0.002192576237581963
0.002724257044026396
0.002095078924124132
0.0022796430059921105
0.0027927659260191
0.0031341846157667227
0.0033221522856784606
-0.00028186216786675844
0.0007541470612338964
0.0007003176484013372
7.546893512511664e-5
-0.0006699145905988724
0.0003563253040770174
0.0007199440772922712
0.000425046616127309
0.00033192323710600695
0.00010019654226689674
0.0014625400117498119
0.0031939973202226085
0.002570744431525019
0.003520325288891201
0.002821821714482402
0.0035716864473388146
0.0029770478010404952
0.0027623869544568564
0.0035217367032131133
0.002974497806540519
0.0030908179742340914
0.0020756802077519293
0.0008092210941678629
0.002442205431710098
0.0015870192114466606
-0.00033240702429493337
-1.0389248432346552e-5
0.001722602289106863
0.0011546090370913656
0.003155398826361093
0.00294807281770864
0.003447754530538707
0.004020504521805642
0.005714451453207654
0.005134819823841869
0.005346315558674241
0.0036312255046971795
0.004721929131617074
0.005421718892640939
0.0028629910403406515
0.0017445429255087967
0.0021420074650104334
0.0017434793041637264
0.00017624614945874152
0.0002047723688010544
0.0007865738876875971
0.001585624521080207
0.0020521271008750092
0.003002042049781341
0.005556422752909137
0.006528185522085517
0.007226107718363698
0.008448270425746805
0.008571357829196468
0.0076133666607795195
0.005583946636445431
0.006420071644002791
0.003194426410026001
0.0027112792601828805
0.00186521954452617
0.0015798086864514498
0.00010751471224261836
-6.228797205393632e-5
0.0012635304604223527
0.0035381326934411034
0.00467823290421824
0.004500678347754171
0.0065034926804621515
0.008143566266799001
0.011286964871922265
0.0110924302145607
0.013180185218808916
0.011152598345937183
0.009758078045435109
0.004614933025446518
0.005007014830645929
0.0016198030778767115
0.0003330957708431354
0.0002953942225041728
0.00037629501010855626
-0.0005123097876544417
0.0010993685292210388
0.00371593860306016
0.004358104270909479
0.006590237867996345
0.008611515252359687
0.012122523724361628
0.013858194522447182
0.02088150137267977
0.02111884403148983
0.024802171495447178
0.011083407775196334
0.00909869157693148
0.002329447121965463
0.0017486126862321025
-0.000641153604033296
-0.002133941184682248
-0.001418417574918222
-0.000939492969668346
0.0001877290754805003
0.0033542270169031694
0.005496230519329966
0.008068482472954979
0.010209134402315117
0.01441972137058877
0.022059928706725844
0.027723548962226296
0.04426406040551147
0.034652408582296026
0.02826263484656743
0.0048387561170620584
0.0027203624414155565
-0.001950066788622817
-0.004677804356721857
-0.003268306619173083
-0.002345103600414693
-0.002101436544936449
0.0012120690905326815
0.004878675957626997
0.005845558226596414
0.009022219699306923
0.01288213920924911
0.02067358521027174
0.028683948863770462
0.05273724624430165
0.05972712938844537
0.1027225993278663
0.026954181312499863
0.0054562094520522915
-0.009363058833556598
-0.0037467741168998917
-0.009311535429890142
-0.00759146921966204
-0.0042579162453711735
-0.0011608164446655412
0.0014149770114574183
0.004713336852917499
0.005692468994404582
0.007829775095494224
0.013920494377120009
0.020125767992779143
0.038807577689683355
0.05019256670332757
0.1187031682173765
0.19145449350972296
0.07873172757083904
-0.025072418334718665
-0.01991365645523842
-0.019439957526537044
-0.016392166383781992
-0.00834528697347793
-0.0049858392762664894
-0.0011238928406676933
9.613694835974339e-5
0.0027058633905539284
0.00570333991295391
0.009152156736777167
0.012254531183971153
0.0231816303268686
0.03335601385824295
0.09076867166264369
0.23366045801680146
0.5426577937184041
-0.4532808374102629
-0.09997084290884008
-0.06412954942898022
-0.02646378144899903
-0.01715252697673467
-0.011727337657911615
-0.0060697385539718015
-0.0024766179782950144
0.0008152627750072744
0.002845937814620684
0.004418318215405253
0.006097008322433913
0.011392174985565147
0.014888305293323982
0.02592478480408469
0.017297213845129226
0.02681668927586268
-0.28202894126053035
-0.27168936676910305
-0.16185798096342105
-0.05876630773073702
-0.0353962339242653
-0.11764898336180993
0.01923128689023901
0.01339679172591482
0.015581650478401415
0.010491510516500942
0.01010500529515474
0.008630759095638986
0.00565320147613828
0.005959201164518142
0.005522186246577268
0.0034665510546324275
0.0004859548046442075
-0.004637447768207862
-0.010126792529738382
-0.04233872228592082
-0.042289779279581385
-0.12479135646242298
-0.43162844963904956
-0.028743254217397766
-0.007609348672812338
0.007906322982334584
0.006707944740994392
0.007862225713879267
0.008267227754445366
0.00773236064056817
0.005418227477973696
0.004848157741856094
0.0057893992833542695
0.0027518814306268426
-0.0008389137712554596
-0.0033842310606574085
-0.013971636037557328
-0.01946205780648466
-0.06387196250611014
-0.0523106329179135
-0.16987843290254687
-0.028158270755117756
-0.0027206945552588437
0.000732456708103766
0.007128115765775726
0.006070051438745354
0.007714506006148917
0.0062348287311177605
0.004559140083975912
0.006408344121334967
0.006090050118172156
0.0010944671907833496
-0.0012015834727154846
-0.0041055360969153385
-0.007072974391297914
-0.018749987563791745
-0.02370846088795148
-0.04900871510044442
-0.027239393977315333
-0.00804474515979884
-0.003181647451047583
0.004359097274132218
0.005278190970238628
0.006228881022040792
0.007127240485865674
0.006569669521467508
0.004930357030015598
0.005092063520985816
0.003554260587664133
0.0010875645783484597
-9.716442240757713e-6
-0.003064693585462489
-0.006102090000095556
-0.009516343791925863
-0.015474708136135327
-0.015360828034758744
-0.018979913810877404
-0.004695498472771067
0.0005632312605908185
0.002677313703561971
0.0037847426937031164
0.005447614912428387
0.0052257454459682644
0.006374998750258292
0.0051512557586916065
0.003846254714678612
0.003634234401741707
0.0032548203169949575
0.002278637782216876
0.000869565287352313
-0.0011805053144891965
-0.005699018408324892
-0.0040261224340981516
-0.007886484084327542
-0.00614204959437065
-0.0003315240937717504
0.002324051223410075
0.003919429277484454
0.0038605446222327497
0.00657792596284488
0.005459741878937988
0.005078439457213482
0.004319250661442504
0.00380648229147324
0.0031104504334903034
0.002306734139181031
0.0030179115854108603
0.0019179564829312319
-0.00048435434292117485
0.00010625111576419459
-0.0004904494437818117
3.476432615489073e-5
-0.0026482297341857285
0.003945579542455114
0.0038287364761922047
0.005681085862591057
0.00708047192959589
0.006347012508544564
0.00577247373109194
0.006014058589855737
0.005481020429810678
0.004435779245634249
0.003706866841017881
0.0015133971668359859
0.005128815577700694
0.00375453804252191
0.0014013957263978038
0.001971218510811174
0.002867621371452278
7.260228887876158e-5
0.0026265942178073654
0.00578471162572795
0.005816426941567189
0.006493029278146663
0.008354998050619662
0.006929924197268999
0.005882138561644066
0.00624749365953896
0.005043998202505329
0.005758653878242768
0.0023603443542197793
0.0035900588463625223
0.005434413842805575
0.004665679701282353
0.003579985570045014
0.003479255894171592
0.004963282166997616
0.0042099208986796244
0.0025804918479062633
0.006603363899428789
0.00781297379149816
0.008161126737931361
0.0077496620726538925
0.006636732363801489
0.0060368290061499
0.0044104343764617806
0.004253198842942016
0.004709873242874878
0.0051533800743451845
0.004997213348174823
0.005278518103841885
0.003564081875612888
0.0036300571552203226
0.0035364818478710314
0.00600819535950733
0.004225818791813319
0.007275891164511804
0.008568375231344749
0.009897789021671011
0.008381697898255831
0.007274081634980511
0.0074217909717101925
0.006597486773559743
0.0033519203186304285
0.004516816479068432
0.005391308129778619
0.005872757640651284
0.005605073328655459
0.004486979002264403
0.002430759267399016
0.0055711564295500655
0.004555448570085199
0.0047990017218472285
0.007465269433363205
0.008148458538313502
0.011103184569556357
0.01106247414578497
0.010720512119264648
0.01035994589371492
0.010378096298766426
0.007637297175979239
0.005171911048824307
0.0054837041378687935
0.003846509823607254
0.004264763337942708
0.004497170710243184
0.0058492574954405645
0.004190455159274898
0.0050177833994054875
0.008281432512797015
0.008016889709037215
0.00974633045820486
0.010789170840957905
0.013549329228125857
0.013157363459296884
0.01445576755549481
0.010508518549290588
0.011122406013461797
0.008016608357288988
0.007520879270576849
0.006101892637954444
0.005516761826045725
0.004178827024992508
0.005272008673310258
0.0060348751315560155
0.005462428817431768
0.006841174930045092
0.007085343554074363
0.007810640191301195
0.010493172443810999
0.014328199956830682
0.017226392749166687
0.018425574419271517
0.01512339383550516
0.01500059800635818
0.013141644579501108
0.011221214457338277
0.009594830260541073
0.007499166854837663
0.006546422011322698
0.006345843669513215
0.005746691124829945
0.006798191020942474
0.005724899416135255
0.009614930625318168
0.008247385350728323
0.010999753498280718
0.014403143978461354
0.01786288028989963
0.02999190800273882
0.024567770538527118
0.019987703401865932
0.016572681574611225
0.014069479436269511
0.011870950035150516
0.008679819400549103
0.009097776081103433
0.005907538976317178
0.006436564339150012
0.005824592769823076
0.005147027990618656
0.006206874888311646
0.0072760744402375855
0.011120464958266704
0.0112018183930184
0.022594639429233475
0.025738915664058545
0.04471743694943742
0.03498596127081139
0.023075122804177638
0.0209311611085253
0.01611773546241303
0.013102145449169053
0.010429192633691608
0.008398693508376017
0.005655874098429375
0.006912863887203193
0.005162452216849206
0.004737067226840874
0.005469438442333217
0.00508346792514292
0.00730806297057595
0.015772011278903375
0.023860369203287716
0.054477323257127515
0.10005660889181764
0.047147440983884084
0.03432225250244405
0.02446873517698122
0.018063474573049382
0.012144076155905955
0.011071737586148498
0.008940867129634858
0.008085737869287297
0.007664240039059134
0.005084995706196616
0.0019182841410826312
0.003045388407412474
0.0007706081983467964
0.006936455221758301
0.004538571543946608
0.04036204877818103
0.08298907201279597
0.15130045635085387
0.09539166402743647
0.035759481908168876
0.027829208191505278
0.014594657798219198
0.012603113722869362
0.010220817964925688
0.00876962973218881
0.00581140946201281
0.002932159628991112
0.0033304891541356464
0.00020817252341170017
-0.002700567392516054
-0.0053480114495279285
-0.017825053459278366
-0.01632144315698465
-0.0743957280023781
0.23186207831149863
0.1722569488068976
0.06068538936356295
0.04112339688234277
0.019944349662107237
0.015405961720555885
0.01070432481591196
0.010015334872918766
0.0056559728205329615
0.00468178099954947
0.003954380308259566
0.005280911901919112
0.0005623564493806957
-0.0020775838878050274
-0.016115492470118953
-0.022235409112219377
-0.1346069341878962
-0.4229368273598225
-0.8523000326329168
-0.002765346060953901
-0.0027009966070170094
0.0019341126293405337
-0.0004952966622681062
0.0005417990739230499
0.0011453042289924587
0.0015716059101852607
-0.0007391585221478606
0.0006569396156689065
0.00025452226674047354
0.0005726186681156832
0.00027350547574576814
-0.0008309325433867794
-0.0009315803800170034
-0.0031988933154837767
-0.005958264127419181
-0.005024442279029003
-0.00945027989633411
-0.012046573997856596
-0.0003333500280151278
-0.0002450636415186658
0.00021999869609160705
0.00011126618022508719
0.0014841114073082485
0.0015872238017949516
0.0001493311265591577
-0.0003122807210448732
0.00038166690670618026
7.007493352776127e-5
0.0002399407671479128
-0.0014445374592905163
-0.0016450324282605813
-0.0068254036603725135
-0.004963633054328662
-0.01557709214763174
-0.00790473832108337
-0.004333919987485439
-0.0015760714846996954
0.0037300825023361124
7.631866581089394e-5
0.0001515866909925734
0.0004689472162337111
0.0011068469631991395
0.0010150441727515655
0.0002893184763830063
0.0003142026883329068
-0.0007970861901192638
-0.0005283976305237251
-0.0006749619851243239
-0.0035674184057139582
-0.0030376658562898877
-0.01067116787142961
0.009885737833088805
-0.02553877351815842
0.007563776341584227
0.016201119157412774
0.004967849521022912
0.003611393110310378
0.00035798775099419114
0.0008011739512083881
0.0011381838758968109
0.0015359104974139656
0.0011151287102735409
0.0001634831876606442
-0.0019317731003354944
-0.0009166596896310348
-0.0030906021701863746
-0.000780088594094127
-0.00843413475021717
0.005292704349777141
0.04152394322839873
0.6759632630887227
0.10539794639994195
0.026728730658467103
0.011766787898537977
0.004243732341637381
0.002701184257941772
0.0011565137558686646
0.0013791543334650165
0.0016822998972581694
0.0006170489882845805
-0.0008882320412469896
-0.0010377344312380063
-0.0009709624017418157
-0.0012922269765166413
-0.0028773559903689195
0.003353137553086604
-0.022378676953026404
-0.8932378313354346
0.322440972485972
0.024833622816162266
0.021889366407835703
0.009209159752428862
0.005362100778424891
0.0023189733641768126
0.0018838593537209582
0.0006682975573689612
0.0009258957150783018
0.0002979374009697887
-0.0013433230829375392
-0.001030175199580194
-0.0006477612851133478
-0.0011555887532712986
-0.0004478907872313766
-0.006401421515247945
-5.563776378432819e-5
-0.007443039223421035
-0.04110182045137765
0.015145904504355693
0.006808198464847082
0.005617526085655634
0.0022933999867866366
0.0012620734821279878
0.0012402446159536175
0.0003108752359811729
0.0004229680295469361
-0.001368463929113257
-0.0024460634660742127
-0.00036549971539030627
-0.00035119156648423966
-0.00044513633348303996
-0.0017135503479818086
-0.001347540639862625
-0.007288958924207554
-0.00037544140545838053
-0.02064526389827002
0.0003929688802095049
0.00344138088061175
0.0014658047351541327
0.0008708980947566812
0.0009493572038859283
0.0012064326904901851
-0.0005326039051403924
-0.0011621085105276432
-0.0009535667456426976
-0.0013790508713433633
-0.00044280128108989555
-0.0010019335728129843
-0.00023422592694258127
-0.0013033343578151804
-0.002269985342112304
-0.0018063286260975489
-0.0038620556226502427
-0.0024640952841482235
0.000575684831862781
-0.000600254022917306
0.0007948707292179266
0.0001087998245863704
0.001051669810861436
-0.0001627587000746326
-0.0019896854554076727
-0.0014980854735756105
0.0005398315867995009
0.00014945323115862438
0.000393296863729973
-0.0011812212198267615
-0.0005389027585509298
-0.00215869579895815
0.0002702082723145508
-0.0018896429601927048
-0.0016929380828150178
-0.0023082194152532123
-0.0012043385133804207
6.0731972350306675e-5
0.0002644320756757537
-0.0006865160476942334
-0.000990670451056284
0.0004480054329172939
-0.0017050840977178457
-0.00042625650024711654
0.0005723149890286911
0.001517344135092594
0.0006520599311045849
0.001331578615372787
0.0008761224559474407
-0.0008922055597724002
-0.00027969038592623766
-0.001178664225489927
-0.001291569816140203
-0.0003391783782029737
-0.00047752892275957466
0.00017933682431564286
-0.0007942479189374247
-0.0005815544995706448
-0.0005653184049705935
0.0004427379565645501
-0.0018295659436080695
-0.0010843311938785903
-6.80925491840966e-5
-0.00093133149561549
0.0012587079838683375
0.0004652733633839049
0.0008146160510830074
0.0003709054157928174
0.00029253303243513627
-0.000589660069868783
0.0006767432369197491
-0.00110303403043909
-0.0007464873100342722
-0.00033827293079319114
-6.501656831776098e-5
-0.0004365911619694571
-0.00014169589583224097
0.0017589627008887244
-0.00041330410539720846
-0.0009122204241221854
-0.0005027451454563474
-0.0004142881794165621
0.00047729762064087605
0.0001926491182882771
3.2357115457368765e-5
-0.000513461343633556
-0.0001625284154341296
-0.00032592975873909806
-0.0005386225592167173
0.0003269388035456273
-0.001334467025377423
-0.0010021375663394451
-0.00021869546319470265
-0.000561170497462072
-0.00031729247036794386
2.578312125722684e-5
0.00043246431122635916
0.0004137312637120156
0.00017998403304241917
-0.0007426109219642878
-0.0006350422569636163
0.0005669262743205035
0.00063080873270606
0.000551835854075799
0.00024399119887850802
0.00014568314799826866
0.0010382753826470967
-0.0008557637644993637
-0.0017579348919924544
-0.0005551987461583094
0.00030935343419207504
0.000291544318002086
0.0006960710124801443
-2.2609363451495286e-5
0.0009510329770189826
1.27031389187965e-5
-0.00035294890542229634
-0.0016292969610907043
-0.0016935397376422379
-0.0005476682353465505
-0.0001546339558548221
-6.0000686232533195e-5
0.001415257917729763
0.0012137754537951664
0.0007043442056282371
-0.000537653281575425
-0.001156972225115405
-0.0009194584559968041
0.0003908726318488539
-0.0002517142853630769
-0.0007875623926228658
0.000564118662703881
0.0011288310028837747
-0.0007409742155092118
0.0006570314679632254
-0.00022668348850918242
-0.0005018645513961406
-0.0001371349223578481
0.000430698945654822
0.0004238296326396373
0.0004964438543143246
0.0004389590119947554
0.000542722750612211
-0.0014309265524440728
-0.000848012530638414
0.00044349469631666807
0.0005503456124065195
0.0010208142846819277
-0.0002552825972272391
0.00024670208796577216
0.0005572338215078622
0.0003257306116909578
-0.0005555956551933563
0.0007324633806213748
0.0006417559080981614
-4.093826005849028e-5
0.0002552417536045515
0.000496479931244777
-0.0010700579075657646
-0.0010025187208778218
-0.0006341540726866058
-0.0007747181753087737
-0.00023839988359249207
0.00042267972868491967
0.0011041950600656093
0.00020310879405066487
0.0002763484402926973
-0.00016694213601071398
-0.0005929039330418578
-0.0006459689062734425
-0.0011329590955347288
0.0001721945162630881
0.0005320672414347864
-0.0007952163220970348
0.0005492132206888036
-0.0009228949410404956
-0.001284898209377712
-0.001112167871817364
-0.0010177174372641073
-0.001154505215853774
-0.002712718710937325
-0.0005200620884969439
-0.0005504937202844157
0.0003172135978758027
0.0005934607895440426
0.00014069947161693834
0.0002331188169526381
-0.000422088962500982
-0.0008175692979076811
0.0001680192779246597
-0.0005402423401149269
0.00012249062652014964
-0.0001435071149189028
-0.0006527006018187515
-0.0030220122055353254
-0.0006043615980882808
-0.005269950790967972
-0.0027259712723116322
