2.2216144336817677e-6
-0.006415918181669967
2.0815757048362492e-5
-0.0006541696492469484
0.01712280037114675
0.018099875885678445
0.021645524347977646
0.020913193551540213
0.02094418480239264
0.019962468267634047
0.019099640936056542
0.015857452102582183
0.01541645356742037
0.013538519403209779
0.013272760504396932
0.012716258301063202
0.011979882812174622
0.011803752033051378
0.013491501053048098
0.011460766112484703
0.013766928352795714
0.013797480756345914
0.013254165708064277
0.014854733237903314
0.015776332876831747
0.0168582667117535
0.014714950093434072
0.016149719842783017
0.014372243031813073
0.013707855310760695
0.013138590508725897
0.01233157428058737
0.011801067115385753
0.012295494651539118
0.010807995261060577
0.010647259035668885
0.011168290053793672
0.011107845707191893
0.011878914753268063
0.013573373274762587
0.011557013733922301
0.011836580981345778
0.012250241552442916
0.011932443381305311
0.011415530802312682
0.010985594750158027
0.011789296557509073
0.011620396947385633
0.010356389701989585
0.01148025125382593
0.010365955650191624
0.00959709305580889
0.010113595284245245
0.009591685216483363
0.010299421892118719
0.010541764147336843
0.010594275460802102
0.011001241141218756
0.008196193928492235
0.007811880489651136
0.007949081623600768
0.007425860457297599
0.0076682564399838315
0.008850365492425547
0.008600882243481147
0.009861161447447697
0.009962607061028968
0.00976488119011224
0.009087818760088295
0.008899463544394174
0.009501508520899137
0.008470934462096728
0.0094133711745242
0.009212032533271564
0.008312028160505221
0.008267066987360404
0.005997849777068388
0.004765923284138924
0.005639839458110572
0.0054993601604362815
0.005556258337960387
0.005028703671612535
0.006232794661303224
0.007205651352791416
0.00979173157938979
0.009452900615538372
0.008329723503623682
0.00810250816319087
0.009104829131027255
0.00859896087905392
0.008423353712515824
0.006931155696374956
0.007228510644366252
0.005938149971642736
0.000998436186763649
0.001960081395403522
0.00021611433677996467
0.0012333852679587312
-0.0001823702854458227
0.0025365687893177586
0.003195949359572126
0.005722827379229098
0.006335033305028304
0.005328093435979923
0.007455582109019399
0.008087568912153831
0.0075582258674046
0.00832568727709862
0.0081877015535668
0.007349026152103131
0.006346739103216927
0.004536980031692777
-0.0008831434812443216
-0.003667744452901379
-0.004413050665762052
-0.007710213703429987
-0.004997919843942801
-0.0033774352436798044
0.0007584899316811179
0.002609574730799039
0.004850592677547174
0.00533097528713865
0.007377024509576703
0.0069936045980087255
0.007696537209138217
0.00830460909047854
0.00759165676145294
0.0060150808914068024
0.004337534835619715
0.0016061848643355817
-0.005727990196162717
-0.008259487367026063
-0.015591236415355574
-0.015036673121040782
-0.01608267208965089
-0.008562713210675057
-0.005636756497528152
0.0016805149234228817
0.0041463402212784
0.00525616792865238
0.0054350932478066105
0.005798521930034576
0.00661398900856746
0.007254928176674776
0.005790768848270074
0.005202299832875587
0.0025110569390869343
0.0004315641502078771
-0.00792594702294615
-0.020650343284581468
-0.02844408018053288
-0.0441505886278443
-0.02717992900150743
-0.020211582273092964
-0.006461682478866613
-0.0005777921670151585
0.004149603917673679
0.005117408348385252
0.00679917456146062
0.006525342506876265
0.007749989161422785
0.005954720258909322
0.005258963339965453
0.004133347298577581
0.0016522197866963417
-0.003435312908145473
-0.016270642030622243
-0.027628810624067267
-0.07204055739782678
-0.07782078174883326
-0.06951938711422159
-0.026300346284663552
-0.011656051959043403
0.001069978884951216
0.0031546657786027136
0.006528272111127255
0.006941684667966518
0.008408814321192911
0.007856314145926024
0.008084888590522045
0.0063775305605538015
0.005302394626987724
0.0005330473923936742
-0.002085780471439258
-0.011763068091755428
-0.05660749648447187
-0.10023658887817449
-0.2713796658125444
-0.0872317995195936
-0.04752780853186651
-0.005065296395792335
0.0018742342403608786
0.008158985283972438
0.007257042293430643
0.008576728680580525
0.008175863805740341
0.008312311777708237
0.007345046045702176
0.0077496205599548555
0.0059378833892323
0.0037068699214384336
-0.003351945940466587
-0.014081475836730285
-0.023053002514854017
-0.1792583753066284
-1.1868397051998123
-0.18721690905800098
0.0027054348011169176
0.001232354137739671
0.01434182017024551
0.010201546890693336
0.010903643388392
0.009672071613446303
0.010591377119607337
0.008799634949287281
0.009451032433793355
0.008784075953894981
0.008421833193013921
0.0036959396187724817
0.0034545658596523265
0.021822866646737164
0.014830488619109166
0.1793336053743571
-2.1265973922328927
0.18545395043812302
0.062463319560273386
0.04141199423054835
0.020611240902597215
0.016339460064225
0.01259831673566874
0.012392106705939623
0.01094654843118798
0.010705491482531668
0.009814429159358325
0.011123415732890284
0.009105364889170665
0.010960426970856085
0.008446759647421238
0.024498851338671628
0.06017957097301151
0.09063205804462034
0.29154535913577306
0.13113961574498206
0.08963540997468111
0.03807311099763105
0.028135361690981065
0.018798309921748163
0.01677795081924443
0.01341114396875522
0.01241408479373492
0.011216396805335418
0.012085659744953008
0.011384602707331052
0.012452800424953305
0.013422557686548613
0.02141639230331557
0.03385700440666323
0.044448761252773146
0.08358134223944551
0.10002182130272727
0.10054425765336955
0.05658631955899923
0.04308016769398407
0.025968376950900582
0.021494234875349
0.017113089094711476
0.015995680174443708
0.013694476025262903
0.013384095500346952
0.013000129667254999
0.013581218648671144
0.01394492663508668
0.017890457388328753
0.02150522799664335
0.0269525278917076
0.04136645117510697
0.04869551107325536
0.06673331760542903
0.0529574698106395
0.04598078767978655
0.032048066660767455
0.02592949640803784
0.02014239969622164
0.017257954798996944
0.015702407412583667
0.01426362792662216
0.01311254460000471
0.013847013322325328
0.013219851790913723
0.015551558983319154
0.016390263572808116
0.022265499075428588
0.024114816583682686
0.0274267595319591
0.037044471363101544
0.0379144558691732
0.03845560897725421
0.031393251226381716
0.02808715732679885
0.022062401368185654
0.01900796828811268
0.015961380078128858
0.015764512688985318
0.01309751378281768
0.012098963932162067
0.012410786253390097
0.014146825316803812
0.014549404573562349
0.016555282694155092
0.018728183096763072
0.02001944255378494
0.02337925895754797
0.026639218741308285
0.029272262813531128
0.026488469531712317
0.026689825691510554
0.022308982811782514
0.019583175364218584
0.015508496264921179
0.014886374315510697
0.013203745511700764
0.012676869287171946
0.012174017802343867
0.013128939519170218
0.01342269399385382
0.013644067518592583
0.014883919433785114
0.017526813568978398
0.017378573911975934
0.01096515102397082
0.01683966787748787
0.014410283968755249
0.005333307562902928
0.006128903448606282
-0.0024367003570000888
-0.010597957691222204
-0.007838422095108698
-0.0014790954596368248
-0.004373448441324736
-0.0002188251025213373
-0.0048906414019076515
0.0027029392575553136
-0.0006484701476263941
0.014630337591751684
0.01402926059716678
0.017014705600648435
0.012770868233624017
0.018547832099985666
0.014503014587849741
0.009658100894584486
0.005837807702219496
-0.0028046926941415473
-0.0016450136754570396
-0.01576553736755979
-0.022473954744463343
-0.0220569215258634
-0.014379919362956042
-0.017757813318130155
-0.01519092984293086
0.0025886660026279377
-0.004475879219113183
0.0010730953413938056
0.011166475594476819
0.010408181707834283
0.016779989490018403
0.02206351741511425
0.009044323706862183
0.013954563225443459
0.004318124330999899
-0.0006117103672749532
-0.018003091799996443
-0.029309354001306635
-0.05443164855142701
-0.04345690118275407
-0.04031600636659649
-0.027114325331682933
-0.024205485050087138
-0.006564986044726571
-0.002013318163169316
0.006803014030809726
0.007795151036193685
0.01479307844083676
0.014772647585386017
0.016319664308676485
0.015004207352773294
0.006891561995429164
0.004764729081346594
-0.009601567495850574
-0.013243035997956915
-0.06801088280473876
-0.11165733657067971
-0.12127713099073503
-0.08450220697723901
-0.05447897638281389
-0.02765883525329678
-0.011628975896746087
-0.006949695597286033
-0.002758622939695707
0.0016099535085158994
0.012055455495326273
0.01082488060656346
0.011432322446239688
0.011418239483115713
0.007320356428237192
0.0015668771306979843
0.010530857654736913
-0.028909483500712603
-0.055400281231285334
-0.34365844520839933
-0.23297371801209313
-0.16662889764682268
-0.08412053658162949
-0.05244560447752644
-0.01812852935464714
-0.008845305703859906
-0.001338482432491501
0.010118548476375562
0.011426364579141993
0.014438828490606369
0.006362728321305104
0.017068284789589695
0.005067909220683272
0.010749754070241159
-0.004475203795491097
0.03148239662947318
-1.1545402962198752
-1.2948906858479097
-0.685791001751624
-0.24968200190859619
-0.13953124818763132
-0.0660953228802988
-0.027824132216392676
-0.0018434550721984702
0.0005353656462871078
0.007949200564760764
0.010375664141014158
0.008258338851311282
0.009575339079892482
0.009463370254683301
0.010864009706610594
0.007960211854058706
0.04323011829114452
-0.03125140710577443
0.24360769141889993
5.832516341895468
-1.38449125222927
-0.3512739297924455
-0.14641184991210182
-0.07166132327062595
-0.026775730969235856
-0.011606062964442285
0.003201907148845818
0.005401722886945496
0.008903304882232989
0.011928415570361318
0.010246455870689654
0.004632782719904717
0.0076204938806042795
0.02232952936800696
0.004903867101542569
0.05690735036480901
0.05541632276119282
-0.043684937573103585
-0.296357022379332
-0.18527846223146435
-0.11241142151799283
-0.046382813686050677
-0.0218308443634698
-0.009767024567845298
0.0056400589397123555
0.003430164709077455
0.0059733629061331376
0.009511752184379033
0.01569628722318973
0.010250227407038659
0.009726582354772525
0.011000619862774235
0.012408750032389268
-0.008239673347262028
0.03455529812397754
-0.079331971852908
-0.12344367212747914
-0.12477576387889418
-0.062251716357599234
-0.03424721343931012
-0.010731459526108518
-0.005021135522977128
0.006820515410933816
0.008310886507906096
0.01046903559223069
0.023669794053300455
0.01907605856686997
0.01770953910324782
0.005544219559086956
0.011998164736368552
0.0023559152606494487
0.013237811420877824
-0.017612769044812845
-0.004719747423619988
-0.0631215823331627
-0.041166510110727396
-0.030682200814070547
-0.014684647474833626
-0.008068522961124328
-0.0035233056450845535
0.002431183767445866
0.010034590180289743
0.012770187314315088
0.018475793103540965
0.01699832311962164
0.01547026770766321
0.014515084634331356
0.014689050913069232
0.006729053813718149
-0.006107404313840048
-0.002767466991837658
-0.014921993583539449
-0.01335380477693005
-0.01821930271023606
-0.010853913803887363
-0.007129561763886525
0.0002055693581149633
0.007916665916136609
0.003258660468217537
0.008737779344754198
0.01323412692447186
0.01850529922296788
0.024714226026759104
0.025275804428676253
0.010402550239235675
0.021398901204010598
0.010096688185065258
0.0020533946531764552
0.0002481113828037003
0.006532390215032036
-0.0040725087676989095
-0.0034825072871389876
0.0009718000834417843
0.006473368476919651
0.006280359590991434
0.011557714488981428
0.00918181869312617
0.019525641789579856
0.019278251944543807
0.017866576575252358
0.01669260215848694
0.022803203807908977
0.017196532221709943
0.016357290640753544
0.011025342578381225
0.0056234157556138776
0.005355039285382432
0.007871234640376881
0.015500306739477233
0.008106603978266525
0.008186925733116211
0.012177292148841527
0.010350932032642413
0.01116833202282604
0.02034958533813902
0.015303786706329894
0.015838062548275342
0.020145141175556977
0.01526232311700358
0.011742311928274629
0.006404842759532232
0.023261676903783397
0.014459783819637508
0.014023120915206749
0.003592429315997101
0.009406887313438899
0.012226238043218733
0.013362000642695823
0.008124453399353148
0.013975405937384743
0.01451234456089317
0.01729462686096548
0.017623285896423053
0.019250025121931396
0.017703172894087592
0.013432911037198729
0.02016868937172545
0.019517306079255833
0.01865907824401185
0.01678951515343144
0.013179321309810253
0.010238657851516918
0.019504396388059123
0.02080957455724802
0.006471835651135144
0.00944324108372744
0.0029289531603344044
0.008162163469574664
0.014877934926106846
0.023155888641095433
0.024060498091448276
0.020160273734559527
0.0235962401415842
0.01707157009769796
0.019384063041081447
0.012369674152273514
0.012099620554692892
0.014420236823347761
0.01343317775659563
0.0061224090431671405
0.016241500476812887
0.007338418948385002
0.0023783957854762706
0.015205433918371756
0.009645342187368379
0.011979441531143298
0.016220232376069208
0.020496938822434013
0.012673972168051606
0.016464961326074414
0.01887796607592968
0.014638185665894539
0.00908258892813602
0.00716899443195823
0.013154225792240001
0.016290592883390534
0.019404246950261137
0.007215532817899788
0.010476728675512345
-0.0038572922077612162
0.0008941667681850544
0.009071878526633256
0.008744634933465856
0.007293965592564188
0.011942260498286776
0.015470978125382834
0.013879035197558749
0.019008181152137663
0.01192533857954113
0.017326920229033628
0.015135149462426655
0.013943125463934641
0.011544224879838803
0.009254867188335984
0.009308954219149715
0.0045478337556936355
-0.0012896280255139604
0.006738577851128273
0.008559328219716672
0.00274293896684087
0.001238818848330995
-0.001116564699438265
0.018382349738775543
0.014699337086788451
0.0180404048390128
0.014041837929431906
0.015498692440509214
0.009013674038774674
0.00948255654184139
0.008860451661449859
0.008794754874271974
0.009315335690589966
0.009632917680015238
0.007923896202165413
0.007107571054228257
0.007550635326167574
0.0068587903104057515
0.00769345971280761
0.007909266507449154
0.0070628591835577
0.00584723959626658
0.006231107190345472
0.006073850325159008
0.006812569609259882
0.00832431878482243
0.011109007571796833
0.011014650622184123
0.010152799139002707
0.009845811347783432
0.009039411814318199
0.009214310427279373
0.008931384987595395
0.00774751502151251
0.008508625864067294
0.008135011153101755
0.0073623014099248605
0.00727082380696877
0.0075659294862745015
0.006562805193301748
0.007507195462535032
0.0078055604844482155
0.008666067860577272
0.010566147640824447
0.013168489578846322
0.013905359856079259
0.012174123743440759
0.01108927225940803
0.011127100572987093
0.00983451154896812
0.009248748154540437
0.009221059568322185
0.008634613894263024
0.007255731863852097
0.007295035517099428
0.007022812046651993
0.006605402621624564
0.007208491011066874
0.007627236516102212
0.007759275716282222
0.00995674696155891
0.01222306511970382
0.017375322835971107
0.017384975337198082
0.015893311328112485
0.013127689253346552
0.012289311043783262
0.011003088995430755
0.009784545945907181
0.009358766018572369
0.008921771020279972
0.007124875752885066
0.007232842969882017
0.007812456772942488
0.006959312833458609
0.008349168021765474
0.007734412531849331
0.008877332647693442
0.011868945409818083
0.015767407793561755
0.02359100600478824
0.026167974811897855
0.02242992954065133
0.01847560046875907
0.016546727490931796
0.013271067119806489
0.010786613731647073
0.009631807100398985
0.009022650623233607
0.008268114914503275
0.007539770263844819
0.006241072678269044
0.005578327155613551
0.008183451678529303
0.00929605520900273
0.010342910937626895
0.012819086704555694
0.018717523856726904
0.04065497210905405
0.03986506054216028
0.03091391804999027
0.021536390270373025
0.01833892374988735
0.01441720533114664
0.011479356955231697
0.008945579511412519
0.00898027725484928
0.008058341140762867
0.006259731362167887
0.006839964632227358
0.005855999317292467
0.006685013697736623
0.00775966625543198
0.009032992284183843
0.014387137995407048
0.02199460708890094
0.06665984956001014
0.07138291676476845
0.03761553402868601
0.030280012765033375
0.019578622423606036
0.017346444957448318
0.012311973127613831
0.009943093915934367
0.00832280836834391
0.007663242537642125
0.005664078176578806
0.005563629412756656
0.0064512203956951265
0.0057451000358879414
0.0056186437948911845
0.005491700017795038
0.00844163455371929
0.021105390863027693
-1.4669148437321033
0.1884997866833213
0.07428601380268884
0.03906696232157973
0.025283908856385658
0.016769627192884246
0.011401588730070513
0.008391158890848552
0.007669271865148482
0.006856799082809799
0.005378969492444073
0.006417299137646253
0.006130010673343583
0.003935526542252623
0.0013572486802064607
-0.002029764042963302
-0.00942388493688619
0.013538133173394522
-0.11791420428842954
-1.079259269114967
0.07055795036988234
0.04332350448807177
0.02261862827298838
0.016863530355669808
0.011757460805790982
0.009904474643975692
0.007385930915766051
0.006114105871787574
0.006028238775370735
0.006022226720949536
0.004923724498851059
0.002229486497815807
-0.0014956164600425348
-0.007371613756743073
-0.025502370049387667
-0.08760564012452575
-0.08905624733957684
-0.013187516943615116
0.013488572838067831
0.02043063155875662
0.017707424367230922
0.012974798415287427
0.011670837820860343
0.01006487885807995
0.009091414588119082
0.007447121472155826
0.005542875344539888
0.005059303780028629
0.0031285100740874082
0.0011835298865794281
-0.001672784240261485
-0.008557651860681319
-0.019627846176791818
-0.03682326872277262
-0.022117947035333253
-0.012141637365124238
0.008661860253944885
0.013210229785281937
0.011265276478012964
0.010652388652448472
0.008537541258945576
0.0082887716846311
0.0069294663495136485
0.00694128229659237
0.006344343980150147
0.00552519011398248
0.003904141481151084
0.0026389752037044023
0.0009369041938558118
-0.003022890993508683
-0.010187610773556347
-0.017969882906440002
-0.007056958742586213
-0.0029317544661532553
0.004276339143935542
0.006326561554262913
0.008196618834495004
0.008996029951142168
0.007637989057589481
0.007938061674391648
0.006944741024565596
0.005972771306818023
0.006863225504853773
0.004801936369773127
0.004089251916394252
0.0028277649309461626
0.000161332353639542
-0.0008615537553417538
-0.004609894140501417
-0.007043485465792989
1.5985944275562355e-5
0.0005166158290220614
0.002438735339621998
0.006140338552454057
0.008476258735110688
0.007640942521893515
0.007844583901497374
0.007613429481134555
0.006564562100812572
0.005766784256831371
0.005000523173937869
0.005339271350047839
0.005090426282368576
0.003099213871211531
0.001589003505906828
0.0009794193495983627
-0.0008168088055225007
-0.001380735918052984
0.002741018380970411
0.0010396230813923782
0.004679193433622097
0.006376460128428508
0.008150681010687994
0.006638625867071621
0.006383269985225173
0.005636470363083366
0.005531295504711785
0.005697811183709755
0.00602322358295851
0.004932597000422864
0.0035554052786333137
0.0035249353799818757
0.002988028314787467
0.0023591533421149094
0.0029429556003272473
0.0015033905307186056
0.004040192544396575
0.0036826976861522903
0.005630014159606274
0.00810885979251065
0.007743331240773962
0.006281853065333739
0.007221149674732591
0.004880530459192962
0.0048336703999643914
0.005436900028098452
0.005307905906141825
0.005873485324763817
0.004653466374505851
0.002588242512993942
0.0023190805738291533
0.0033267479973273753
0.003875537440557547
0.003416920235600444
0.005655875194769523
0.004975828697803785
0.005078680365600658
0.006891081865284985
0.006549071029479185
0.006232552176018511
0.006590639226921356
0.006300969881316782
0.005741344177713755
0.006098510752888513
0.0058368717381479624
0.005934159927394409
0.005808289702380912
0.005375289311416806
0.004497127048764506
0.004778326845078583
0.004619067941052225
0.005829017500791482
0.00452321442053999
0.005306143528971192
0.006638534707403858
0.007147923989904964
0.007951228138038054
0.007238143738531256
0.006934680409861449
0.005194346164442499
0.005797512533166124
0.005424509084361994
0.005038219063305404
0.004745155163202201
0.006162468858682189
0.005060138372331469
0.0043604048195834445
0.004689533378897627
0.005482942897414478
0.006192388970938698
0.005887715071400955
0.006415442270892289
0.00765185940033527
0.007351654599943002
0.008968667708141169
0.008211339163441318
0.009846722567035634
0.0066396228534397455
0.006477706566255979
0.005779887066307205
0.007174010724427837
0.006250324015215952
0.005515294714644789
0.005047046999137226
0.005626579695039267
0.004889879970368621
0.005972833503168898
0.005361674683726239
-0.008739819790379815
-0.010665375960597048
-0.012057277399417542
-0.013017893162910412
-0.014965821956121065
-0.01583284790533747
-0.01680956555675795
-0.016927408528541188
-0.014440859717888409
-0.011579898252531877
-0.004492886449753459
-0.002867584526701563
0.0011654121569588066
0.00012460590181011407
-0.001152069542864034
-0.004564083056409691
-0.006105261280119506
-0.008021538627552413
-0.008759376689855906
-0.00955717803216647
-0.01130339920016863
-0.01229945932850934
-0.013215580918584121
-0.013977954479104732
-0.015863831728573415
-0.012990862530506178
-0.013039958736927489
-0.009916545855906683
-0.008630219596642893
-0.004709207572132579
-0.004966977586493657
-0.003214673603708641
-0.004928628582800393
-0.00566923975541063
-0.006451758588640833
-0.007891702445150207
-0.009102169946495556
-0.01006395285685371
-0.010827090497765682
-0.011040490102910134
-0.011335482939005959
-0.01307640486219422
-0.012439472567488936
-0.012864843889377134
-0.011345974595677792
-0.011272780017979944
-0.00853904646916936
-0.007519827759317193
-0.006439627962247324
-0.005608091650352409
-0.0049748094486263645
-0.0061498354292916614
-0.005471164507157002
-0.008571944973931073
-0.00918774044732089
-0.009759400752336975
-0.011484747899009348
-0.011759481878681529
-0.01170077963320681
-0.010920270441902675
-0.012133845669589725
-0.011782139544249219
-0.011919783195625604
-0.009509380102406229
-0.008935674246500597
-0.006656857068673841
-0.007005871840863356
-0.006280754948421618
-0.006893429580219625
-0.006661159528444548
-0.0063461185716971805
-0.007280559663381323
-0.009845915612294639
-0.010172931400078593
-0.010911026836814339
-0.011522789785052013
-0.010307601333456474
-0.011935576846757931
-0.012290668578623045
-0.011888941440473559
-0.011396832041977256
-0.009840817733748095
-0.009878558029312428
-0.009521113853445166
-0.007941988291196495
-0.006809269458918808
-0.006476757318246065
-0.007081662580349863
-0.007034263765646929
-0.007673908726413522
-0.00854889628299353
-0.010107739161911634
-0.010649009014575384
-0.011393690108025864
-0.012493172298831227
-0.01202920891479742
-0.012377488778762191
-0.012166795859818055
-0.011386858579498883
-0.01039803110457918
-0.010885470406982683
-0.008828054456149209
-0.00785136018293227
-0.005995829801709535
-0.007057062864609631
-0.007569710830545954
-0.007318413993885031
-0.0069027037385174
-0.008194057221338194
-0.010581198857964904
-0.011692002993593019
-0.01211677397437321
-0.012848775083746761
-0.013185175419433363
-0.012999100258752805
-0.014398966184985247
-0.012508474035126829
-0.012136906061049248
-0.009731382110679605
-0.009743071975787493
-0.007851685403188726
-0.006427506139487524
-0.006391216264154844
-0.0057628190045685345
-0.00804376674158654
-0.008163041804028113
-0.00867621150280846
-0.009684574658408333
-0.011747801804825543
-0.013078353794173648
-0.014502405492444078
-0.015362861121891143
-0.016353764473705734
-0.015020632254439321
-0.016260389457203418
-0.01339598811271087
-0.011126302891370779
-0.006443212010173261
-0.005874585472172182
-0.003529022271203347
-0.004744252483183107
-0.00449089802323443
-0.006453887172913636
-0.007560201050751883
-0.009251130132754967
-0.011868314049294374
-0.011728765387308484
-0.014782145195578703
-0.01567687667003127
-0.01873263267098256
-0.019443156488597436
-0.02056113464774589
-0.018184054090775063
-0.016084913298148693
-0.008336803500402579
-0.0056657774632872995
-0.0016084438177945018
-0.0025253280272362947
-0.0022911816087695246
-0.0041816955656503
-0.005047638329246697
-0.00797213084201735
-0.009634482403055056
-0.01153202476655465
-0.013017855968817924
-0.014161024405135425
-0.01884710961492253
-0.020942986658437714
-0.025258565942463614
-0.02587144661878892
-0.02641903773413609
-0.016296395912088524
-0.009158140743662424
0.0014551383866434218
0.0013028951597932941
0.002407992655629335
-0.0006496679316909636
-0.0013529698459188331
-0.004102094731447377
-0.005866699125926605
-0.008618941261282747
-0.012116287365574857
-0.013785673963114847
-0.01717780041912166
-0.02083497676446291
-0.027129709930741264
-0.03135453374906236
-0.040242505931844315
-0.03515373477657789
-0.034201577491769525
0.003820976850944735
0.007000109116974465
0.013553019713522654
0.007661589451376789
0.00626109892771626
0.0007756476191419807
-0.001757355127753217
-0.005946723005132307
-0.007935424942943942
-0.01077960032610923
-0.0142542402433653
-0.01844194265763194
-0.02568148120208142
-0.03131158062550247
-0.04480482280130336
-0.05373571050536596
-0.08367998823102854
-0.050245671331415644
0.002874468933114202
0.04876187024201858
0.027714078164966894
0.022144734691013735
0.010151583665947305
0.005178515038196102
-0.0015119912743593005
-0.0053551498808226215
-0.006698642558764446
-0.011021323597131639
-0.013972130619813122
-0.021153850487504934
-0.027001026038319394
-0.03988494141935558
-0.05246466358484379
-0.09809575442106233
-0.12212332426664721
-0.1865375247153292
0.19686997951278873
0.08666780873999227
0.07117653246040084
0.0302640964762385
0.017283553044238825
0.005543777673613348
0.00045156694823749854
-0.004785524758633885
-0.007391770523123954
-0.010677825779127355
-0.015985378902194335
-0.020727914749742574
-0.029497321128519077
-0.0381299784727274
-0.06606615985709967
-0.09800731010191065
-0.2894210060244015
2.0354547059167727
1.0761105773644235
0.2790199770136772
0.080593498999121
0.046514855363872655
0.018454873234152767
0.009379374216196074
0.0012878151495674432
-0.002761091200273704
-0.00766884022196652
-0.012433595771165918
-0.01485418842988995
-0.02049495960811056
-0.026143006776873003
-0.03774287090612817
-0.047309294741476916
-0.08427465916936376
-0.0961319088487376
-0.19251264636420243
0.20515684661454361
0.11273699076477121
0.0772311637478115
0.03024737042509717
0.017629270251113306
0.006096204445505975
0.0011655168281720838
-0.004478853405272471
-0.007361716061521326
-0.01065414239169288
-0.01376971468072027
-0.017843105231230602
-0.023788226281385095
-0.02864034878162159
-0.04159471999344972
-0.04496729808357426
-0.06193715698083288
-0.018730542508825426
0.023844230816682577
0.06023409415637332
0.029818584566084726
0.02367234573527908
0.010344033046186939
0.005899292879185038
-0.0008620376303174476
-0.0043658089580369645
-0.007407797598404486
-0.011109965423578462
-0.012862486205040529
-0.01696193281393242
-0.019579008464109274
-0.024362569289271017
-0.026426236600603798
-0.03336438731383309
-0.025525312812936466
-0.022807081768149745
0.013616640102321016
0.012401496870211736
0.01757601968656246
0.010629065981475646
0.008339838095222495
0.0028001524752370765
-0.0012321744090140775
-0.004855945874435495
-0.008830822588429392
-0.01083626668816281
-0.013603554235223258
-0.013896680177186784
-0.017685971451529916
-0.018132551296786967
-0.02106982529497464
-0.0203281902674413
-0.021414586077713287
-0.010598094333265033
-0.004304879038903793
0.005787495720620311
0.003997758846731261
0.0047782336341014395
0.0003905496771770612
-0.0010077957144232017
-0.004365881756986124
-0.005916631765453809
