-0.0016899068131413873
-0.0017332069085027083
-0.0016256619599556241
0.0002139207380995095
0.0007053588501142298
0.0010357083835528505
0.0004133685007763464
-0.0005911453779300921
0.0019438429184116409
-0.0022786939401428087
-0.0014822101230615196
0.00013440893614330147
0.0002202452294066266
-0.0010819841358816994
0.002905629929054743
-0.0024688603814002506
-0.008770226207756275
-0.006029815025979174
-0.012291005767843418
0.012813657634665078
-0.007231773184380839
0.0299997359855165
-0.043902405144294616
-0.042952656510929985
0.005518226191131849
0.04363996927911594
-1.2838738695060803
-0.09054901563336637
0.012509336549559491
-0.03468381126225574
-0.005258043719663994
0.13985059805246214
0.681970601282265
0.6121153135934491
-0.04825673683993495
-0.05387890407789554
-0.01123665156800629
0.0368404394041331
0.20900644366982474
-0.08249465346677577
-0.03223359586629301
-0.010399084735630627
-0.017908560820623108
0.010084712741957165
-0.004398254195520866
-0.0035622995984655025
0.007708548535196595
-0.012924466872081628
0.002396670634771873
-0.006401467748376465
0.005693801806263992
0.0098892422911794
-0.12286014607433676
-0.060256301868989254
-0.03871086807321241
-0.027882861916526492
-0.02807277501458159
-0.053336916978582845
-0.07264277869605737
-0.05258413533456405
-0.03387746297646269
-0.03026580626361272
-0.030549753247614938
-0.05364000005095581
-0.08510477946331685
-0.045463620349107364
-0.03905474958802808
-0.03059134777658772
-0.02864121470149847
-0.0407521960975127
-0.3138017862891399
-0.043083480744493204
-0.03326525787381242
-0.024183613570673015
0.015484710533408046
0.12342917292295026
0.5513683278457485
0.8419112115660498
-0.004249806393535335
-0.004097653363257666
0.07200485032899176
0.35081942919202186
-0.5256050885126424
-0.11655822209261381
-0.03291246164178504
-0.013329486868016542
0.004478464101672791
0.020378405380809195
-0.04523644581332855
-0.05108043794836364
-0.04816658808554266
-0.019753954481433057
0.052534988121594225
0.42297485906256016
-0.04218470820315735
-0.03050932387631658
-0.009535090385623175
-0.005448040911669407
0.03253300240754057
-0.027923032123774165
-0.015861860076058304
0.010897846226989754
0.021351877184067555
0.010723438729198648
0.0039899634546892
-0.02042592315596404
-0.001899657242772703
0.018539640068949103
0.024373684835418696
0.010509320297311497
-0.05620711521521172
-0.04697327373943896
-0.006452904232177847
0.013200940672591742
0.005847628518929952
-0.08063304026540982
-0.15377662364837777
-0.17106249991013606
0.14343702692957205
-0.020458863013618715
-0.003809776760321069
0.004177309455648381
-0.33276553989541957
0.452673173045699
3.209177838123066e-5
0.01831344127278504
0.02103997390242984
0.07267758869450992
0.03284856018716517
0.023959014455644984
-0.011036368450379603
-0.045257094205733525
-0.006788603794739371
0.05684669300798026
0.05290064808057789
0.006908846016754254
-0.0706580974782266
0.03606757012483116
-0.36930895764981936
0.003958872637090538
0.021156093241592098
-0.0007934210922242375
-0.008917427481554987
-0.04945484626500066
0.965154842555152
-0.28416849117581156
-0.007695344066895795
-0.04356448517026752
-0.04901683740369948
0.0018038204604091386
-0.3107892843777191
-0.04043546374049012
-0.052656466251918436
-0.028040208342406957
-0.0031795361504131795
-0.0316955549776499
0.029314372347646916
0.013757717967325122
0.016033760065764114
-0.00831741867031477
0.09775487937000901
0.33184093261764747
0.19134467038758987
0.05572974890153645
0.01865877908889311
-0.042505736593937075
-0.008695419825466027
0.11246770825092398
0.05872486057696572
0.03805086085580029
-0.026418467867549197
-0.0066940222765122705
-0.04108790233969175
-0.043358664908110356
0.019280721753512375
-0.027439199203441556
-0.024051304271554445
-0.06366912021226646
-0.17623531848011473
-0.10218647814396951
-0.05491934567402117
-0.006999829102717738
-0.06722594408694538
-0.0801742789357343
-0.27787817337738063
-0.39256739333760116
0.0927806256911701
-0.01270746128484631
-0.041096792400444566
-0.19826788318089492
-0.3762155965547996
0.7660861768273166
0.2828121810926755
0.11258946653747043
-0.04954776162681322
-0.0879795183017149
0.006470375307559871
-0.009993774566111282
-0.021954815103258054
-0.009753731059848031
0.017844663329532617
0.007072350079507477
-0.011782996975581
-0.013133328371942603
-0.024007906220568146
-0.03229338625869975
-0.029397565343402113
-0.00872087118141489
-0.023203620586016212
-0.023373511370184237
-0.05069162546854968
-0.1295419781346092
-0.10568408793744954
-0.05933021842755433
-0.027845620481736673
-0.013030856282366514
0.9017011438693586
0.21869692209371877
-0.347715705295658
-0.06204729310481737
-0.006563265564738016
-0.05201722564040553
-0.08793586191393733
-0.09103384264378556
0.09177434725786687
-0.02771334861270116
0.006824895930113352
-0.022578357134488414
-0.03790896515254195
-0.028823669211317893
0.021549628653875552
0.021843101547245326
-0.028186103563366295
-0.05437247338519496
-0.6352089786459376
0.6565170449071885
0.2260719858985989
0.08302333756482726
-0.02660344441756718
-0.15538103925829727
-0.2558389699972862
-0.39165091354551457
-0.014530534499708399
-0.02225290767259042
-0.04189889495064325
-0.062148656863313355
-0.15997264049289667
-0.11182131899851265
-0.061507667398524035
-0.020126970594062106
-0.003991695837344411
-0.02527314688133618
-0.00941626769201362
-0.018942394013779982
0.0026375064490197584
-0.011719510362697142
0.008244070403143813
0.03171623483603113
0.0545079736457207
0.10726106784047176
0.06319315418358135
0.042019702765474023
0.039774017607649884
0.032680441990224816
0.23899989530891336
0.28936821779169447
0.1887285270394469
0.06230135081152503
-0.19344973234175095
-0.6569219927912092
0.5476760887539676
0.20130443760483416
0.05167087632216084
0.014431058201675806
-0.11961027430844444
-0.2205446670942377
0.6889700907720009
-0.04851897700906207
0.01218572288580056
-0.04096551161596328
-0.08008213759832328
-0.11499291535879101
-0.11661705297150021
-0.017049332300191636
-0.021922470907306386
-0.008304826687729944
-0.010563345964917207
-0.06229882887203299
-0.004399647698270297
-0.009232503220056755
0.012817770075247108
-0.01156218685153853
-0.01250389903244153
0.0014115340053571968
0.028696577887152446
0.046333303708474625
0.020364674131680596
0.026198627609310222
-0.054249008152679426
-0.10141971402353878
0.11179820920428932
0.09630131319867236
0.060068861452039046
0.003579878994364113
0.03535156075478768
-0.014532509468422446
0.00648618578072177
-0.029210717618609307
0.07709398425178249
0.038395994368036555
0.013809352876011673
0.016725110699347866
-0.020728301652761648
0.0012084729043143638
0.011631849671953477
0.05586268063673001
0.034812066901723414
-0.016428347063091514
-0.022760789853712885
-0.04256554403793984
0.044873907831742235
0.022850021098605455
-0.0014448556267476042
-0.03081153535068989
-0.09669867140545246
-0.2707260307169225
-0.0069424267250086545
0.06465322562717395
0.026947125689254687
-0.053788541449489954
-0.1290115929763792
0.9966468464528767
-1.34790041995496
0.01580210507109843
0.004479002854160133
-0.007893535773056605
-0.04571830104471767
0.5011422989595283
0.10973135186627386
0.07855897628422312
0.04150282108109634
0.04554583084158366
0.00726857164639689
-0.18633024797758962
-0.1269022603156358
0.01825778589240022
0.08165367908170162
0.041634473869816904
-0.005666247152476119
-0.29015840955816846
0.7276824719944847
0.34901131394835255
-0.037227732436933295
0.003943431002628442
-0.051530155879401573
-0.2075001831299729
-0.3629815255816348
0.14736965041648512
-0.01595582413420524
0.002722818589278578
0.009290975597453746
-0.08052570300556579
-0.10315517769986149
-0.07046746577924576
0.0035988829239589058
0.03549916155627722
0.026467945160936205
0.00954224558969626
-0.04236934641295637
-0.007225329685167836
0.029932205676014158
0.04385793271730757
0.05285546486926383
-7.702128409524149e-5
-0.019797257320350158
-0.003867775095379469
0.030258533549567687
0.0345309419021682
-0.006658135904574707
-0.006787333738564719
0.008259137436008342
0.04974439545103419
0.04475158984259551
0.021564684631962306
0.00478667910440363
-0.05318497128813502
0.02943832490324118
0.02598445630474361
0.037775555424599434
0.05883671737355129
0.027811344654741436
-0.33584655357812093
-0.013626514210153554
0.07059620070760278
0.0792691713580744
0.0956932725302782
0.27058654951503575
0.6817132953531374
-0.9622480203579776
0.08875584418308141
0.04997996133265166
0.05166759347521892
0.009125442045250332
-0.3771556799746352
-0.13168197596904463
0.07646798742145233
0.04884969810583273
0.02494411447714009
0.006158258822292532
-0.06305717772333466
0.02006083667300598
0.033335776159572804
-0.31686495761766176
-0.03992406705990089
-0.02059676223157601
-0.02668460768475728
-0.07501004367833729
-0.01817218764432199
-0.9688803654597183
0.47764217318409125
0.13420921129892074
0.025322318107734307
0.012459693741709812
0.08971680450498791
0.2895625668515638
0.2942447711629875
0.10729569648438686
0.046233152446427644
0.05124721302961525
0.13699069775588443
0.07068558037619872
0.09489797485781015
0.035882864136013014
0.016209591450325366
0.00619207391932976
0.04298255790170013
-0.0036008018738743915
-0.016748087578118645
-0.009141212051902763
-0.025352588810036884
-0.026174689180234256
-0.027283575396154076
-0.04980000800055795
-0.060197118459590776
-0.03291242568827584
-0.04165973550005135
-0.05615612039271407
-0.09561558683648845
-0.02470426333358409
-0.17774859004405907
-0.19770778341283335
-0.095377639644105
0.012941099221832616
0.0029139901164615756
-0.03330658762088505
1.1490818230036972
-0.6827405494783715
-0.08467209230824865
-0.004059137689805084
0.027889119105150875
0.021508006868459013
0.27303751714611685
-0.3535101500731243
-0.08043494756415126
0.030862379064564134
0.04867629528311567
0.0405320680777079
-0.0061722647756189295
-0.06891741785959114
0.01592776881357421
0.039905063647586475
0.05863852528700329
0.04349804738378305
-0.004596733738046438
-0.010241635303256155
0.0038444538985353597
0.04846776071302938
0.04264242520065225
0.003165698401517727
-0.016569481879240455
-0.09992651534105561
-0.015237760433726736
0.017004596139558723
0.04098691316887726
-0.07004696349098916
-0.09046966280919655
-0.05173078516544007
-0.01058185135465427
0.01344884876618317
-0.0023414134183079387
-0.12925093168777751
-0.1254339269784588
-0.06836631842704757
-0.013163203092138713
0.013276884050992876
0.006933345171091515
-0.3603249356400478
-0.24642462444676672
-0.11360952374984659
-0.009316691052479469
0.08449967641204549
0.25015990658118265
1.0839006799528839
-0.3652028566581269
-0.10968376406654243
-0.004738614054545867
0.14850037563473753
0.6738084413600232
-0.319556898030993
-0.17036939968444834
-0.08041373602789303
-0.002949623855464553
0.07505852975778401
0.15862771347544763
-0.08825755683992695
-0.1000394233534475
-0.049330443480154966
-0.006342489031264025
0.028789046364597403
0.041742188775568796
-0.04429603559622813
0.8319455286099224
0.5675643003573324
0.03373123903946248
0.03325703196804486
-0.07595098324814178
-0.07706410201895954
0.14811269378725764
0.1430734223864485
0.07729078522027652
0.002809136417751573
-0.023150942846848085
-0.03245456099036845
-0.07593767502071745
0.05706446484960107
0.018708247882503165
0.010459697350633049
-0.05455029590062051
-0.07563933792326709
-0.06635074779419411
-0.06257377127691932
0.004432193370861368
-0.043086974330053145
-0.027095637247258775
-0.06928728837039845
-0.12669408879371682
-0.07069492607728255
-0.059535082754636794
-0.017351379803876358
-0.0684181243603832
-0.1756313460818243
-0.29374871654372264
-0.25668370497506515
0.018158941219581337
-0.050143046857786845
-0.048268913586137385
0.053173034502341225
0.022114275392225578
-0.005693709243743538
0.025063556741900292
-0.008133047754735978
0.1218658589006692
0.1370779776218056
0.0036048843885114774
0.04285629627374866
0.033098280942995405
-1.1807771686429156
0.6401860045897632
-0.10519615494097936
-0.03218267147018993
-0.014806616120416812
0.16055167688952263
0.4551496246626033
-0.3582465453537562
-0.07245877027588331
-0.05271045555038542
-0.0005799979005902577
0.028375160247166895
0.09952982670722503
-0.0678452004085049
-0.036928459353937945
-0.014294504043159724
-0.015122908651705595
0.021405938517509437
0.01672375789772767
0.01858955916453459
0.02479278341469988
-0.007901699905370407
0.012707145235226204
0.00015191146701202076
0.03046062276529032
0.03939973345478283
