-0.0020990231409017757
-0.0001039184057189492
0.0012329092007131491
-0.0003629544386256461
-0.0028246119794624407
-0.004373992495136559
-0.005463447722456427
-0.007269692765111441
-0.010545274833378648
-0.013510260302727102
-0.01253743806750576
-0.011993707237026524
-0.01050044723117906
-0.010638763110222637
-0.009858947782463112
-0.009544586591001656
-0.0075114784800181765
-0.0021925196433672392
-0.0020333935436385063
0.0006943224015474301
-0.00035547525979512883
4.6986433065486304e-5
-0.0025361244883438617
-0.005994982369116901
-0.006203974892776827
-0.0063488830927740285
-0.009277282627974484
-0.012251776935172288
-0.011342032215158821
-0.013819573733547601
-0.013813318466740913
-0.012032508150380468
-0.012898560970724327
-0.01155095360671642
-0.013455073274671282
-0.012090474920988447
-0.011439785073434884
-0.006117325125917005
-0.006651192668115202
-0.004296129102443055
-0.003842651981614357
-0.004453121491115238
-0.008396239625133006
-0.008371937650922966
-0.008626744528376562
-0.011575435492603703
-0.011922092977067146
-0.012835283364910199
-0.010658470335895051
-0.01412761767324591
-0.015527686137515663
-0.013501964998941947
-0.012158061298775159
-0.01297385424353677
-0.01570668896989007
-0.010991251857602781
-0.010473520942161257
-0.00819370531608261
-0.00768051201566695
-0.004494027075123805
-0.0035453743603287026
-0.00598709016319619
-0.006252378436201358
-0.007500689809994301
-0.009032381855293129
-0.012641765137117136
-0.009732397480292976
-0.011731164939015673
-0.010599094958141405
-0.013803211017809583
-0.013183996146277783
-0.015328795024156495
-0.01297619208293921
-0.011658991083780481
-0.013269654037822109
-0.01078044065715694
-0.010407391163212288
-0.011949357780867316
-0.009470918575814568
-0.006637960775767895
-0.007067982868362492
-0.004750492192171028
-0.006448076874530775
-0.011101372148062394
-0.011388638614510274
-0.013461883565610762
-0.010339083804030036
-0.012213718956931812
-0.013883930681896948
-0.014966263170077218
-0.015812758390542813
-0.014939385772298901
-0.013660931837219363
-0.01096149884188263
-0.012849526260842849
-0.013039955016856015
-0.012428703514762805
-0.010197788416140982
-0.010026508587761353
-0.009506807221027837
-0.007011926544154008
-0.004695400631846123
-0.0059440898984942335
-0.008282715083418291
-0.00852582204983517
-0.010685142175417583
-0.011305254967814041
-0.015490568085628978
-0.014666357783153726
-0.014178804625641347
-0.014848025906212547
-0.013548558350156288
-0.012688560837140157
-0.014195859288966883
-0.012026478035084073
-0.01068061287778739
-0.01235805677566162
-0.009172951525910208
-0.008254529160340215
-0.007940994617082465
-0.006808396606441584
-0.005961949960030754
-0.0017303218160655048
-0.00639730409913576
-0.006540584203485708
-0.00864775503662106
-0.011061744945726369
-0.013495429264752399
-0.01168838343308398
-0.013643051738576313
-0.015295187485288644
-0.014103990053761542
-0.013041021813328325
-0.010294499485617599
-0.01135065526725804
-0.01191484028662398
-0.010637342306994571
-0.01189254033337543
-0.007526592078961805
-0.007762886921290826
-0.007387203159261998
-0.0032370561942161938
-0.0023244546921813917
-0.0026998481047786267
-0.0032575613170437675
-0.007970261881880067
-0.012677595648062784
-0.010632195346363785
-0.011362969286459306
-0.011995520349181173
-0.013441639979085181
-0.010537454236317334
-0.011865667223663038
-0.009122728443202189
-0.010236027463105979
-0.011277231539948541
-0.007296746350159254
-0.006680188362095094
-0.007476844543526131
-0.0041680194810845336
-0.0019545978027401085
-0.0002683866007069006
-0.0020911488974205052
-0.0021982255436998506
-0.0013490519960871774
-0.005188297479123543
-0.009099795461434216
-0.008866246226748437
-0.011429714940537634
-0.013593455849918223
-0.014782985560717908
-0.012423884244578921
-0.010562277719202741
-0.011189586634668697
-0.008776630074596784
-0.010197251856038286
-0.0049697191640657706
-0.00350202864727908
-0.004387408390622934
-0.0022496927506292755
-0.0022638203817637835
-0.004582927930674905
-0.0009068456194780144
0.0006517644882245466
0.0007391961095847138
-0.0005782109764401737
-0.0030559805941088964
-0.005956845828734769
-0.007171431106699854
-0.014532693844155014
-0.012786627787310123
-0.012342640155556072
-0.010232717748378665
-0.010276421791557966
-0.009662663615704455
-0.009214571406723444
-0.0029800494261577296
-0.002135138937533522
0.002202366923478841
0.0024453195818858117
-0.006765535178768599
-0.012124319536398179
-0.0006608722423100698
0.013419746456542668
0.009191181331148233
0.004741543603489429
-0.0023945043427724385
-0.004278994825415308
-0.006851145146432294
-0.009748417746277396
-0.01102070500399073
-0.00969014120535707
-0.009423700621914523
-0.006949061690620193
-0.005011490303844484
-0.004796048774829898
0.002025645796011404
0.008532250563067304
0.010415329766722643
0.004409868578344896
-0.013789612022062156
-0.07298359442722434
0.00704043626393785
0.030998393222015693
0.02931260468582657
0.012323331414307375
0.0033245537726912756
-0.0025900556674943675
-0.005903910892502473
-0.011076684659366919
-0.010911475757955636
-0.009651807565928514
-0.009364595958563919
-0.007002166614139665
-0.00400028436850447
-0.000778106650950222
0.006605415673231061
0.01329559067415316
0.023088259395693974
0.03752460909861265
-0.007178777139660839
-0.5384051752206803
2.220291231174794
0.08698633320687399
0.05043442644855669
0.022227876272069957
0.0067127970704264775
0.0018250836622514042
-0.0058465539598627
-0.0089515051285102
-0.01106074830905299
-0.009236471056887576
-0.006794811812125483
-0.006159753225429554
-0.003126704734643191
-0.0003878806560934898
0.010086151371092892
0.025252653987591644
0.04449502340121608
0.15948526704828708
0.35316747690941674
-4.540288962468764
0.3202837271146905
0.11877877944514374
0.06562608527610449
0.024437907371809613
0.010166788879081255
0.0013348200702323013
-0.004386722099019653
-0.00838775226261131
-0.01009186380897594
-0.009589053340753233
-0.007333441794187137
-0.0038395289799375973
-0.0025305527091515944
0.0028252942103346767
0.012654311354525749
0.025876383387628703
0.05962877817204225
0.1336313640371417
0.3408725311936865
0.8655233214628437
0.20089961745104498
0.11368938939181299
0.049277554796428015
0.025408435771969842
0.010081487863098763
0.004680645939988744
-0.00476767317588014
-0.00811251353563624
-0.00934730686860952
-0.010131485947071663
-0.008554910955079273
-0.0068336738535205235
-0.003763917296319387
0.0021232042769974845
0.012352741524044223
0.025789199337894253
0.05089545658802414
0.10394017140349604
0.1952427456823608
0.31461687345338113
0.11358930670065112
0.06705626894416095
0.04266481535364584
0.02371582092418631
0.01019433268699026
0.005232555673294652
-0.0015879465417967128
-0.007167683151228147
-0.00943738731681417
-0.009018566477075893
-0.006537871522281786
-0.002092612518870501
-0.005277444540494173
0.0013795892107719497
0.009581247434573057
0.021058314640562112
0.041700201058929694
0.06721874197565737
0.107225201678624
0.13490522860076157
0.061131686392946756
0.044603919557182015
0.02843849578235491
0.014247749854097871
0.004463851122765102
0.0010374975249081387
-0.006502270490817539
-0.007899783440598537
-0.010548814730937831
-0.009508537829418356
-0.007112517546185454
-0.0057983160399141444
-0.005223834985571016
-0.0012212127336198202
0.007283186043664546
0.015905356218047357
0.026040237880172856
0.046264255971339416
0.06179104965469745
0.07368204765521466
0.03329603524154338
0.026213322988434904
0.018487887427945493
0.008602416557999534
0.003056863706939859
-0.00019099511518912187
-0.007412199512376347
-0.011966003040811603
-0.011731798482589156
-0.013355239738715908
-0.008479106392386667
-0.007832484121705747
-0.007071513854747996
-0.003115033084265846
0.005364932489077356
0.008730620741891626
0.014849402280522521
0.024366425653483986
0.03337695081740816
0.03468230923753847
0.01975199849582849
0.015791957230050214
0.009157775476321014
0.006192231989295839
-0.0014070707577547468
-0.005415068264134968
-0.010570396739014309
-0.012864597302566953
-0.011214670349750632
-0.011256530932110594
-0.009571258330487704
-0.008723010942846117
-0.00802843147818108
-0.004338247536897341
-0.0004870555007586663
0.003310870685139499
0.007119612133959448
0.013311326633725168
0.014034149499848256
0.01810315757958209
0.00726723539399048
0.005163689360363863
0.0019866225178113484
-0.0022617327274777445
-0.004416690804152692
-0.008711366692965336
-0.009541074825467616
-0.008678825066210458
-0.012123116750639252
-0.012661624390759544
-0.01152491411351871
-0.011120568553761256
-0.008693819481341462
-0.0050292976398103794
-0.004813201739314149
4.785151842464589e-5
0.0022802545481822047
0.005806896025189201
0.006657322701834095
0.00761681689046942
-0.010041989191053986
-0.011953594398630848
-0.01204590430644009
-0.014080464010080864
-0.014828648231099912
-0.014096136172981156
-0.013401245568636583
-0.01261558954625897
-0.011096598648480413
-0.010768706349708824
-0.010350663925590083
-0.010306869221034822
-0.009245130268281236
-0.008970342860352323
-0.0082218996170461
-0.009811391365525297
-0.009129545473005443
-0.00886792172002172
-0.008651793494328359
-0.008747375510028058
-0.008569950810850515
-0.011660368581582158
-0.01528895811214213
-0.01699901828092177
-0.017387204568156303
-0.01585119873761097
-0.015295472043774077
-0.014353467190089883
-0.012074693152184134
-0.011025983816839106
-0.008630380218212063
-0.009100426761387543
-0.009858061025026439
-0.009022733968715212
-0.008514759817744024
-0.007465250649228219
-0.006286193372058177
-0.005741778630878773
-0.007905802704095577
-0.007553111743283288
-0.005856954585626361
-0.012261574368612924
-0.017909882205501916
-0.02222048963944312
-0.02130329651366364
-0.020922675956860516
-0.01679159564216429
-0.015718065523918048
-0.014195420883446466
-0.01307376226547862
-0.0106477039065081
-0.010036999858600648
-0.009033858711072732
-0.008628902750685025
-0.008177792534574126
-0.00840136746946337
-0.006828893413554752
-0.005921074919908876
-0.0046144738048967205
-0.005557700626109137
-0.0009220297574386499
-0.004646955557994924
-0.03251376984523833
-0.03423261554664111
-0.031344145025231404
-0.025175785391559572
-0.021640624943942102
-0.016984370423402194
-0.014233285464234014
-0.012703065880853103
-0.01083184183817567
-0.009018143593186478
-0.009508377752679866
-0.0083232125992967
-0.0076341517525344285
-0.005782043864963822
-0.005133603954190784
-0.003758939690864399
-0.0026427641061193994
0.0017102430395783332
0.028080943576041628
0.016115483511379248
-0.05637196859320025
-0.07001185984737933
-0.04507672777880142
-0.034578266968810945
-0.026414250530270057
-0.01995921269338674
-0.01680426912640897
-0.013415853656897807
-0.012130739122341128
-0.009729292521225204
-0.009101447639160536
-0.00792930013228088
-0.005645086511939702
-0.005026833202351576
-0.0031236733087094196
-0.0011708045977067525
0.0055372895675865706
0.00848787898417526
0.04703876414205856
0.1036674002128716
-0.25502849088264157
-0.12791639452949755
-0.0738898929113199
-0.04119622737648873
-0.02964792288482107
-0.02037269213164332
-0.015835259679856887
-0.01316856382482529
-0.012593217784655266
-0.010326373288179222
-0.009307099654254598
-0.00939366000169126
-0.007199148319763206
-0.004841027904487576
-0.0034816492164728165
0.0024669869032042414
0.008743881839874379
0.035042515197943144
0.15025019872775897
2.2529875254673937
2.813487948970866
-0.28401062029363044
-0.08517890087711608
-0.049886003898998575
-0.029768755246380958
-0.02188944341967182
-0.017648187024630557
-0.013864729855663291
-0.01207167769480573
-0.010881324582638404
-0.008471372560350071
-0.007728306920509155
-0.007024710908375484
-0.004843364925538459
-0.0010151198141116048
0.0027246340710551644
0.018559134295771537
0.03699965215304464
0.05438140007045787
0.11139792345948032
-0.30002998023407856
-0.1267870178570263
-0.0730392699302024
-0.04217635296991121
-0.029421629820499673
-0.019889638693188987
-0.016328769666672793
-0.013479657671919259
-0.011851461850204598
-0.010855632341993132
-0.008542754408103039
-0.0077790297372400535
-0.005770898991470965
-0.004681170156352234
-0.00347263780683414
0.003017788158719047
0.009047097283211656
0.034028453367491364
0.026343024939737777
0.021857121450635966
-0.0551924494234924
-0.06786584908416943
-0.04513519515314788
-0.033837676997521396
-0.02283188335146313
-0.019021588431615995
-0.015655755082238747
-0.014283729349356405
-0.011981706058357744
-0.010375278025768105
-0.009279303175770456
-0.00889861682374755
-0.006223213962924264
-0.004789687785157669
-0.00234785879199757
-0.0012907770426944763
0.004910820634120352
0.008524899077221818
-0.003052551668679026
-0.003343265353890352
-0.030677222525168912
-0.03227476997929365
-0.031301218268649386
-0.022771809485641243
-0.019112677442875092
-0.01567207346563559
-0.01461365247443137
-0.012845503294917427
-0.011823327394026613
-0.009990058098383627
-0.010003114068592903
-0.008473129762129852
-0.006424284639754677
-0.006303443506466769
-0.004977489746847244
-0.0026534991158357886
-0.0018729596831027324
0.0008087661777438312
-0.004457780229316737
-0.010959979442127545
-0.01685005658612821
-0.022152002527896664
-0.022272974716428178
-0.02036254679572967
-0.017474888047234727
-0.014922051294865927
-0.013447068092381165
-0.011484210613066006
-0.011330848034335468
-0.010035398549179703
-0.009498994302046485
-0.009003258159080886
-0.007664058755328254
-0.008328072940410889
-0.006919606107054011
-0.0067821091720895454
-0.005279672590774989
-0.004286592046022028
-0.00801579481058472
-0.009930659978931175
-0.014269084944166337
-0.01565278464828927
-0.017380464566851984
-0.01611721773834559
-0.014986497890532125
-0.013211037605912884
-0.012447708445600574
-0.01178593279585012
-0.01080008966843723
-0.010666253781505227
-0.009780874984237591
-0.008989384175402996
-0.00865029542275009
-0.00930238350578391
-0.008114813162686026
-0.006439069974487799
-0.007948451122563625
-0.006726777896915617
-0.009115752674278145
-0.011001599196485346
-0.012187798031679594
-0.012881121162870261
-0.013044227506123203
-0.013159527146483645
-0.013152119548907671
-0.012617253937573791
-0.011909843875977332
-0.012075152979816676
-0.01162749156954389
-0.009586987095475065
-0.009929014560817953
-0.0088680460602002
-0.007988157498323599
-0.008488155186121369
-0.009680614307230636
-0.00623142823597154
-0.007618361695887794
-0.008731393172748085
-0.01007041349682654
-0.010535533777618964
-0.01115214342945018
-0.011482882086971116
-0.012465565791886426
-0.012137894446075844
-0.01251850922955291
-0.012079349064899337
-0.01109195578273382
-0.010175673720892389
-0.009802858280877376
-0.010242764146277979
-0.010103319053331087
-0.0093733796849763
-0.009826842496079156
-0.009042209032156051
-0.00841278151029786
-0.007814626224590688
-0.008608767616895994
-0.009387801012807999
-0.010249396756884428
-0.010167968482853028
-0.010161250509255525
-0.010486976975769976
-0.012229439817889827
-0.011779237831163265
-0.010268686086705262
-0.0104401882251533
-0.0105119434288257
-0.009739166884672322
-0.008880495317235436
-0.010037762519657047
-0.009006249053218207
-0.008524527492560122
-0.008923370725634157
-0.00799255284748969
-0.008896180949685927
-0.008523180668174216
-0.009652019871662153
-0.010945246998601827
-0.009473523435359331
-0.010044700448482725
-0.010060178540236067
-0.00996417259780753
-0.011341468477328219
-0.0113319491188135
-0.010496299448421
-0.00987559023373235
-0.010153546090683406
-0.010142438549084181
-0.008710518356044415
-0.009735634733409885
-0.008909588565172667
-0.008089939341525862
-0.008807025453187263
-0.00811411733022671
-0.009088259944577546
-0.008339023339133816
-0.009842869108063305
-0.009800009125634609
-0.008992217577643277
-0.00982428078511703
-0.010589685955223702
-0.010525337222544884
-0.010343775210471825
-0.011532119786378593
-0.011974597680405059
-0.010951148504086784
-0.009805409644762475
-0.010760524134831436
-0.009777276699879794
-0.009498000055721616
-0.008579968657132139
-0.009408434145194957
-0.008976302092418988
-0.009214723939984584
-0.009529782689380659
-0.009390618987183554
-0.009018719165627923
-0.009306273991505744
-0.009319062010170569
-0.009135720296978827
-0.009922560475977891
-0.010446282054821768
-0.01061048435327071
-0.011745956024331337
-0.011816650601356428
-0.011587057497126376
-0.010718918318105923
-0.00886395875265871
-0.008272121539391828
-0.009181134081449034
-0.008859408717071617
-0.008517206148368204
-0.009127939106183099
-0.00889479519244092
-0.009281221976656559
-0.008535497564931863
-0.009531081474579386
-0.009455341739011715
-0.009995625498404612
-0.009537587685768322
-0.009863017930593007
-0.011880454977081928
-0.012725149664491703
-0.011542185036324176
-0.011443614609555099
-0.009969102072566542
-0.010579428965313567
-0.010035677852721518
-0.009265589620264882
-0.009407346804325858
-0.009035914301551786
-0.008658776766053953
-0.008875736858798444
-0.00894601068011624
-0.007737007259465347
-0.0090627075511878
-0.008399752539065327
-0.00981363071147953
-0.010285746606308502
-0.010860064536258754
-0.011525438042603229
-0.012368504353493423
-0.012593474897001484
-0.011678038252550827
-0.012006080475574757
-0.011830083490011386
-0.011551664230576186
-0.010540451729157347
-0.009797267340484946
-0.009836395110410415
-0.00850139466075104
-0.00806175248502168
-0.008024983576614207
-0.009097476188325869
-0.009024666520610436
-0.00958060905567719
-0.00775590957131937
-0.00889701590074077
