-0.010737725279989398
0.011205326964961734
-0.0010537245981632171
-7.221560440543647e-5
0.0007570397184930375
-0.024830611184394627
0.014450250539114692
-0.005350045245378675
0.004412692139339781
-0.0025187643266515987
0.0075314111371552386
-0.001213866461947313
-0.007183938034772071
0.007556787603184751
-0.0013995246075645218
-0.015178012562905789
-0.005556979516058994
-0.013062236289426488
0.005711543739941621
0.0029465736454916637
-0.0034904598778788725
0.0068337356337722
-0.005016122763987633
0.002918722965388841
0.02025233544505587
-0.004282108285587848
0.00649842468591531
-0.0012021204372039734
0.0012761020751064411
0.0077798045456160935
-0.0012919521150932098
0.014879837285705416
-0.008674012030004032
0.0077060873966742355
0.011472794969599198
0.0033498099105277656
-0.0014173226337347777
-0.02230633421610699
4.8419949667724733e-5
0.005393348332213476
-0.0012994195779121465
-0.0005690392556491073
0.0007980270716559921
0.003239088300279273
-0.0030215431557443855
-0.00639693944977111
0.002329131650002335
-0.011159764313783233
-0.011396136594258654
0.0014781376110510518
0.0113611873069188
0.0012256060658166511
0.010840198071688404
-0.004389940974634939
0.004788955502463962
2.7059225980432134e-5
-0.007154994515435578
-0.032310555895489035
-0.007478033174232201
0.016111704221606522
0.00016993038879151894
0.002433838741000436
-0.006522775203586559
-0.01017090880693061
-0.007198826503441449
0.020203717255679304
-0.025102356498050614
-0.000791922515418677
0.003149300336473229
0.010426494198066408
-0.001005636824364968
-0.01418359794086403
0.005371504239520583
0.006845782677642873
-0.0064036485194019915
-0.007736414207388043
-0.0025858332708600658
-0.005700931962717543
-0.009973176349658894
-0.02708900197692457
0.005197113782519478
0.001725305322647473
0.0018710587368203078
-0.003976791450338395
-0.011957734681973003
0.00022901966691907705
-0.0026765583047059466
-0.015369705296592514
-0.00022884533451788592
-0.0021682822796939023
-0.0008377032630839778
0.010594134331778582
-0.01271785410538071
0.004408090122652464
0.001821671664783041
0.017659693636825926
-0.004689803896095551
0.010537841361068709
-0.006661518884946994
0.014784579860415514
0.0034679484340222957
0.00742113789312416
-0.004389724338981734
-0.010832121154591073
0.005670655790262137
0.005406621983461703
0.014573368247555821
-0.0009850354896580107
0.0010790129635158394
0.01722062770359201
0.0009127739537096713
0.004367795878709168
-0.0003125947352038429
0.004195851822928913
0.01665401218773233
0.0068405108883503
-0.016458120073918784
-0.006093989434133996
-0.00900395536715448
0.007935362997784867
0.011042616770327765
0.02040032025469541
0.0009426021587578804
-0.011110136546119805
0.006901634632963881
-0.0014403693567919843
0.007039370121324095
0.00810022126680457
0.0032459281424768315
-0.001748128997152875
0.004469762252761617
0.006883747769035402
-0.004647466896043073
-0.003382709666633211
-0.015338541432844813
-0.009632776292642885
0.002413830429041291
-0.010584733671110309
0.008375303401816882
0.014421009525358745
-0.002830415548219746
-0.004863164713686949
-0.018463966899542297
-0.0022265015527387494
-0.009452415976820816
0.005735876560300412
0.008455789992157164
0.0024811363670813255
-0.004048791134819414
0.00550398948343508
-0.001189420848861911
0.011757829735490926
-0.027705927222241137
0.014510068485231507
-0.00026281200107809623
0.011991581797534009
0.0029522410896606743
0.0023952259473735233
0.007599248954992146
0.006923739984993235
0.003635419652830146
0.0009692739845831377
-0.011957252943503322
0.005434859343509853
-0.002306857474319184
-0.003398964750297082
0.009823273012008277
0.008580263014537437
-0.013157396557088724
0.007690653625652018
-0.010355120268147389
-0.009225231458845072
0.005283118630187754
-0.00895572554499979
-0.01844059335417255
-0.010409407618777873
6.105971020320855e-5
-0.0017786130388528715
-0.009706095968814605
0.008092782460627411
0.003187257227749201
-0.015503124509033368
-0.004270947869687684
0.01154674220412634
0.007075160597429008
0.004085044553077142
-0.004552483231720596
-0.0027228436541012137
-0.00908862650905375
0.010083909721848871
0.013497460118222882
-0.012917597288906645
0.02049971857831788
0.003764160980320793
0.009732957760674121
-0.006885641679577788
-0.005971179362357147
0.016470129841706385
-0.0033456127427430715
-0.01770774068258585
-0.006705141062257425
-0.005519412419663339
-0.004214294794155251
-0.001519575161540158
-0.008577826804169762
0.0030376761515793164
0.006278910234314812
-0.01543103724716419
-0.0002470144571827729
-0.015619114859006574
-0.007369916623181922
-0.0005179133357724789
-0.010310594452076938
-0.024527811701736627
0.004803777856981929
0.004910163655127432
0.007115202735018951
-0.00800890766235663
0.006291032825551139
-0.002477845537900674
-0.001285240680571003
-0.009911439117924631
0.0021758561081057204
-0.004140441495763758
-0.011278872339036735
-0.006756349818309898
0.006232274692352652
-0.017500764347950754
-0.003689434126757693
0.005729988641034528
-0.014037805551708296
-0.018156792087773883
0.0022425218284421984
0.0061715310198647965
0.0061205176418106235
-0.0038957675535419194
0.009578607916971342
-0.006519124056912828
-0.00752948827216438
0.004025564853997543
-0.012307314557119024
0.0006484017597902594
0.003730410309911613
-0.01070163593105208
0.017816977685091412
0.006839623222029897
-0.0019070098541998657
-0.0006695498120099083
-0.0026660914516718117
-0.003802061933885187
-0.005304522922998335
-0.001389578626958851
-0.0019831814353545993
-0.0012486416964573553
0.010689304295942567
0.007340739241718104
-0.008722638661780177
-0.006839451963612894
-0.0059376041123621985
0.00935617525765874
0.01062370846072338
0.004324474420532031
0.013235186476299045
0.0023943127856225423
-0.004285561394811074
0.00020209278322908387
-0.008934044719147105
-5.906476784208733e-5
-0.006363820311308138
-0.002570796555753396
0.017028310915099765
-0.0028803513654715833
-0.011800355784684764
0.012699901011659166
0.006946616244738771
0.002820348646835842
0.0006576513040567971
0.010772330844895641
0.007659303837039678
-0.020382271262141673
0.02413237417664894
0.004035092714900301
-0.0024098297515729554
0.010044730038573153
-0.0016809704306202165
-0.0006168825687918383
-0.0007795738107813405
0.001545778276851186
0.010297673957072347
0.007212153228760919
0.006571938238860384
0.0041410235054019015
-0.006080531446725488
-0.016623197082298143
0.0029277262521778644
-0.006694460845271824
-0.013213835571233736
-0.015990110544965054
0.008938074963346535
0.012224302265231277
0.004855467166217438
-0.007471688346771211
0.0033790852968738697
0.0028976030246206912
-0.007193072236355287
0.0001867487768814366
-0.01196612445043502
0.003090839818177279
-0.012139709316113408
-0.003938683318728096
0.003668462595637752
0.0033396682702596494
0.01840679621105382
-0.008028092470192243
-0.0005612641029433198
0.006873312615603377
-0.004849103691593879
0.0007381199321924337
0.0014357672561725791
0.0013441211695182918
0.005880459454740311
-0.006198291101059041
-0.015509720037303446
-0.0006307829111622159
-0.010401766982628574
0.008370935175117146
0.006964654759656037
0.005110797955383151
-0.002236121214524274
-0.00641763859679694
-0.008095969632807128
-0.009269955786603674
0.0031333336736163934
0.023101786917377534
0.008672150020643048
0.009345642022870481
0.0030433646814786094
0.01286701362829762
0.01563668731685698
0.002933254207348553
0.005564749295005569
0.0015225814572306815
-0.013764009308853362
-0.007213429175777997
-0.0062558551110438385
-0.0004469287502496108
-0.013444765434313794
0.0008870039251133765
0.013604407912156103
-0.0028502120945320883
-0.009629584697794888
-0.0015714004362367005
-0.005080061058631681
-0.014510015312743678
-0.00027046246064902886
0.0031658708004716736
0.015258283499891643
0.008465438754628352
-0.01447965952664387
-0.007756860920019236
-0.0006855332085827913
0.00473217301418014
-0.008530474598224827
-0.0012864424096354168
0.0005581618590684478
0.01429592061416331
0.005132802555905434
-0.0063222675454340195
-0.003751504346961334
0.0019257559588783597
0.010148611599305416
-0.009022515365470262
-0.004336428862790273
0.009626707964193073
-0.0026150512703471233
-0.0005576669716448081
0.002776493788555729
-0.010785001100803328
-0.0015898125533935878
-0.006537361759787323
0.0018323420887306203
-0.0073974787235073156
-0.0030193215926808173
0.007088123046581373
0.014800119428706654
-1.58505473816362e-5
-0.0021226989061212728
-0.008762444847929006
0.015661722918012967
0.0008894212211155422
0.011679097535336334
-0.006627640965098346
-0.006082034797188841
0.012527219615507042
-0.006598736629071089
-0.0016333702136888829
-0.001991884501737476
-0.006063898045587461
-0.0010992229559557399
0.004057593332500652
-0.01669958030926048
-0.003227349877932672
0.019845895788272935
0.024350060957913346
0.013007587833241869
0.0005543626662156604
-0.008993206331623944
0.0018061509632385552
0.0018133160939233926
-0.0032263532425347114
0.0056999485983827095
-0.002718544562586308
-0.004669112802830016
-0.01402151372848404
-0.01743885123665837
-0.0002711322617483295
0.0013688423045998713
0.0034506154932111314
-0.006891081754387554
0.004752267257126953
-0.005997137954936635
0.010149302054082224
0.0038508005783921715
7.20714026206741e-5
0.0057886764107536095
0.0041026034462452185
-0.0077411500657922645
0.0029281280298050767
0.0021076677748104625
0.010045464094974709
-0.0014463418417496252
0.006437942534652217
-0.003061598018977385
-0.02079178388693229
0.013879297988550279
0.012962185774437179
0.017385141533497035
0.009914131313605943
-0.016631853609234745
-0.017751653624402
-0.0029653828096894074
-0.009290177204175198
0.003257411588787951
-0.00022627648673641384
-0.004708446072118689
-0.009264014988841933
0.0052503248177913665
-0.007009790784630746
-0.0009841599095520507
-0.0039130298656209405
0.007771031664494439
0.00016298606179262435
0.016185083540479425
0.0022429055542381475
0.0012824212111627769
-0.004991648154376008
-0.003706919193673386
0.010811461401347991
0.006514703501690286
-0.0006825390860745763
-0.008966196811941418
-0.016682489799592807
-0.0018383850596918768
0.00340260730339789
-0.0027685494592862574
-0.005159214501879467
0.015443504264770858
-0.004823379963500091
-0.003114755255582219
0.011734802174163051
0.0031319197023540156
-0.0039539848356990315
0.0034904802499598564
-0.008694645924452514
-0.006451440417332454
0.009703983569617351
0.002983159338733943
-0.0018846181568272517
0.0010654493047331606
0.007942616715988107
-0.001800875848447367
-0.004354766704459086
0.003648769063708744
0.0009298109156168482
-0.0028258319691381135
-0.0023083751474721106
0.010046797587570152
-0.006027850149849556
0.0002548070988637246
-0.002410379991667156
-0.008997541690580372
0.00851431230043163
0.010120449598115387
-0.0016120565809518905
-0.015632591706786256
-0.022811253825801438
-0.018574231529996633
-0.005195940536804943
0.00929517802032308
0.011258314383451054
-0.0011585992659495126
-0.0035857789907766686
0.006600238386092036
0.0019458085033148432
0.003433135136114666
0.008570476554394605
0.006396498213177382
-0.006704839946352948
-0.005011995834234681
-0.010176046687033997
-0.0045200830657071145
-0.02270913614663846
0.00020357814792161793
0.01050398106125291
0.0033764875211778813
-0.002187776053083657
-0.006517397958152593
0.0034210919292861812
-0.005652258195620653
-0.006980451979186442
-0.0009486308433726851
0.008864107139204967
-0.0051282169800407245
-0.007576049104847328
-0.00615182152389988
-0.0150389386768114
0.005688297057441918
0.013577063199255458
0.006162755536583599
-0.002273264627063432
-0.004908059046002913
-0.0015642657157146826
-0.007997448898680143
0.011394235029904071
0.007271545909528417
-0.002460493444086928
0.016806797210178043
-0.0024815347346176047
0.010032828729409703
0.010864510647788803
-0.0024098467956512977
0.0051445956676184155
0.0018705057428546404
0.008770299063413266
-0.012201714074008102
-0.011679037362751851
0.0027048180915713975
0.009078447305031441
0.006345534777484208
0.006780048361919289
-0.014039851487139418
0.009154868508535393
0.01044891837318863
-0.0004499982251142745
0.010470164749116256
0.0008104879316361135
-0.008304782945934246
0.011622478388724787
-0.001743405274374369
-0.0025540861982259622
-0.0024684890177719375
0.006199841096885513
-0.013034864986405293
0.004994758598114704
-0.020104969577979526
0.011134369975458556
0.008737087243741051
-0.002819659411476376
-0.008100345163243934
0.020748489335148983
-0.008373901448285755
-0.019061446800882523
0.006512335099243086
-0.011861142983663732
0.00505306973843299
0.008978955801525077
-0.012547677744608701
0.007268673886007616
-0.0015116360273695361
0.0007059118947627552
-0.005274903108881053
-0.009588236502740728
0.0034506782455637182
0.00727706105206221
-0.004099772849079848
0.004883925837955753
0.010632348337152576
-0.0046426249458470445
-0.009756261910210158
-0.012312052589172947
-0.005603804959768546
0.0098727162319697
0.006882838708213973
-0.004915068476681661
-0.003265951115137043
0.002220906324682322
0.010380267057153579
0.0036289702661444186
0.010111481469557027
0.0008504732738592413
-0.003296043810104274
-0.002529202437377416
-0.006896101176602036
-0.002139058878255119
0.007394957469107509
-0.002056497060776467
0.006564388601261068
-0.009780993885762122
-0.0026632236684028428
0.007808613517468634
0.0015267767321445322
-0.0014190599506437758
-0.009467000690682023
0.001962364514316221
0.004788307895107299
-0.01576432689165271
0.007690901025916651
0.011015109893205989
-0.0069994828228318795
-0.01642874967788444
-0.017857940311828205
-0.0051160095072994944
0.007430170321397204
0.010551187434797469
-0.0012278892299084224
-0.009403115832970009
-0.002056587417228071
-0.0053374264351095085
-0.01316570959726516
0.0005080153652125218
0.002906533904885268
-0.004240247610374626
0.020705988967275383
0.005458322094705009
-0.011624720853465794
-0.012970620025208402
-0.001922624612980819
-0.011203090404458453
-0.00822740492154104
-0.0013201337668332818
0.006185228494541075
-0.005241270406011424
0.0068375652657608485
0.008494035084430808
0.00018524191309242036
-0.0156710366357825
0.0036197326227716403
-0.002162690779880363
-0.010985998488461272
0.0019889928274431632
0.006912705592449166
0.007026035271555838
0.004949490589025421
-0.004868704016670367
-0.004350339091979578
-0.016329656765760432
0.007561326175197806
-0.003420571511768555
-0.0014664131765716342
-0.0018013896696772794
-0.016949745073553932
0.012633513506427453
0.009309795703370847
0.005779057915461621
0.005215536830037431
-0.003603412535277447
-0.005967132692473761
-0.013727778364846368
-0.0002722203279269908
0.0004384628075297958
7.820415006512451e-5
-0.0014045789926846856
0.0013546467503602565
-0.0042144802319918255
0.004890687823429815
0.0041463837854484945
0.0002373638554951853
0.0012330499927611966
0.0009954356462909464
0.008848919017438705
0.010334581423780678
0.005599307335876662
0.004031991902422056
-0.005316782339146902
-0.019805838458275035
-0.005744124302171649
0.005624361415857734
-0.00605677712351553
-0.01513680422512879
0.0015846457748847549
0.004600525820959581
-0.0038806680136423744
0.007332240570527268
0.01456449591768549
-0.0059054073848977245
-0.004431656147292299
0.009671663572089493
-0.008473101290478402
-0.007813274552743938
-0.010667194834682472
-0.006792460242777798
0.004468256604061339
-0.006645952705762098
-0.012839348226485928
0.025457495948877598
0.0075579831994574765
-0.003081308512439032
0.005010504194368274
-0.0022346167051970076
-0.008174090027348922
0.011502735965644467
0.009540028021472455
-0.021562248268474252
-0.0018227653085269241
0.0016710039413891464
-0.003655832910691598
-0.012340188999178894
-0.0021122645673031888
0.01330846496610562
-0.005718453532268337
0.00047638374329527985
0.016137379835202515
-4.4227647516941306e-5
0.00683109558097704
-0.0159110916848019
0.007281224267301753
-0.016602505536908323
-0.02561416708821977
0.011954512908271679
0.010576153138647721
0.008448802598286658
0.00028661227543941466
0.0029138366927407484
-0.009085999081130567
-0.012814026027064749
0.008116339779203207
-0.014029509966047304
0.0140702393450707
-0.006886664118392343
0.019689772048622822
0.004181213065488638
0.0007366516610708073
-0.001103717621717409
0.0009758131241405618
-0.0022774353968467906
-0.006615044214358068
-0.0008237747385414717
0.002629847928560793
-0.0029003755945039966
0.02328255963661673
-0.004384366758524656
0.0031659651464492015
0.00784632829130424
-0.006160542819275335
-0.004398164519125927
-0.016791027510750064
-0.006342607257205141
-0.003089400782637344
0.006779665838748561
0.0025311627827971812
0.0007808615751935621
-0.02231366559253532
0.004509168609543465
-0.011569465808157335
-0.0022198001578696927
0.0029839781413759725
-0.0006320939900572248
0.011342395983508259
0.00404402213696442
-0.00217621874902152
-0.006573642056716972
0.006162009611318483
-0.003209093299018456
-0.01032988736814482
0.010840292376005709
-0.021783644528904838
-0.0011236907843200955
0.011314098277963008
0.008095371443000408
0.009132429134701078
0.004220049015598141
-0.007821417551390111
0.0030587529092053383
-0.0012909026313808391
-0.004083538444753324
-0.003919221888416715
-0.013967454049206579
-0.008289763995003158
-8.013900679227346e-5
-0.008023964373220819
-0.006314380377004818
0.0004343250177807834
-0.013059687343926629
0.012560234621216061
-0.010109869292123565
-8.313438594488337e-5
-0.008572271946924406
0.00321615686147083
0.0005320727999670958
0.01012000600856224
0.006081962952108512
0.022669709258015237
-0.006956914957665542
-0.006188851242694697
-0.019635539875760336
0.008733095622484388
-0.00045747045835023946
-0.003958663633651482
0.0014327330050633062
0.0004771482403973962
0.00040802651153617185
0.00012627241776753451
0.004979602999816536
0.005485139861676462
0.008380785162633683
0.0166035382651976
0.03377495217669112
0.08342844690714388
0.1742107778296701
0.3002707422556578
-0.05069148719761063
-0.025715272784617837
-0.022340627771866923
-0.011333943436481489
-0.007328331326349828
-0.0027194852596053184
-0.0015394094621820238
-1.007146881847992e-6
0.001497500174510425
0.00023653826701285646
0.0009611031920439658
0.0024340079365031244
0.005851069332450647
0.0056120310543615794
0.010010497310456893
0.01438218942261625
0.03078418550772083
0.05188787433658569
0.08740315789147007
0.058890013634235606
0.009481790586034175
-0.009701435714705905
-0.0061673417209162406
-0.007639230474555601
-0.003398302517478975
-0.0011099807606841723
-0.00034883351944342946
0.0004395256525349489
0.0005280497791039739
-0.0011348018363426726
0.0006989468461729466
0.002066051613686551
0.004639812816400899
0.006427235287911308
0.007233517007446221
0.011087258924972893
0.0194784016864644
0.032655295669832225
0.03775378474138052
0.03808094313626843
0.010910300103268402
0.0016688713345936728
-0.002970632984005052
-0.001412739997832091
0.0002797733332134412
0.001122245525485259
0.0009425614491591006
-0.0006829959810400229
4.386194677572021e-5
-0.00022015306778197023
0.0022309876970279356
0.002671899985930137
0.002176503315679519
0.00321564880076658
0.00666962534539683
0.008786560876375365
0.013109659594056472
0.01743132499802189
0.02130631109957167
0.015543314240323756
0.010175504928614255
0.002720575263043759
-0.00037738943077818656
0.0014896932104074751
0.0006228368484898727
0.00024848823093130245
-0.002505679857401638
-0.0004876814370259757
0.0007869146867283256
0.0007679252452006812
0.0019627378842999883
0.0020067228155601167
0.0027247329685382033
0.004348781030152729
0.00712238796667165
0.0063017571809745095
0.007996264850325594
0.01125768042251345
0.012548460022933689
0.009281562000939337
0.005340187780794566
0.003862660852958678
0.0006713673516113476
0.0017688646210638685
0.0018076414514578876
0.0018087685034009627
-0.0016016413687133955
0.00046804348896955323
0.00023763881613730265
0.0017985306956881443
0.0017602204374885036
0.0012608346730501622
0.0033588860620464935
0.004588918808704517
0.004198102675236841
0.005035148620817614
0.005312766750017149
0.006365407260169813
0.005787440498163981
0.004473604032386586
0.0026723465363097444
0.00268173630650346
0.0021397415058559232
0.0009721210850518277
0.0009072716958640609
0.0014721483161167473
-0.001041444673471126
-9.266559643243157e-5
0.001294067799390475
6.91236580520377e-5
6.345213262451746e-5
0.0014982039961464579
0.0007256890334187749
0.0011956469004692299
0.00305657353226615
0.0048264339562863546
0.0035879613590626474
0.00395340735030171
0.003966403234903666
0.003793069053824029
0.002651459275643611
0.002546326400948786
0.0009431906307312495
0.0014407510915046785
0.0002815506836053625
0.000805637243063395
-0.0006715666042180501
-0.0014351576463095988
0.002867503919166968
0.002025487016164125
0.0005902486543759756
-0.00025262311746323385
0.001101926625399019
0.0008593616645336281
0.0032352853661421215
0.0016228661974719697
0.0017343614734530637
0.0028931326154329733
0.002857335615243634
0.0018621021759431268
0.0029715964611806162
0.0028880210819706904
0.0001469510477002628
-0.000566423265081304
9.881647609329434e-5
-2.995858922191487e-5
-0.00038583609227925506
0.000650708038817211
0.0019738518821197193
0.0008018221714642866
-0.00047252484176132394
-0.0004531762360939599
3.590737485159297e-5
0.0010852388605669572
0.002177630699423196
0.001864031345327659
0.002264466365892806
0.003252561488707371
0.001980589916003959
0.0004173081010716178
0.0009498330983328425
0.001884153991007462
-0.0006908317179685345
-0.0005073347701063922
-0.0004124770035629468
-0.00021670512554996596
0.0014714493634005493
-0.00033546463180827047
0.0005857681811307287
-0.001453014035757832
0.0005506683679324715
-0.00043881726309252073
-0.0015619926134194096
0.0011920591204802743
0.0006745761290274789
0.0003242484045612726
0.002228328895740098
0.002148152339683242
0.0005541223162499435
-0.0006243074015987182
0.0012048898141228035
-0.0010869034420356565
-0.0014371600098055668
-0.0015077030381125795
-0.0005463430252474695
-0.00029918205299226926
-0.0016339369517280088
-0.0008770325268061863
-0.0009242680860877023
-0.0004854914693103485
-0.0001607990028329369
-0.0003752018186961026
-0.00045587705442699393
0.0005004947984890238
0.0009032473964114256
0.0011896455662455763
0.001609152014659331
-0.0001394134833938829
-0.0011139102753687895
-0.00240815989633719
-0.0018653160252189802
-0.001241173628291282
-0.0014722915411585016
-0.002551025831147634
-0.0018065212416954594
-0.0011123897847622648
-0.0015559803161175544
-0.0006104167871553582
-0.0006961909513459153
-0.0007034621292269167
-0.0007119382196448822
-1.0888752246796289e-5
-0.0007000655848282876
-0.0009144504524532806
0.0011964372638450594
-0.0007352356729290847
-0.0008947464307678782
-0.0009458700965577927
-0.0007706857715569847
-0.002399172558007416
-0.000395546288220434
-0.000510375454368301
-0.002867265156854377
-0.002300691174752945
-0.0018792922367680664
-0.0019449552457779617
-0.001699176196462338
-0.0009052733882903472
-0.0010811300558382266
-0.0005906426864551485
0.00016971392341543553
-0.000966509606330788
0.0004949224254122515
-0.0008822694391989349
-0.0017349926257308349
-0.0021125284086681386
-0.0021793745554941576
-0.0032779209839904184
-0.003964390603522696
-0.004248930422448648
-0.0013216462403737102
-0.0021083017866982776
-0.0035557593880045056
-0.0020468208887785295
-0.0027197119096221706
-0.0007997373304690145
-0.0018326651524178967
0.0001369130991660926
-0.0021684163150207107
0.0002502517078296773
0.0008909875471684984
-0.0018161152558800022
-0.0005336826253964911
-0.00022646004313549281
-0.0022922593748168425
-0.001072241178749869
-0.004005766285453661
-0.003957490690663119
-0.004778857234544753
-0.0046796831179178044
-0.004081529374222474
-0.004050785264063612
-0.003553330682447938
-0.0015848518377259882
-0.001459178712729142
0.0005805060515355156
-0.0014351883275886231
0.0011990176034934955
-0.002826795592217832
-0.0009255393398119682
0.00012545010639434915
0.0005406298169371621
0.0007113837222056169
-0.000778377716950576
-0.0033791858755747965
-0.0029748976154596674
-0.004012957809271777
-0.0036962015775393107
-0.004493333446108314
-0.0077487021711338516
-0.00929284031196414
-0.007397025223992837
-0.007082963812848988
-0.005133250207456855
-0.0037019921889718662
-0.0011436879407581786
-0.001804272642098933
-0.0002420734462815466
0.0001679855072125654
-0.0023559878732057095
-0.0010282666149722716
0.00014695646297642993
-0.0006904607614471909
-0.001440017719144589
-0.0003835155094773185
-0.001965404257302678
-0.003151520620422693
-0.006217236161375021
-0.008578038579957922
-0.014875252250400506
-0.012083865411331867
-0.011364352035281614
-0.008586846543253365
-0.00742376082917092
-0.005479484348562811
-0.003522197142778993
-0.0020595822830871495
-0.0015915964827825325
-0.001278702884867784
-0.0026796997676877795
0.0006917079563943973
-9.671531272904853e-5
0.0002985290087776911
-0.00020130775092788445
-0.0007312388156400379
-0.002274927697784323
-0.005271669947261574
-0.008417017629902684
-0.021390972834843553
-0.022226317593322557
-0.02261816949790307
-0.01225680214230483
-0.012258893954995131
-0.008406202439188654
-0.008744524793741163
-0.005899587499878831
-0.003868514890374156
-0.0014976632837687394
-0.0022876930866362103
2.900545698073713e-6
-0.0005147390189944995
0.0006759832227452993
0.0016830204561009132
0.0019063260788127166
0.0023868419798806113
0.0012473806224096845
-0.0013573186975417658
-0.015601633294579021
-0.027370846693022685
-0.07231766927966811
-0.02943343647997588
-0.023363343889103282
-0.013470735643292429
-0.011370662423541712
-0.007622790667678576
-0.005714208114361408
-0.0018663508666824286
-0.0013771201753151436
-0.0018022189065111359
-9.709568154446426e-5
3.8430396813028484e-5
0.0017137669055058773
0.002049601630010593
0.0024165138765037016
0.003766077658645543
0.006173751967462194
0.006177334193397705
-0.0005772239247633862
-0.05688439435232819
-0.21567288748210067
-0.05290500647132986
-0.033329054576431545
-0.024437553081592747
-0.012015004613966583
-0.008309464339696593
-0.004455884526121899
-0.003325151697322325
-0.0013530239153511062
-0.00011575271046419881
0.0007598337581669464
0.0014923193378999133
-0.0011277934440372228
0.003337618525574639
0.005491895504366396
0.007962360096513462
0.012644667742857383
0.030220648133489462
0.03920468697047632
0.2260022431889521
-0.3345971305476882
-0.22327591302648983
-0.07083648658514255
-0.02292097810111809
-0.014918195284844513
-0.007505663056914232
-0.005332609253058504
-0.0037792275267182485
-0.002071918751407178
0.007308707544804758
0.00939013888641259
0.010373783898045066
0.013982949236419616
0.01870822066076342
0.02500952010175511
0.03353008371673718
0.04316049410835425
0.06278130360541742
0.03871468842259574
-0.008583447974189385
-0.04866583575622142
-0.030039185072740327
-0.0220760606397889
-0.013526570434184764
-0.007800207143724464
-0.003380488571945464
-0.00039055599929313826
0.001983621852803542
0.0054674091623056476
0.006845237121588903
0.009051376857087698
0.011955852832193045
0.015768195700070084
0.020645541706522642
0.030770016795210315
0.043686413181668826
0.08149989283384027
0.11443764684912844
0.23057110498298913
-0.18655848907786646
-0.07783692754015112
-0.061977315628760826
-0.030919917117023854
-0.018892962686409137
-0.010205879474710276
-0.004760801776065837
-0.0016594839667374145
0.0010865178607045193
0.0037902571396178602
0.005849603811310031
0.009121905984367056
0.012546400445370422
0.015392893325932041
0.023149736644555042
0.03240783610285648
0.05544987543337595
0.09066728466365863
0.2571141610667466
-1.5369237125013342
-0.6694381964562542
-0.2451653617026149
-0.07562566588018159
-0.04204695592048248
-0.019822856998591997
-0.01198766643462872
-0.00509177096853299
-0.0021657307334127054
0.001107299340961071
0.0035810757028507177
0.0060577088372259676
0.0083055691742548
0.010957290570063805
0.015052127060908126
0.020145667920183758
0.029008795748913043
0.0433939498938837
0.07738220957171787
0.09746112842044653
0.18651101318015068
-0.16216014714512275
-0.09270368121928511
-0.06523447423109546
-0.03168551134270635
-0.01892488929350971
-0.00952257310236679
-0.0050791119763318624
-0.0017334056971464657
0.0022771991308218283
0.004414717085330484
0.006249743161010467
0.00840505654535316
0.01141184023099109
0.013130064359531906
0.018054316374075067
0.023835383390814466
0.03296075836666005
0.0407050790030767
0.058150039432295055
0.02581068868678212
-0.028556934666212615
-0.051304629044743914
-0.03188571433310283
-0.02164573708370208
-0.013266740695821483
-0.008849059841860163
-0.00276861209133493
-0.0009986981339264384
0.001782267374251502
0.004019267557237206
0.006097895224583913
0.007406162400102815
0.010180590241269454
0.012741273277190044
0.01597657981141495
0.019196053618512347
0.02232906166127214
0.0273767224640053
0.024608625326773156
0.01860542850766482
-0.011959672419131085
-0.014342807149707315
-0.016552736992278674
-0.013127365889049591
-0.009275221641440037
-0.004974623931797737
-0.001543000612446537
0.0006905499228997807
0.002947334379991998
0.004455344636507276
0.0054512233566127565
0.007467060896826774
0.009402978941825752
0.010444148775563527
0.012892174097587868
0.014820096569079176
0.01609719720401352
0.0179408281055626
0.015455639535136801
0.007878735160133599
0.0006625642627693331
-0.00712327529337215
-0.007129474099440916
-0.006551666093246551
-0.004426147375426003
-0.002852078952257497
-0.0013508288984057316
0.0008208473209498411
0.0022566365644723033
0.0046068939233655645
0.004686206365966323
0.007491490253089853
0.007628989992940841
0.009509706385238738
0.01031344890791072
0.011407636597808024
0.012373587002319764
0.013090114101993022
0.009890732668108452
0.008472369918937692
0.002848909266571105
-0.00012132893919806283
-0.002194388592905632
-0.0023052231803925185
-0.0022651036349670677
-0.0013128718639784445
0.0016523756775115017
0.0020590998404152513
0.0037672236602644144
0.003819896520204714
0.0055560132113889465
0.006382210673912657
0.00683421986574325
0.008868747076021385
0.009908936557922996
0.0101549911051536
0.009789043616955446
0.009914543196920145
0.008892811845393504
0.006352362451622626
0.004721406353342024
0.0026273560228070574
0.0007248621389222412
-0.0007323431137108345
0.0001051951993759129
0.0015673981973089706
0.0018865160935998204
0.0023853624314331
0.0049333395547840045
0.00446630227915742
0.004775163459385575
0.007322151907937072
0.007528339869769682
0.007747906641045926
0.008260136900176514
0.0077337701216703926
0.00798913302927932
0.009809568326463547
0.007575090385820868
0.006358730213991973
0.0038678499106478553
0.0026536239344413016
0.002351865862914062
0.0017567418555214465
0.001969710124483581
0.002261190013206943
0.0032622695740922463
0.002978298229958286
0.0033759657328119646
0.0048790990073931916
0.005893210323505247
0.006584203803300487
0.006420368984635285
0.007731611745219758
0.007657038269873393
0.007251302046441967
0.007028902943668591
0.007556638859143536
0.00759057565353954
0.005127290383401716
0.005328969457981718
0.0041287733702659885
0.0021650556041497675
0.0032970963382443915
0.0037745011000159417
0.0037337187371008305
0.0030724500566414134
0.0028511442784225622
0.003826737693839826
0.004279570928515965
0.00482734532006504
0.006312209421387721
0.0060417262909738065
0.008227355237962189
0.0068308643229803515
0.007332974105402473
0.0063567970550715
0.0074118820884350465
0.006592858863656571
0.0055295972704887736
0.004836989512133976
0.0034968091002963377
0.003831696976843136
0.0036090395187620148
0.0035418865131070978
0.0030895827229644674
0.0046167089898677925
0.004411336955682914
0.003915428423095686
0.004721757902366413
0.006411478640178937
0.006666963403007834
0.00689038102228054
0.007862680860228212
0.007091755116238079
0.007398942886635735
0.006757576260752321
0.006076229232438535
0.006146960900943918
0.004855223082444675
0.004505473161020703
0.003592549733813052
0.00350140024254329
0.0031819349769144217
0.0028111350768730233
0.003226117209049393
0.003564199905167315
0.004061815709992691
0.003478238952181075
0.004951056143566581
0.006145951901779453
0.006056601506239473
0.006612088867973112
0.006035571238689005
0.007605210690450788
0.0075338290018109565
0.007105228910168159
0.006614775466665465
0.0067789928226922
0.005428836462410802
0.0047236734403653296
0.0043563742002604
0.002733167485408656
0.0036217468749183157
0.0037030758018435014
0.00369061135900274
0.002486002448442298
0.004396369637993681
0.0039192181611513634
0.005028277742884421
0.006259074509426706
0.0061419179026985975
0.006355682569971359
0.006677259633618601
0.007021310169542712
0.008366040597917502
0.007726899148682524
0.0077693922519844905
0.006124377090577249
0.004820396981980412
0.004985996189963198
0.003208542453803129
0.0018228986666628424
0.002412877290114268
0.0022753099675022715
0.0026255354988663606
0.003194776019036573
0.0033812201561555094
0.003915386138952856
0.004882742375255552
0.004225491197669503
0.005673456083539542
0.007271465382150791
0.007263188589743459
0.008009931893976766
0.009098530536975402
0.007632438870788281
0.007369395387207234
0.007272533089168981
0.005859794720775095
0.0035261893006545792
0.0032540477531237764
0.0009372807145258076
0.0022217576571909635
0.0020543195143894947
0.001763967680315287
0.00281448104788461
0.003745493528482532
0.0036501464853313003
0.004902225619955769
0.005269808638981247
0.005719475706653591
0.0071483217802656325
0.007133034389278994
0.009444007524606945
0.01053001569462239
0.010282636598363351
0.009208546437586191
0.008427677250761113
0.005714773150181128
0.004082101652085951
0.0028574261372967566
0.0020027226418015444
0.0009177488924409824
0.001450423713088759
0.00044006404811919515
0.0015229952093738061
0.002825912576208263
0.003821634537281022
0.0037754770877677576
0.006068845114993431
0.0073858939452994335
0.008518598833410428
0.00877163490132321
0.011106376915263408
0.011801395691509401
0.012071125062576923
0.013078122765357383
0.011544022269922613
0.008797526916323893
0.002730698809651321
0.00033831194038508983
-0.0014758803173854597
-0.001679774816315717
-0.0012587965193256324
-0.0002161737866850953
0.0020564534219160726
0.0017349989831051558
0.0021886934138266863
0.004868532641913578
0.006053007717128522
0.007850968454461203
0.008808876698769725
0.011264005898181342
0.012668874831498377
0.014672536319137239
0.016745390596083688
0.017968175133125174
0.017500984210614377
0.010149239744350044
0.0014790111539014633
-0.005061811453975608
-0.006779592274561954
-0.005872425760497011
-0.0035096406311025783
-0.0008967270461232673
-0.00019845782662554024
0.00140257943420225
0.0031604008076317846
0.005930801503740684
0.006499980993022292
0.008509997079225819
0.010558022076671513
0.011482766506306627
0.015429927724622143
0.019322823048059615
0.023503843521343572
0.028070178366917393
0.027940405805101456
0.02259872215500633
-0.005760778052383142
-0.015279696432365545
-0.01615047039415618
-0.012187601180618443
-0.008223849611854826
-0.003814365314505432
-0.0021152103475968547
0.00043553836980730204
0.0021584426336460605
0.005288757994447814
0.003881025993467179
0.004022993240497918
0.0024322484787092733
0.002687254915840056
0.0021471435549470044
0.0008135493886985638
-0.0010196580667289675
-0.007060443082592106
-0.01657768398779729
-0.05243580755385473
-0.09505852828497614
-0.25652392176210725
-0.08269902249845437
-0.04909585705113168
-0.016443210488201895
-0.00516312524058982
-0.00036204422335206997
0.001172466550719026
0.0025493601126904165
0.004307210900503451
0.004865049086663281
0.004666768611871918
0.004489213648880001
0.003000746166893118
0.0035911232124647813
0.0038985941949060497
0.0013438462394553732
-0.0003967085012823292
-0.010494958330656718
-0.030470433150382944
-0.15139321509570816
-0.6843720595381869
-0.19594249786467002
-0.013567489524742932
-0.007971974668409421
0.001709897808429803
0.0030215389396574806
0.004143139146284174
0.004025087993938035
0.005673315304333334
0.004761673825055922
0.0055096795313734695
0.004971821689246134
0.005662407126194114
0.006307345569182332
0.004357867171167897
0.0072218505701135615
0.00940952559916903
0.021370044538105638
0.030518603123273303
0.1924917385145596
-1.5090813940787688
0.21566264476139774
0.03833444476743094
0.0210020678305901
0.010426456831163304
0.007783636368940289
0.005755631349052555
0.0061088251734436
0.005821048359610829
0.006357383193082778
0.0057433462765158665
0.006193604755148991
0.006498962663607976
0.006113169986359591
0.00743023165630349
0.01042570859694035
0.016433984500645378
0.025444758315229854
0.06079018499340493
0.10347973311280512
0.26102486316989293
0.1129628205328128
0.06036985522471488
0.027372591454161647
0.01656459359634528
0.010670251292675294
0.00823269107305565
0.006668959325311551
0.005827474762969218
0.006950184341319779
0.006371588473383381
0.007168743624720287
0.00734139233564573
0.008083395301977327
0.009261986608895977
0.012479137265587232
0.017578225147667503
0.028211010431163638
0.042548536300863235
0.07797727332470429
0.09309702508871016
0.08041480796619724
0.04358348273302376
0.027574832125570065
0.01802266177085571
0.013262486179532655
0.010253382946916245
0.007990775439116396
0.008204281469119794
0.006943808998627523
0.006905842146530243
0.007321060503926804
0.007052359081111538
0.008003803409477036
0.009962634189191312
0.012468634261786972
0.017065327945250022
0.02288076537967467
0.03302962024600895
0.042947172695308546
0.0553143693866477
0.042634165470875514
0.03386198394091141
0.023189788949798965
0.017773158025488366
0.012918665945171989
0.009617141671433104
0.007399697820505758
0.007004147338632575
0.006262334202586537
0.005712739406118631
0.0062851750294589245
0.006271412443268805
0.007426337571927572
0.009895884334509105
0.012125764518307392
0.014950984238972393
0.019198195798294175
0.02393862198553244
0.0309631179491969
0.03112988618521825
0.029881371679172163
0.02432709051434847
0.019031709459396102
0.014921537108702582
0.011216470283758082
0.010407793909976202
0.00829987937688098
0.008356225827611783
0.0061519861745083495
0.006208386959054651
0.0062035111965585326
0.007001671508299601
0.008205466204681561
0.00964534462229127
0.010965863118055237
0.012634441504323664
0.015589265522562842
0.018004790592717788
0.020901158352334404
0.021599891503949583
0.0202290951582337
0.017974954374654205
0.015825129354596346
0.01351183159895406
0.01123917030782412
0.008701424266896423
0.00709544064602075
0.0079523762826544
0.006577423814700545
0.006016674628552482
0.007232126943422877
0.007273069949822358
0.007295024162605335
0.00813513321700155
0.009473190037887134
0.010647051342745512
0.012442773703715913
0.014053887908125515
0.015454964696647804
0.014868002240661678
0.01602776289358592
0.01443543448603405
0.013535263029720464
0.01131221572580946
0.008656323890874607
0.007846829891340593
0.0074910008344886815
0.006899536948729622
0.00637633387772787
0.006745867069437614
0.005875963656006642
0.006663567322816874
0.007393928922735816
0.0064577882294717445
0.008349494657606262
0.00840004565385043
0.009556006544880586
0.011402622836056038
0.011463592056333924
0.012078369657251429
0.012312389956358074
0.01102160500541089
0.010915805341426273
0.009824230338639798
0.0084163153128861
0.007088446373411721
0.007241395136182115
0.0063272815713580274
0.006878922984674889
0.005181935114037453
0.005965440079689191
0.006275774625713592
0.006265208683728444
0.006330321137017005
0.0075212045094834945
0.007334403281864715
0.007750380447290202
0.008426202606934354
0.009293134538254486
0.00875328927167855
0.008875152080729814
0.009329687498627127
0.008822223193834727
0.007357741758761194
0.007760416822265657
0.007057217108787534
0.006345839655568353
0.006097733992425962
0.005800219721590461
0.005992925611183676
0.005183811672906624
0.005302436310322094
0.005385090407164431
0.00611696562484241
0.00553835599580278
0.0061419488310484925
0.006268339053104691
0.00710540495350666
0.0064248293562371925
0.006648464049819143
0.007299251036413699
0.006663076128171868
0.006739175576799052
0.005492031304564996
0.006040583490069136
0.005601342158899254
0.005262816175668317
0.005541189930277722
0.004947348774413924
0.004424810831596925
0.005009825174938735
0.005176551408977642
0.003798960537267812
0.0050043297257832365
0.005254077691282209
0.004945456559629232
0.004490430553291129
0.0035934011359636795
0.0033007313590707518
0.0032786600507690505
0.004294137617848899
0.0042381747884280094
0.004441949996119429
0.0041162160057025355
0.004249777388060161
0.0035891076471634533
0.004124388539932564
0.004965128604707335
0.0035840103408360997
0.0038847983697441963
0.003932726414174188
0.004167484456065721
0.003988804302907747
0.0031134459430900594
0.003909421983844004
0.00360480611845028
0.002415288963550641
0.0014081174281497944
0.0019939034298253485
0.0015296122486243811
0.0013543903377235484
0.002142744088403812
0.0019905821172476897
0.002992893856896881
0.004000444432752996
0.004281552774737503
0.0036104774627144383
0.005021248558099681
0.003279007102250056
0.0027385285886011934
0.0034568572622860625
0.004267086232446951
0.0033946810821703457
0.0036064222590651367
0.002206690252217185
0.0008840726762855609
0.0003254049035826595
0.00033183477346500356
-0.0015188473253765634
-0.0025366438838526333
-0.0006865010468855093
0.00010755678734288333
0.0005203807981519243
0.0004225231151551919
0.0012420429457772838
0.003402279612272509
0.002885752663785983
0.0035111614045320702
0.0022211895243637097
0.003985064861963176
0.0026140266066039365
0.002634478279962237
0.0023132819118053794
0.002263234683377514
0.0012943504809803563
0.0006737722937535151
-0.00303441465146495
-0.0043800327078654345
-0.005838417327524915
-0.005391100282806772
-0.005797488529012125
-0.0037713412053444156
-0.0033085925755758933
-0.001685010274266726
5.5180707020857655e-5
0.0022518154220499452
0.0017726194135935344
0.00300904076354626
0.0029088319099823557
0.0027356892149432324
0.0030396116163977
0.002491848890353629
0.0025937571912653112
0.0007705451042529074
-0.0006471035495421648
-0.001941466550920835
-0.00507587358130405
-0.007972836552318183
-0.010704447360543138
-0.012413945266482098
-0.01055831224438338
-0.00839163034182199
-0.005724246839210077
-0.00270279549644316
-0.000449124182748881
0.00035151970772768083
0.0011180910522189745
0.0026279219669117938
0.0034602250127078278
0.00294709247558011
0.0029862525536192962
0.0014322041438400556
0.0013627867365510816
-0.00016298714993749603
-0.000611627760029532
-0.004432694099616244
-0.009146767382922074
-0.014013749938202199
-0.02028884981844295
-0.02095219011252261
-0.019637336696413998
-0.014406041476749037
-0.009294725485517847
-0.0044001887898578165
-0.0013196997154407307
0.00019775153427778062
0.0017912581182150976
0.0032952665985509916
0.0025225502863509925
0.002481752682339697
0.002536972765853554
0.002491177288800995
0.0010706469888190008
0.00028849633087522306
-0.0023482752865022533
-0.006320170808325313
-0.013230140343886924
-0.023246609975629287
-0.03247391653145686
-0.043648644692664725
-0.03218430787520468
-0.022197539939858946
-0.013427491240743526
-0.006469003919034613
-0.002594789387350155
0.0003736238991980841
0.001173548842312432
0.002916337821508697
0.002875261721175005
0.002805594015989833
0.0028120799789707663
0.001397428712952625
0.0016686833599310138
-0.00044721278214483273
-0.0018016288350936028
-0.00662797084337815
-0.017170148672861874
-0.032060436848818305
-0.06728120081262443
-0.08067094574625257
-0.06330895213240618
-0.03235973134281131
-0.018025021617373984
-0.007123088181492908
-0.002600485292802034
0.001085566134564309
0.0016656639410629016
0.002735826195432807
-0.005472810307691085
-0.007954974895091994
-0.0031087895964642164
-0.004384313334192979
0.0113150062836362
0.017632390833371932
0.015581082093051701
-0.013485511721387521
-0.006828307265422022
0.0034575713079493626
0.0018357411428982602
-0.012451774944366457
-0.0009170380456967547
-0.005768514575442302
0.006746343767362014
-0.002882323577545986
-0.005884515348891751
0.0036241400976527905
0.005548172421819535
-0.017159167994807403
-0.0021698571591144676
-0.015631678494308833
0.004605369571376074
0.014719905509254566
0.007221472005485968
0.0013736882446208193
-0.0035222240410890766
-0.0072502495230852984
-0.004873500889138675
0.014453635188509239
0.010722136917629927
0.01413717709052769
0.00794828303624636
-0.003970363145047924
-0.0007576610847831236
-0.009303356309999065
0.0075565254340507655
0.003626172217206743
-0.011378470311285378
-0.006962580895635706
0.023259600561066157
-0.0005309858298593038
0.007029779852418278
-0.0029812567405774052
-0.0005280480560873272
-0.00031081668955074224
-0.006573022824780493
-0.0009031762222580593
-0.013469394923347387
0.009007313170827496
0.02127210022195396
-0.004809478195473404
-0.007808151254925878
-0.0035828694157263364
-0.01834260875876375
-0.010677122580549996
0.006961657174457991
-0.005367175456113958
0.004666461723774512
-0.003066051648154864
-0.008305738586333104
-0.007129615740400564
0.00699856186908995
0.008135504575963948
-0.0031353213871412994
-0.007025530116117903
-0.018229556361999567
-0.001264676063445421
0.011842871934067866
0.003788291586346549
-0.015444506277338425
0.0005575331687751866
0.006645049346477261
-0.009308440343002537
0.007827864465115238
0.0025596469394080197
-0.001145041251823084
-0.00026512841610578427
-0.009401491980863874
-0.007118744353232015
-0.010417225559401527
0.0024506663491499618
-0.0062059709994231275
0.0070801183272247905
0.002051652937170266
-0.015100749892912461
-0.009568120683401085
-0.00621666523006846
0.016782776729636798
0.002009866094533314
-0.015955051799503524
-0.004186139931645931
0.007640424646183485
0.008193976833407252
-0.0041904389498760115
-0.01503814456410035
0.0035072016733834477
0.008244620616745002
0.003205396916234779
0.005403911534851494
0.01655185781647496
0.0010108269480063113
-0.016874604032295452
-0.008966567090053917
0.01293632070738442
0.004947776101941654
0.00011467374950241633
0.005929287178587926
0.0008397678206435539
-0.0010878651805190384
0.0005309530864035603
-0.006016323329267522
-0.012913206951352818
-0.001136799496090906
-0.0013511232219092153
0.006682973078141577
0.009018056047801398
0.0001075234510262901
0.021101463829486453
-0.014901199156031789
0.01010802125276957
-0.00597000344731324
-0.0056680001524656055
-0.004446357497217611
0.00911968735990809
0.002283091119465994
-0.00422227721740864
0.01880384675880526
0.0035107734958296083
-0.0075164016810063215
0.0028758542813752583
0.011006732672122327
0.0015487131609313988
0.0051937127290870265
-0.006406759516661707
0.0032159216779066215
0.008135722547189193
0.0025345129485144827
-0.013544785447333223
0.00225920197128996
0.013653476472326762
-0.006704751234660682
-0.0006084351689752191
0.01220285342003357
-0.018315840023088132
-0.0051856860669065915
0.00669037185147223
0.008374419801915823
0.0029710477482570263
0.00278922821151027
-0.009280330210868883
-0.004675824975439915
0.013339264047588511
0.009827409905372848
0.0129026542671003
0.006953099401642496
0.006671563263223167
0.016647072215075227
-0.013283705114194478
0.01814930906230421
-0.004982584619981564
0.0032735109535062443
0.0023323065066386942
-0.006431994374061427
-0.019718276753763267
-0.025002884910894113
0.018040724979704357
-0.006369923315454768
-0.0025636884163193277
-0.003304925674020758
0.004660448965326126
0.00832823668649936
-0.01628025813360184
-0.006209334400579566
0.01613895551810042
0.0005740662573930307
0.0013038408486340334
-0.005228353989879813
-0.0018230705234378124
0.0005679723099947475
0.008764432245438257
0.0004931777433697562
0.0034401332040212896
-0.021133316342137186
0.011809173006546506
0.00900477705477397
-0.00048338287142968284
0.011636653056595883
0.006792753752364961
0.012727549390840826
-0.00033065492048556765
0.0018415378881074867
-0.005293371088043361
0.0012186122114476922
-0.016592091945458402
-0.0001561038421158162
0.012762722113508929
-0.012225771299257622
-0.01668821404619951
-0.00024332002150121
-0.010791369346899804
-0.0018597907493245823
9.150153915238584e-5
0.005288325109577616
0.007971709755842786
0.0011737693071487494
0.0002221260920362224
-0.0057218979614636276
0.008112521241527216
0.0011990907418352515
0.009013662134165342
-0.0017000357442512252
-0.001858724434165048
-0.000866883198331253
-0.010220658918549848
-0.0053677862921056915
0.002647675006843632
-0.007932976486452217
0.012060240158522965
-0.013580078818570939
0.002744999140480546
-0.0007744950460381792
0.002519236161255404
-0.009508554000072993
0.006274381013427202
0.00037808025059569137
0.012584068952785278
-0.00589462765930655
0.0010979354898852961
0.0003744443700765881
3.9368210357733965e-5
-0.002449702036381713
-0.008783991887880536
0.0115336511989415
0.004938703890229694
0.002982936385281882
0.0009041347839318613
-0.001078343984439496
0.002691642764551857
0.014874487853561331
-0.0015084429262038593
0.007772240282756757
0.00461428599459778
-0.005720687383577551
0.004804048534600204
-0.01623399827843669
0.006103396002224242
-0.0006651559340392365
-0.011963921115137418
0.002528712294759969
0.008381882841653322
0.0005754653613769781
-0.015972143436803334
0.002298882225563098
-0.006685855245862642
0.006299959890999091
0.0012188031711293443
0.003286774304195161
0.00792248899424479
-0.00044828606668596057
0.017955241575771618
0.004937963893667577
0.006651363250575578
0.010817361460400188
0.01713121885752621
0.007253629228602942
-0.006714486674671987
-0.023176125244627074
0.0004322787291096645
-0.004543540358831614
0.012398173854133915
0.004512012692047277
-0.007654781909543758
0.006448746902412403
0.004238200012822206
-0.00023917131739770777
-0.004404455639936632
-0.007902246077656116
0.001994451965846355
-0.005832510546970002
0.0009156728846667136
-0.006525115409278378
-0.0001527131922119952
-0.003515997199614508
0.0058027357583618384
0.0003900231366826272
0.011157819599470114
0.01087608957462578
-0.009311323328839112
-0.014200233757516861
0.013482407509402427
0.016363204362367524
-0.006080928446038785
-0.006303095048555585
0.021188386785118245
-0.009322872467553915
-0.00578749311636091
-0.007954392986859793
0.00828422813668867
0.001353710383791777
0.00887890751073829
-0.006015143737600206
0.00037157606110419823
0.006828562210297544
0.0073340666575375845
0.0006102520572554969
0.014835136487991049
0.007273877732210367
-0.013159488441671759
0.012353796873666669
0.009465359782037016
-0.010715133485252396
-0.006385683271865164
-0.011493538305544108
-0.010717176906261394
0.0071197214297888025
0.006215723082989282
0.0183894476128155
0.013023473595767172
-0.006123701327994961
-0.008514611899234418
-0.0034535430958731604
-0.0025497153965833436
0.013928424317071367
0.0059636006923539375
-0.0011933008204236912
-0.02685454596706177
-0.01164871790455447
0.020934307258641288
0.0007907728599278706
0.014394913421151907
0.001632725120778786
0.008458290815487084
0.013966408639757906
0.01290634076661108
0.0004520744047001456
-0.018497736210441824
-0.007357748432997637
0.00871787031864333
0.00128475231105022
-0.007764205709713717
0.006635032165758111
0.0033264434281868455
-0.0015569387725368998
-0.023864273516809746
-0.005531178717718931
0.0014956599842690082
-0.0007054154572822178
0.0036563656519800797
-0.001609824619455913
0.009091535294734502
0.026977897611415898
0.009437580530973804
-0.01893951600970322
0.008163680579848223
-0.009307511043476727
0.005188277333160518
0.005972008898576909
5.8475121779698845e-5
-0.009151633336962096
0.024246741923618437
-0.014399391132445103
-0.0060972912184568805
0.007924043123913314
-0.0068102108221504525
-0.0001051635596815636
-0.0017853465738872237
0.002754951265142827
-0.007859584465954049
-0.0010170075040021524
-0.003096888273305032
0.014015272470482735
-0.008572898537107642
0.01960765764950891
-0.00965330316725485
-0.01343167984117584
-0.001948008743898718
0.0024153333473053186
-0.003473083932260688
0.003542193059890565
-0.01850385631964066
0.0002127024303607962
-0.005760910968421348
-0.013005038143299641
0.014793536893533651
0.006565230442769694
0.01591251947694325
0.009886970428054581
-0.01102446996234615
-0.01325355305986156
-0.010137802976436919
0.011485173031661994
0.002708481752714276
-0.01152148878119373
-0.0020313700289328576
0.004255441276021439
-0.003894218193305868
0.002626200193261306
0.0158383797068168
-0.004451460141996083
-0.0019500465033771854
0.0006468996235437394
-0.012948731977676067
-0.00877346339988825
0.004047101700455701
0.008571067131275291
0.005931048047226181
0.0019726172773137786
0.005000285080638162
0.005943065282386169
-0.008404687410441496
-0.005019441623749353
0.02086426601269755
0.008491664682957662
-0.010224071987216992
3.061031610360459e-5
-0.0024570286335959686
-0.0022392551861817422
0.005480332170490489
0.004952970845227997
-0.0094484013470892
-0.00738946203941491
-0.013934912831752636
-0.002252829207764912
0.003960335453329571
-0.0009002518659905849
-0.012348295453695528
-0.013113096207183933
-0.003170104778214593
0.01022618752506689
-0.013656805056124403
0.0007794443910011305
-0.005579294118257283
0.008208224439912414
0.008114993967760616
0.011500090164155045
0.002897355000330716
-0.006584915437575444
-0.004127980276138494
0.006644079117138673
-0.0013385509821125779
-0.004100427394325052
-0.022342196506522853
0.002223683306487427
0.0023949959390933036
-0.0039662783190451065
0.0007429339166131125
-0.01982781707130999
-0.009342892651542343
0.00924871623841746
-8.643700389557914e-5
0.017774265446657327
0.004405827148840803
-0.0009708613955873044
-0.01640935934955983
0.007238960443263486
0.003325403884783747
0.004859063639653322
-0.0050030530640752455
0.0014040706292614883
0.00037407033201313097
0.010155635415087972
-0.0015296160292533312
-0.015134423529218984
0.005045024272270526
-0.0022960643490367375
0.007936659839165177
-0.012971765160663465
-0.014564378939971492
-0.004765144410019141
0.008703862616828754
-0.006221162952781607
0.012020648734067755
0.006877623187851458
-0.006539367451977253
8.418738018447277e-5
-0.0002289501453197488
0.021797789626798108
-0.0004018655653280465
-0.007066691562776363
0.0008078718452529609
-0.003560847715698227
-0.01729323405286093
0.008656983754904788
0.00607310823386829
-0.004225894346828411
-0.0019800800263550973
0.001418845711721067
0.005774494846468936
-0.005680330110572014
0.012077771506166549
-0.005288546838041651
0.0015924886108253746
-0.015514314710425374
0.001290350558913838
-0.0032555953242156587
0.0010813857996491028
-0.018377452986027103
0.0005297067003983305
-0.004403478056860428
0.0013607849936994204
0.001829621044245077
-0.004306609109357365
-0.006069486457109238
0.0028267086887229505
0.007455125829219507
-0.0038689037045144415
-0.001429031983629747
0.006443242066163512
0.001304773744310695
0.002596722855265198
-0.015882863197055435
0.008349008321124896
-0.00415034030070055
0.00362612035310798
0.0021193962931576227
-0.014992029304022016
-0.0015064518614777893
0.004670177233861329
-0.0061362437424834545
0.00901580784233636
-0.019206663190138265
-0.0034467972879690893
-0.005135403009794519
0.010060268897805511
0.0050830273264300075
0.00036653553094180644
0.0037257143821163383
0.004002260833713632
-0.005981874587219806
0.01156563969399963
0.0019583578832220202
-0.021030582793455703
-0.013753961917706824
0.0016406529949748753
-0.009166689873715415
-0.011298377920918713
-0.001635061019003441
0.0009820061762540891
-0.0012619896241559557
0.0077873069737540955
-0.0010414015939026857
-0.002768790820713688
0.014022183365635137
0.0036436456620597205
-0.009683244564203344
-0.015851950377588256
-0.0023840154905834373
0.0011224862802536053
0.002823060922111202
0.010960659446045795
0.010621361496952232
-0.0011716258121717564
-0.004377215325841418
0.0016031659128967236
-0.0014857418526385369
0.0019827261457329238
-0.009170587689337102
0.007628899034454883
0.009099211549945852
0.001051597230121565
0.01979265001419128
-0.01667044067306001
0.0037304114122953557
0.008259717478578425
0.018484217670958467
0.002898536308206452
-0.01697447565031422
-0.00024139518363419828
0.006600380605642227
0.018163097791777782
-0.0022423147126052964
-0.014891609645628226
0.010509357606037441
0.009989087830450093
0.0009232678748533746
0.004757031667709114
0.005734803944543358
-0.005281886595049937
0.0027306665924179906
-0.008870598502149054
0.0002291147862402928
-0.003879859544920737
0.00869192833288502
0.004671739948882811
-0.00792052314176886
0.004760053835868482
0.0008048055110362524
-0.006459115028617344
-0.004551293920642805
-0.01676291144134379
-0.008024003874849587
-0.0050914594887912215
-0.00699766985432781
0.00815194319136572
-0.0017172657128942744
-7.150751809837139e-5
-0.0021923597421119965
0.0001019686197350799
-0.0025580025751240094
-8.202245658340147e-5
0.004638924255744792
-0.008097106815167428
-0.007020364269476746
0.02185852723757027
-0.0068963136939196494
-0.00945995864568043
-0.006057276307920507
0.0016988786636634634
-0.006351976010563203
-0.011792822400090386
-0.007292819390081384
-0.0032152435623387194
-0.009535108093578704
-0.006299572547723971
-0.019311571497103934
-0.0055355202440152814
0.004736712964716555
-0.0004749994075010744
-0.012562860339228344
-0.0015111820803272676
-0.005601706808298692
0.0051083702138462715
-0.021950014065030835
-0.024548846393362782
0.005394171122832081
-0.01894716581813525
0.005512536495081304
0.012885456614943915
4.141318218804516e-5
-0.009031489593080068
-0.002930925725040729
0.0007045252713301993
0.001047317831419598
-0.003952066941285153
-0.0014113283149899715
0.0063004870135144955
-0.006404269734674386
0.005046485470176996
0.009606577667922589
-0.009207513524342466
-0.002170428338556616
-0.026786834963030092
-0.015586722577174743
0.008953166157664219
0.008050389645205921
-0.014741719647228308
0.013939765486270454
0.021599436165482457
-0.0031854557458699485
-0.016597998839970533
0.005240597922505773
0.0003932042980453422
0.009451074093712068
0.02025237957449203
0.0027167708421737178
-0.007266749341079705
0.005584854022530921
-0.0001966281593160891
-0.0032171549761374216
-0.003345121058968505
-0.0030896290790124637
-0.008355493588776864
0.006363614279021851
0.005835191413910438
0.003983061107902652
-0.004252453478041841
-0.011826265493067575
0.018294330276953687
-0.003311711286633692
-0.0033183966743184114
-0.0002669223821069887
0.0058976170559090334
0.012641343538653592
0.0009313269881747774
0.00014120201187878267
-0.0023983427396924283
0.005542875758139619
0.020338315772201864
-0.013367506786812007
-0.006009290136440045
-0.02389189078766296
-0.00717211880817048
-0.010490893581477739
0.003337120316222175
0.013855621529980766
0.009434314665974844
0.0041843481469871005
0.017970773112031962
0.0009471269690227097
-0.004890641528442896
-0.0013898901701581397
-0.007947212840432542
0.02781973605573748
0.013960947203971313
-0.01905624089501394
0.00300122172575269
0.002107753129911353
0.0016520612869737271
0.00025614554959562026
-0.02018653803961447
-0.0009532664340243394
0.04225681341188319
0.008501235897832565
-0.0026550816280520497
-0.012075149901567534
0.005325154574909112
0.007533653907116959
0.00429737632981327
0.008895980102092995
-0.005252131522788025
0.014826778039418986
-0.00456658169278931
0.017818546024573508
-0.011596424018665357
0.005524051930853971
0.007096765037200982
0.008630879630476627
-0.007755903236494225
-0.023994625324092536
0.0011756836999522052
0.03261991410462337
0.021726057471128594
-0.004935544701659659
-0.0033069967651115067
-0.006207963159718933
-0.004505169605497069
-0.002699311931822617
-0.011560894514758313
-0.0036993575331196217
-0.000507145142366802
0.0017012581195470593
0.009183338767017695
-0.01602202571243361
-0.006412280717207884
0.001487965506373526
-0.0011837791688889868
0.01076808991298318
-0.011173514816621969
-0.028563276259278642
0.015457273274723463
0.0036772326414095825
0.0157698659560224
-0.005892814504523103
-0.020017361236571087
0.007955262574922675
0.0002863928749198899
0.008749203241192431
-0.005596319482296376
-0.00835733750581228
0.0002497188109350563
-0.01106658021956598
-0.015737561068651026
-0.007871767320209612
0.0030376979519740506
-0.003926063683861296
-0.008183523532569674
-0.004383207085091336
-0.005231265203906231
-0.018879049402267138
0.014628585148196616
0.00826273082087554
0.03260814310158431
-0.01203940439353008
-0.009721204444527539
-0.010552621889804195
-0.011096205003523651
0.0034751415515541628
-0.009246801756715705
0.0016558151208021631
0.009473988879330661
0.006195492957037505
-0.0033763667901883405
0.013155666817473287
0.00714825673354689
0.0036392258561688574
-0.0003286959287788461
-0.0016709231929976757
-0.0010791420553689633
-0.013940571872783985
0.007236652729697627
0.017872272446051846
-0.001881222949319476
-0.0012519102429476565
-0.0052641677259377476
0.008812386629496299
0.009400468522611097
0.007271613992355619
0.00029554922580412994
-0.005279995538271107
-0.00046797879180383905
-0.006159287284570512
0.008801237879807022
-0.0011931572138936712
0.0013669773237093032
3.995632310787754e-5
-0.013920970138187265
0.007090966426386861
-0.0027810563451837987
-0.0105114608715798
-0.014357917401566004
-0.019452740608114905
-0.01875297842579726
-0.02463556241733569
-0.024930731928266458
-0.021869043105682058
-0.03296901208546103
-0.018955393795003307
-0.008889511520534736
-0.021456213820745855
-0.008451053297169688
-0.014560673431805659
-0.01811044684977864
-0.014317586836893206
-0.01727397880679097
-0.01237465547009156
-0.003838207829084588
-0.014869519560126868
-0.011615312653033283
-0.015231997818393088
-0.02693331293942553
-0.016838701769352028
-0.01044876369595858
-0.026562927112824493
-0.018610163039243358
-0.01539197343606449
-0.02314788484791133
-0.018340182310412057
-0.006717820288398534
-0.01983394172854127
-0.016529225707893256
-0.013146684903682048
-0.008139637785468319
-0.017180038504338534
-0.016233698574183598
-0.007537374291084257
-0.015861210843283777
-0.011657410236929863
-0.01391116714597362
-0.01587199296371057
-0.024499380676197936
-0.016995672418615333
-0.0017875385869071132
-0.01945249496950769
-0.013108780571964247
-0.014274935690747163
-0.014490503739287524
-0.008693504552762575
-0.02186872421819027
-0.02137115335248979
-0.016496896641175235
-0.014712213648479064
-0.018374322365573174
-0.012268182429934984
-0.008439737515982664
-0.0113757279955797
-0.012724072547719335
-0.009131054552912018
-0.019432565800136792
-0.01550493177659644
-0.019054822975415723
-0.010385844856117158
-0.0165883824047002
-0.014607541405753491
-0.01100767909482676
-0.014539214797213741
-0.0152821773496437
-0.01752166267512925
-0.016710396453081092
-0.013877541689430558
-0.00712721591742565
-0.009171099167267317
-0.01625969593840243
-0.015426596428962975
-0.014042155916346371
-0.01119983099834334
-0.014842940326538984
-0.020913786845866283
-0.019260564726848665
-0.01120812591773671
-0.015038661022390112
-0.009938793358907766
-0.017604335079356458
-0.009887467218476664
-0.016816790660769177
-0.01859453674123097
-0.01963133609525019
-0.01463910260738526
-0.01774141178556135
-0.00977553902629129
-0.015822495597412244
-0.0013160005761831566
0.005705315383201913
-0.0022084472311127558
-0.0064338648029481
-0.009500783622350692
-0.0012964107776623722
-0.0032119570228481605
-0.01627631803868317
-0.010470476681057375
-0.01648832291737178
-0.009065596182284768
-0.01053437239904613
-0.02324190078227111
-0.013397146678515336
-0.020535791710775797
-0.01962959767631608
-0.007140447224457584
-0.007994264053429461
-0.003502532200087654
-0.001109541341788993
0.010091409287727907
0.00018590482550474266
0.003004197961750813
0.005119864057669758
0.002180617826360839
-0.0036408172979134124
-0.005968221748829098
-0.00865521201915134
-0.0035373061619384883
-0.0074204965919906765
-0.011867829170035364
-0.017754299704503738
-0.011641130004430376
-0.015870480185624997
-0.014911792650497472
-0.021676722450780797
-0.013511974440899625
-0.0020276311409204457
-0.009054399553606181
-0.009147636057909192
0.01941704237301265
0.012259788353688643
0.015098629714267202
0.017342721747232576
0.014536134890352055
-0.007621931512814555
-0.008682307647046297
-0.006386896129428145
-0.006376643831765953
-0.014319213259116385
-0.016389265352366043
-0.02321713851371471
-0.01573765435857024
-0.014180323955339256
-0.01160664151290289
-0.020189868697797608
-0.012559817500823963
-0.0010166691694709078
-0.001490196734740959
0.005170411942402926
0.031139169977120327
0.029815440040327598
0.035112154611397176
0.03961954580083515
0.012419820362659727
0.023563937074040177
0.0017522789312134455
-0.0026998043900439326
-0.004578226396583271
-0.0048563559993468845
-0.01103086495202765
-0.021188146248183975
-0.013424768492319711
-0.012369301371953884
-0.006982430795089811
-0.0069204131034534926
-0.009664069616166147
0.002889877582389377
0.00868821702108983
0.016487649748907252
0.045930138422499864
0.056250789528543815
0.07580304487547876
0.09276508054548165
0.053218901556942304
0.03851786552083974
0.02211047689389917
0.011758728955525016
0.006637956246534068
0.006122861324729224
-0.007332527559847918
-0.016226047321199234
-0.012273965533787434
-0.019155903771493885
-0.008961231301023314
-0.0010154281323461255
-0.0039416954621694835
0.014479206448198594
0.022163147035788783
0.03527922969197764
0.06912993495219542
0.10673635417158213
0.20626681369025046
0.21055269155442036
0.08837599428837804
0.05545296018532307
0.029328246135593476
0.022560776221626985
0.019295696380210406
0.004044933366472811
0.0016938967131452417
-0.01585284491715645
-0.008842147209644182
-0.011257770872484427
-0.0047168422736887945
-0.004381754742645039
0.00015841853431058667
0.0023499323733433388
0.023186556522215452
0.042608561527374245
0.07187131572404577
0.2543985429709706
0.23271717744459985
0.5415831285231942
0.24968482366316153
0.07572431283932377
0.06624579126507596
0.029499073661193868
0.020317541050767666
0.003770438798405539
-0.004580295966128063
-0.01131108235721489
-0.005263582479922497
-0.008751643380133844
-0.012298054638118954
-0.004103991352227525
-0.005338183569877371
0.005679061560398609
0.0023122164480206897
0.024845139507737
0.06389589654701747
0.19771999836993115
0.6701407841977445
-3.5233399302105064
0.24954354196693757
0.16990191139844268
0.04765689231959487
0.035237198768843486
0.0226101536873747
0.009237604661018865
-0.0054438192335168716
-0.008055360972926879
-0.007050252914052332
-0.0024802121549885323
-0.0160738866403871
-0.007154617821772608
-0.012134993611762476
-0.0018927802741755054
-0.0034047270721416435
0.008749926757349799
0.03309887416527313
0.07564813688898786
0.2663684716878258
0.343866597030131
0.42302546711172184
0.005818772091446305
0.07531978372655987
0.020715665433111957
0.010705341434732979
-0.0077740851220913934
-0.0011827490459706378
-0.012669167555178782
-0.013330298569533282
-0.006510322068716165
-0.009404266575410337
-0.003211064698439335
-0.008883062738259243
-0.008423329264163854
-0.00998126876471676
0.008648685166168705
0.01596812747499564
0.06324771270845128
0.06168584352465467
0.14498449049431295
0.04042897863922832
0.08310382223204606
0.028845030855895952
0.02428436377669898
0.0037236364657175355
-0.006474109313761101
-0.0074462474603862955
-0.011765336016406076
-0.009546612421242549
-0.013124508557656085
-0.011923982035361507
-0.002846366507196268
-0.011164955635776866
-0.010924883363907368
-0.012378991296585587
-0.0030233282839606593
0.01487482922211292
0.015809657703542004
0.038176744467146556
0.012446586141576416
0.0546149193825666
0.029188625003426182
0.021036797673010508
0.022516132860916548
0.010019299891496941
-0.006852902543947502
0.002225019747032482
-0.0015144799945472406
-0.010276840105986566
-0.007986368881678935
-0.007862373251077978
-0.010682819746698737
-0.008681862388555402
-0.00970544236331636
-0.006768286937962354
0.0015345149147352544
0.009898384672786404
0.007413183660635477
0.018911497924376963
0.012020839120723045
0.014536279811843706
0.01590864211561583
0.0034822903964211067
0.01687119537880615
0.0035943342523653767
-0.012504777526829837
-0.005040641722623867
0.0003999000703537043
-0.01161302126119009
-0.012958437806986215
-0.013762667402772098
-0.01222757403435409
-0.010984438309434942
-0.013203987958809157
-0.011028864525300537
-0.00779418082672107
0.007209082663203956
0.005308151950627995
0.001648712259242838
-0.006752171312895126
0.0024641297147624057
0.0014402440897178504
-0.006100977731040252
0.015771728836369698
0.0005351514380847464
-0.009775760699638921
-0.01169164164346024
-0.007810954031761842
-0.010266528591968032
-0.015045071918500635
-0.011186465086700044
-0.018845326211387247
-0.018857443221630805
-0.012995387700653916
-0.020013785932374295
-0.015324211847011875
-0.004721488261838372
-0.011355869464649998
-0.0102716875647237
0.0005623504077965748
-0.0030596332918148648
-0.00109351142988542
-0.013097155193028651
-0.009058879193405697
-0.00981851760045683
-0.009302465616628668
-0.011493154180250542
-0.007106977341632667
-0.006112464538295361
-0.011369997594603665
-0.02455527596260332
-0.02293178341836846
-0.02053228309448469
-0.01601947788239504
-0.014649237450931028
-0.00847406596895605
-0.022687823523363643
-0.018391621433587396
-0.011061395253031795
-0.005844279450627418
-0.0047992862056546355
-0.016251536624491626
-0.00962252385958762
0.0006127763878049702
-0.011895032731416677
-0.011484319642169302
-0.012628156999154738
-0.012688659839810065
-0.021657779800773495
-0.019929174505140805
-0.018729111597742685
-0.021831116281038444
-0.019450678403919588
-0.011762703876347454
-0.021729640693588112
-0.003790719547321978
-0.0074023900378748855
-0.005043223998024196
-0.011876477151478352
-0.007569057370928979
-0.005526302472670211
-0.006590429904111107
-0.012101094125532839
-0.012918871769174039
-0.014858606778584986
