0.0025011042761329777
-0.0003339335062160991
-0.0002749016364562918
0.002177679538720077
0.0049148077716396656
-0.007653134849564668
0.0022080353157631553
-0.009553257083667081
-0.006175586231384195
-0.008743100330677095
-0.01443935965321692
-0.01398801913245754
-0.011636758446275645
-0.02095013848067282
-0.009910046048397656
-0.015987992436323435
-0.020013530285698695
-0.017394690944785223
-0.02132128610583172
-0.009427633916241981
-0.007517342008476798
-0.011290462684614696
-0.014363290310900077
0.007823970340335036
0.007775429927358913
0.0174208531258907
-0.0014533942064142115
0.007178602143074598
-0.010147606166103192
-0.011075640916742801
-0.009711088305498057
-0.019872635180128904
-0.015587320053620093
-0.01424494203411432
-0.009477727575938654
-0.014086093565841978
-0.024908297867066678
-0.011766968127981513
-0.013549561217580719
-0.01649097191758472
-0.014717213321786712
-0.005414916502049368
-0.00792690479032763
-0.0008725876437230247
0.009608647282269569
0.020301101366979865
0.0214679603341073
0.01050624146395229
0.0019169057932322442
-0.009979089222061845
-0.008825831609149666
-0.016204367779444503
-0.01221501836769101
-0.016890596663106362
-0.011595680593653125
-0.014572757968513338
-0.015938049034166225
-0.01634775019497563
-0.01490661776610604
-0.01287548316678973
-0.00876982339028303
-0.0006300961509638652
-0.001487528275575556
0.006059516499430715
0.04161024806489814
0.044415718579914915
0.03105488675755683
0.02576002373091718
0.015203752863735164
0.008959596896220145
-0.0004733543902149702
-0.001787290634627925
-0.010233255689733203
-0.00912535788673246
-0.01602611291507773
-0.01921130952844276
-0.0049804586640675545
-0.00975312100857287
-0.019812725217675235
-0.010236293271252177
-0.0002462610163708233
0.00277492911140876
0.011606403909617109
0.020655380827302033
0.07259311149420408
0.07845992534276151
0.08500196367487341
0.05059935185019116
0.025208367913344614
0.010953378988460395
0.0015872391766479756
-0.0016129951769371903
-0.006690280759321044
-0.010987013418488402
-0.01033080345486577
-0.009956580262958986
-0.0019309641420616002
-0.009278884180606205
-0.014896697377240926
0.0004825854791635148
0.0034180362109026796
0.009076193236275974
0.02486687338360225
0.043559709018527536
0.21450065789804992
0.18533219944660467
0.11848285579762724
0.10176772780541021
0.042162802328990306
0.024625041165334774
0.011847394963360364
0.005084145897097333
-0.001715115192234786
-0.007632123207174931
-0.006910060837008884
-0.009106383725071707
-0.009378678786609305
-0.009856807156024387
-0.006912480479511283
2.3620306938090634e-5
0.0022283686286604155
0.016930979681158018
0.03855411684603656
0.06521423188763108
0.14876965696246786
0.9556849167983178
0.3994601926718996
0.14223791360586052
0.08637913910077323
0.025606424225915844
0.015534196459037846
0.005972053762375834
-0.01122442924767333
-0.009060889620468653
-0.01329775628246303
-0.012447586854948308
-0.016007793908792124
-0.006973304967553126
-0.011621003522476853
-0.008712870103377545
0.0019466632550243948
0.02483618431862837
0.05348567032089829
0.16267678604476254
0.5073029655247159
-3.858232230528115
0.43490257595625076
0.25834063765774096
0.07262938621268328
0.03858869297448482
0.015814977681730142
0.0002970723967854077
-0.004179684955892395
-0.004347031756273981
-0.005969818589756409
-0.011950982562746909
-0.016240461782655046
-0.012488946021731121
-0.006189518688104203
0.007405610732779006
0.0031324027171791553
0.025702419130252376
0.03142327350745312
0.09344790034738683
0.14815359328080632
0.36109190066491265
0.3720506224370068
0.012030521959487289
0.06192591858889029
0.01852781831993574
0.017218626714947442
0.007968568571034383
-1.4214578055971088e-5
-0.0073418814102658506
-0.006393422113891802
-0.012094160394355529
-0.0130656028119824
-0.006190227264210148
0.0029259402815494757
-0.0077929698024908345
0.0038306369914567436
0.01721840788811648
0.03204468215220813
0.03929647400228083
0.062395270335270876
0.18544499913232984
-0.0389096548484311
0.07888989731687604
0.02125214237162603
0.021707525150406855
0.005428076708826015
-0.0012399061656980736
-0.005520817567757132
-0.011469651505691405
-0.015599659401247004
-0.015190960798034139
-0.01956035639537378
-0.013621565591842223
-0.012632595056929383
-0.009154040497721982
-0.0003540256428181117
0.016733784119163323
0.02345511781694257
0.04982677317725376
0.0445085219843237
0.03180303745072072
0.05051781600354388
0.024602799996242077
0.020970804041504577
0.009424770183215803
0.003733284690221558
-0.008165784930245865
-0.006176934311259118
-0.014994905859634266
-0.022921614832385105
-0.016680455573926077
-0.01741942942401058
-0.010932707515247024
-0.006466406409729139
-0.007162206259043536
0.00019880570686839783
0.005025467931638352
0.02387936705232752
0.016457196227426592
0.016552375764626346
0.02470792887876577
0.004166694112701084
0.018437379202711608
0.0052724241910306335
0.0026493833171585173
-0.003789705370702341
-0.00532379137127291
-0.002247777312492206
-0.012704440440778921
-0.021476630999174712
-0.008037914639821028
-0.010747331976381063
-0.01605171921410591
-0.009791768962482707
-0.010698547695799676
-0.008243410043926017
0.0004472827755875983
0.0068291977021267235
0.012786822386166772
0.0027620400205051283
0.0030859359773695643
0.012307924698854578
0.004136194423501918
0.004881105940113645
-0.0061145958370377165
-0.0050706073928720365
-0.00500032988097251
-0.010689048735741736
-0.011050838011976961
-0.009499912457298334
-0.013001133268855346
-0.017369417238330218
-0.006750066033029534
-0.0064958012502900645
-0.003283019365265943
-0.006070463911862609
0.0036802149075467697
0.004427925206586247
0.004331466862078975
-4.428548163832539e-5
-0.010098234319590412
-0.0025594402393370524
-0.0035780039143173755
-0.0034623326736056433
-0.0036314165334977743
-0.0001084491206774351
-0.003001724119399902
-0.010290683844105098
-0.013651814981977917
-0.0053282592719035545
-0.012835094132016592
-0.018282093770750612
-0.010714993821931237
-0.010038867289595296
-0.00046561397931162195
-0.009676655532753677
-0.0036655491604259687
0.0005569226430002375
-0.006763703632279002
-0.009887592406681203
-0.0021187320614636804
-0.012416093979859185
-0.015823168411544457
-0.002595128666000353
-0.008119826275111205
-0.012770174777077032
-0.013626040260312208
-0.0071520080180540934
-0.011277503626968501
-0.013418888420808205
-0.014911912274170904
-0.02295354496552521
-0.007870919808182554
-0.012481083894695127
-0.012300499740954573
-0.010147886097724735
-0.0063587333195443485
-0.0069516125000225765
-0.00194080543534276
-0.01578076593278582
-0.01561213661019448
-0.010226449846846654
-0.013299346974074698
-0.005779993668750991
-0.012523293973861592
-0.015631171238419284
-0.021969227265349233
-0.013926000115844639
-0.01418068670385062
-0.017322879872518814
-0.016732577088958464
-0.01472349677380014
-0.013145802432845678
-0.007095436623326793
-0.004989994085024901
-0.019250865381158166
-0.010172537792077737
-0.013091875367114585
-0.011224508473325335
-0.015728706574062307
-0.009595425158504403
-0.011664485858542937
-0.01984691332102499
-0.003783429059865147
-0.007868772645265745
-0.008593207955414085
-0.01102672876510978
-0.01794848540339408
-0.02423713276457453
-0.012137130901932709
-0.00915150650810955
-0.011500187333952973
-0.015461864363255758
-0.012455813287570035
-0.01634478209300335
-0.02020393526197366
-0.019846336066532102
-0.01586640431370572
-0.016264791668322575
-0.01839579151720849
-0.010974002454171995
-0.003465814685440729
-0.012181314914266442
-0.009034079347839737
-0.013450087265339115
-0.0014781323042448416
-0.015127881310121695
-0.009994393962055181
-0.01996271372798225
-0.015379299292398273
-0.014682020675675131
-0.01581654198381419
-0.0152417597041284
-0.0179312621308159
-0.014422330311222989
-0.024266476296831315
-0.012619328085525173
-0.01681558722367929
-0.012233513643793832
-0.010417810981522278
-0.015919890729066417
-0.0074679935820348205
-0.009891527290313246
-0.0050119881126071235
-0.006034831532332511
-0.008855312351920462
-0.012145952252011302
-0.01868008535418546
-0.020684852292319353
-0.023863989472541
-0.024770284997329178
-0.021420975940606515
-0.008482823541555192
-0.013028825144888515
-0.018214314534088543
-0.021011654160954043
-0.017820512131136074
-0.01622895390913163
0.0010812403048591477
-0.005115552063079266
-0.0014782131797194831
-0.0021368006828399347
-0.008272847076144436
-0.01076413789675342
-0.016385811894174006
-0.005942724652461328
-0.017794993100708152
-0.02022667825665341
-0.018488158837162174
-0.01626169238540189
-0.015530667389527273
-0.017023892888191974
-0.018171692268574336
-0.016089039125704366
-0.006390999187160089
-0.0075639616292797
-0.010144268008836495
-0.018924773539032068
-0.004236626648042142
-0.013736334631199614
-0.010860748394531652
-0.008678392737771134
-0.0029030993722816835
0.0008136222802151401
0.0017517104612931682
0.0010483464411231672
0.0008293966525766735
-0.001079316784781514
-0.002281826686753762
-0.0038298334908336493
-0.004325023558077824
-0.00572123938804872
-0.0059836504681411475
-0.007475538265274376
-0.00686028870701036
-0.009113099267467586
-0.01126332525474364
-0.013136816937351397
-0.013251234297960516
-0.010832297720454628
-0.009694421369366895
-0.007565668365219402
-0.00575394781360699
-0.001770402361847534
-0.0014209847575352443
-0.0011995165520890486
-0.0012054701066267922
-0.0022795853155108165
-0.003364903827986857
-0.0034668819238221913
-0.004659238674036751
-0.005219989240906566
-0.005009461699957315
-0.005780910706634895
-0.00662868081378046
-0.00850924537625165
-0.010020098580084912
-0.010330111884611842
-0.01084972789635698
-0.00874318090027364
-0.007838871356446689
-0.007380419268955034
-0.00484902816516366
-0.003060894288917506
-0.0032227308239893594
-0.0019857082785115464
-0.002703068115723519
-0.0025865943727426365
-0.003481950506743491
-0.003397699400711351
-0.004996518133434965
-0.00569901546254843
-0.005149510891475154
-0.006960552709652879
-0.007660128370387986
-0.00826815271625681
-0.009048354673598788
-0.009532587458539604
-0.008189264779042587
-0.00820558098944772
-0.008857990299254485
-0.0065866614290056745
-0.005326765701846544
-0.004885656051057628
-0.004869862976415601
-0.003204871956307373
-0.0035584948193396323
-0.004311659035329815
-0.0045479207286593685
-0.00437982272496081
-0.004858687980370682
-0.006329711389099893
-0.004953968322217838
-0.006987758800649276
-0.00779717956575265
-0.007656732999849134
-0.009203823443442397
-0.008411465248308398
-0.008273276439224351
-0.007995031419517197
-0.007087348153765162
-0.006871563242612809
-0.005439831944848326
-0.005924824129436289
-0.005391008473583708
-0.0037660170468404573
-0.004274200594324375
-0.00373045536164296
-0.005002643162195055
-0.004895160210069425
-0.006022243526548471
-0.005041504016541835
-0.004994021938421761
-0.006470107141643175
-0.006681504476961698
-0.00750304285199732
-0.008500933931556872
-0.008170335448922273
-0.007644498593186572
-0.00714380056480166
-0.007262162350512161
-0.006482533938439565
-0.006292682903248442
-0.005754286991482988
-0.006417306842953328
-0.004032325704144489
-0.003926489013942509
-0.0041920096580177904
-0.004319945347873958
-0.003582964062471163
-0.004994881910189529
-0.004351431715800516
-0.005388858608456046
-0.007019948738012665
-0.006850194901439416
-0.008934022154816377
-0.007688401829975709
-0.008398696941925552
-0.007750527799789987
-0.008168723231942237
-0.007207570200414279
-0.006494461958223393
-0.005315808249983114
-0.006050455615738459
-0.004335274253868652
-0.0036611491254522014
-0.0029707744149365264
-0.0035211816078937145
-0.004413832383246728
-0.004707675635664572
-0.005832743584437074
-0.006007439699988864
-0.006356378049797147
-0.006366255777586802
-0.007939969699876278
-0.008374989871959275
-0.008374788124463241
-0.00813212215900053
-0.007659007635935742
-0.007921422435014614
-0.007051993396009633
-0.006789761261675636
-0.006310553682208557
-0.005169883772239486
-0.0048919775908509155
-0.004174187871792235
-0.0026753371599935213
-0.003201524748139479
-0.0035542207259797306
-0.004240142119908718
-0.004728731451900113
-0.006340617629610277
-0.006566112648309782
-0.0066670892027952695
-0.007361146261511291
-0.009093915758072496
-0.00869018231092889
-0.007910642242928569
-0.00737176741336061
-0.009112013117277247
-0.007955662626302252
-0.006968235205532593
-0.005487816391277326
-0.004278809310097941
-0.002835874031550712
-0.0033802579724654075
-0.0025028518666423286
-0.004264276730999254
-0.0036419281064608237
-0.004557854261263886
-0.004674737616427747
-0.005870101378726341
-0.005765406369017592
-0.006372863844454198
-0.007709852735005302
-0.008475367044133215
-0.00827513281526127
-0.009101656050234476
-0.009150120649208148
-0.010981182148099754
-0.010148635319053839
-0.006814228390657258
-0.004943121370598334
-0.00248497689172354
-0.001694468288155357
-0.0007864669842945
-0.0014074895594065745
-0.002601075733422385
-0.0026536377908643774
-0.004425575161265612
-0.005399925725020669
-0.0054817575194506495
-0.006230920621258111
-0.0069560074247846425
-0.0074626399212205045
-0.009098341105922184
-0.01019111452216697
-0.010580717217987461
-0.01073588197383492
-0.014725073825669975
-0.012525161033986456
-0.009451790442955884
-0.0025533847033516123
-0.00043564691188530065
0.0003062479835805094
0.0005723505481155317
-0.0003944781681004219
-0.0006957752590299364
-0.001586174036409102
-0.0034000093515679365
-0.004757156846874253
-0.0050124609000715995
-0.005827463326027251
-0.007934351048141853
-0.008100154932409469
-0.01006528285347841
-0.0122426454106819
-0.013085626121202041
-0.013330324781334845
-0.01840544629423733
-0.019008509999555896
-0.010370833047267818
-0.0030930172152375994
0.005719727467416171
0.0044162749376238
0.005516978466139538
0.003226262251021826
0.001051515030025019
-0.0014960880233384026
-0.002824775642064558
-0.0037999175140168637
-0.005189446022675172
-0.00653962844328995
-0.00763930714547608
-0.009860152263474595
-0.012088513617913157
-0.013422990713294997
-0.01636881820985216
-0.018921603381572744
-0.02954755933094473
-0.02674858489728982
-0.024393719092183484
0.010185902299184823
0.013885068084163817
0.01746799388883773
0.010362235416000638
0.007730004397097967
0.003735238595611082
0.0014481106206602349
-0.0019243793377172668
-0.00380585943742134
-0.005232727793504015
-0.00769013362292223
-0.009554555114974893
-0.011236089742344168
-0.013464934406986286
-0.014961297326359877
-0.020458749697311828
-0.02388176948999381
-0.0436646436429433
-0.06363200563803517
-0.031574857596796374
0.018604691904992723
0.04939721194432786
0.02916233285876382
0.022756746861013418
0.01250435992924466
0.006810803237837398
0.0021848066830614772
-0.0007044612167442016
-0.0028408122086136162
-0.006023823935892764
-0.007784674060871351
-0.009729129989242018
-0.012474323000503986
-0.014112777482648785
-0.018458665232808372
-0.025842643011515908
-0.03575300108947049
-0.08296718553189303
-0.10792853468093255
-0.21958164980756256
0.19760214264225637
0.09430575414207289
0.0676785695420244
0.029728008372924192
0.018089937948891962
0.009049095681101184
0.0045755010509647715
-0.000651932839386145
-0.0038193796988130312
-0.004638146115791216
-0.0075911558086886695
-0.010020386062153204
-0.013156973472026953
-0.016281626031215645
-0.02106699761904911
-0.03187701831394417
-0.04408038681264039
-0.09394080453117168
-0.2795209967277613
1.8463235770242892
0.8943528330468223
0.25499822686098683
0.07798008618575215
0.04400334228161191
0.01877468443318034
0.01088078812650613
0.004688564707603229
0.0008326927412272104
-0.002016414254522008
-0.0051889278881821314
-0.007159335885303024
-0.009750259956339557
-0.012594570335374401
-0.01647363670572872
-0.023364566762026244
-0.03227011721167964
-0.05890303810309359
-0.08178517384810413
-0.10318981943027761
-0.20837798535422491
0.1894640274300438
0.09163183547389506
0.06620133029684198
0.03051392970531298
0.01886485603759243
0.009164109062251838
0.0036254376824116394
-4.366107849915379e-5
-0.0018963780558013303
-0.005060150234469391
-0.008316505769884444
-0.009496625892165093
-0.012408129140857612
-0.015971740010734266
-0.02158333552945341
-0.03220556438942645
-0.044745525949695684
-0.042863191387085664
-0.061843119867616696
-0.029461164718494717
0.01925385301492811
0.04925130171888105
0.03045050068357418
0.022811599503209046
0.011540195731886704
0.006515669518018627
0.0021734922238919666
-0.00045146282655045066
-0.0037712683779456187
-0.005855661743303063
-0.0070517743376172
-0.010492755282853664
-0.012139659667111006
-0.014820607776040889
-0.020665434509167316
-0.025013579489746182
-0.03490106891140811
-0.030146757708070293
-0.025904950654849594
-0.023093312516702557
0.011565781136947863
0.013944470718680437
0.016728827806004255
0.010846543518281944
0.007583788449191515
0.004140555482220446
0.0013439007156361954
-0.0019296654682047368
-0.0029543985006790447
-0.005808645583472793
-0.007355456496668067
-0.009126925709422482
-0.010232801701381824
-0.012258039077083536
-0.016224503677344692
-0.021298279623767586
-0.023680069116052013
-0.018177441542627078
-0.0186758818136213
-0.009471242843774095
-0.0027201637581127174
0.006030861152108439
0.005717354730769396
0.005647472295359056
0.003329005219087205
0.002474911638418609
-0.0005152725189043429
-0.0029683345934303496
-0.0038407963998794608
-0.005292672559815869
-0.006174608100580067
-0.0084281290804938
-0.009907334706584267
-0.010491477755059804
-0.013364510486685001
-0.015659824714145572
-0.01778831496379369
0.01881350394977372
0.016778951197422964
0.014688143718735678
0.013367494866900193
0.012570462815741697
0.011887399781973526
0.011145360741935166
0.011939296496155638
0.01088306986485374
0.011750694063058504
0.011294298496596621
0.012202448070401651
0.014881920854826109
0.016397534538296232
0.018696717539326058
0.02259598260571508
0.024076532252285923
0.026336508920169283
0.024286774674682324
0.022153237729478695
0.022846102718612826
0.019077197068129076
0.015462966073548046
0.014064078699075035
0.01302439014081635
0.012176208757062773
0.011195088496925265
0.011514526309907161
0.010746472576554537
0.011250600519834333
0.01215645799610725
0.014253616882442505
0.015791121750450818
0.01805678947432494
0.024219888299910137
0.027783892582150468
0.03476641994233209
0.035726226517667284
0.03501348375435116
0.027740772084375784
0.026170710176033497
0.020833337867562463
0.016438122641773432
0.0146424185131484
0.011934456615140872
0.011384497830403946
0.011808071215008995
0.011113245699177227
0.010353489408823132
0.012794391130083245
0.013300420982583475
0.013813008699554112
0.01642619354340292
0.02092641221331278
0.027553055780845492
0.03937846995216477
0.04640458553171868
0.06041107155966753
0.04595936301272194
0.038026230802493725
0.03184771717709208
0.01938773592741946
0.017040858414846975
0.013318688748567606
0.012122069699031459
0.012064906753758231
0.011396754286027357
0.011026475297379816
0.01068905888456409
0.010877858659184914
0.012112267061619176
0.013362992321848396
0.016036925653648688
0.021466395153441068
0.03341831920033282
0.047246241302567556
0.08624629601588317
0.09460918294591787
0.08384784875280395
0.04427202225006493
0.02726635107447978
0.01987810591785803
0.014509316606065718
0.01328355913228607
0.011761579762451955
0.011440007382028031
0.011716097708455534
0.01056270844968038
0.011039534707084433
0.010721734788958416
0.011703392981458843
0.012868679420880496
0.014936842224319647
0.021628885691201562
0.029024952845865735
0.06624455879687245
0.1119749038527202
0.280384862318698
0.10277552571354709
0.06407653072256991
0.025103051906913917
0.011758434077959793
0.011301248881210417
0.010068174841051904
0.010373204478811016
0.009100188466557494
0.009113572680595075
0.009459100641476417
0.01014785769555106
0.009647848867004708
0.009736967439036282
0.010205583735089167
0.011781515224147008
0.012344221007363137
0.026171282600031303
0.03413911056851197
0.22640822103641742
-2.2581436315541046
0.20712402528384075
0.03146106883535222
-0.0072025813195305205
0.006596585547006047
0.005862627429189809
0.007494083530077963
0.008011722387369188
0.00793725479670024
0.008416747319215535
0.00795952594173992
0.009026549133845181
0.009159059329148836
0.008787079232566943
0.008429028838566855
0.00655914913944404
0.005278681330258423
-0.006932445778363022
-0.01764300228254882
-0.1977425609311306
-1.258788904407315
-0.18837126880418475
-0.015358344903098408
-0.009550668620731294
-0.002464031968621388
0.003622439058333625
0.004944874951178871
0.006826525763096915
0.00828161932117702
0.008982423314786535
0.008762882175309608
0.007444577344420179
0.00781250215246321
0.0075537550973111735
0.0054538589874161105
0.003167084489873916
-0.0021262747086856944
-0.011836728337980603
-0.048183780747047135
-0.0921779077429591
-0.25780318881132036
-0.08690998407226432
-0.045402438027429055
-0.012845679608472058
-0.0022233775128179933
0.0018400553455981703
0.0047999529142919726
0.006234311933006057
0.008516279472956394
0.0076181306722514575
0.007397477264109418
0.008646614725114918
0.007112840767841838
0.006709406133656657
0.004455608806415996
0.0016374691510685924
-0.0013321867183489506
-0.014571261450573702
-0.027328841649890735
-0.06592005811264895
-0.07473242877536942
-0.06468067570918977
-0.026215267515862378
-0.007651639662471862
-0.0029594375190315474
0.0018788160656737394
0.004488278837876513
0.005147334613016829
0.007224554285321221
0.007361338949911569
0.007294997406184525
0.007896829330446485
0.006566012723375769
0.0066980232063664985
0.003866064837472637
0.003195385524001781
-0.0025103799678164724
-0.007321421832705033
-0.02022603782556632
-0.028174331843927838
-0.04196506451770184
-0.027619938619530972
-0.01902896229922073
-0.005266901467788726
0.000267546545622584
0.002160413334574381
0.004961482051398814
0.006057683019176807
0.006816133307746088
0.007531340623524248
0.006886115285114761
0.007226039236139615
0.007281193563002969
0.007241707045773242
0.004994017876679867
0.0033525455643665034
-0.0002569236015333276
-0.005195788944771551
-0.009319159262252656
-0.016581594024669966
-0.016935885175298697
-0.015682177424455497
-0.010076319977191007
-0.0006493428441395367
0.002267849379041622
0.002407445706903995
0.005755334450198392
0.006147172507330109
0.007155025807430122
0.0071426357115106495
0.006410515478023886
0.006732363723417434
0.006744285868576442
0.006296817999559804
0.005381410270892261
0.0044633219541499545
0.0013246884555308859
-0.000822778121651589
-0.004095048594483168
-0.005634458541256843
-0.007726704933251597
-0.0058700318835910965
-0.0033956502333146775
0.002654489751258331
0.003963246656036713
0.004636724847180595
0.0060909867970277455
0.00670157178594715
0.007153083058899659
0.007282494785014824
0.007812846096054102
0.0067673086285063265
0.008505267274108263
0.00731117333575678
0.006403030165411782
0.004682301070526114
0.004304557685244044
0.00297531673606053
0.0006260619207116338
-0.0008444537759740938
-0.0007287144230091225
-0.0010148623434968738
0.0005018865131141948
0.004582825342885405
0.006068001823086108
0.006312557045215369
0.0077814211042571985
0.007872046018325021
0.007973185669421177
0.007602424691190371
0.007825508566351601
0.00675330131564691
0.007261036284328044
0.006481953626608947
0.007071472731387379
0.0064621630997087
0.005202526172270963
0.0048964897359052295
0.0043492954654234936
0.00432888431933124
0.004084554857598351
0.004058914927960523
0.0036740261957734837
0.006786092497734932
0.006377025871777817
0.007368344320953897
0.007670396459228019
0.00881163324678124
0.009125953057162647
0.010190370411575521
0.009220450809103825
0.008872179463877087
0.008785862953803798
0.008629593897423382
0.008034693267059282
0.00758642972167135
0.00761251369466424
0.006751683498076252
0.006948185504750865
0.006260555450697356
0.007096064703500776
0.006566458166995432
0.005907193806201237
0.008272249753803407
0.008355136441514035
0.007983946756655647
0.008569388322602291
0.009415133537443408
0.008898351152398662
0.009584228861148915
0.00931020756691961
0.009744555835300433
0.009279254215592522
0.008565694060399696
0.009582094403837714
0.008186707904021668
0.008534796566972563
0.00854350164073814
0.008641794377877087
0.007997435801504613
0.008423481655362504
0.009302514065404414
0.007996448987445538
0.00992264317630762
0.010289256058428755
0.009737992763628606
0.00914753310722181
0.009254505752315807
0.009788642265727742
0.01025250871036301
0.009943792254749244
0.010509524266769798
0.00981668627815266
0.010551156909684504
0.009908842128990321
0.010411637137607475
0.0105029634678175
0.010390888091633828
0.010696108739702635
0.011149040118530197
0.012056697296452716
0.011784549816769884
0.01103504551872981
0.012030113965071254
0.011826088490906217
0.011002652381912668
0.010213628809027308
0.009086810245441132
0.009944397513974189
0.010378149889856303
0.009805237331472417
0.01005852311494429
0.009675696645560675
0.010505354211567368
0.010592467129246736
0.010851619958304859
0.011568197173438089
0.012062638552823256
0.011978776638465171
0.012764332870664067
0.012919919617935802
0.012612815617168552
0.0122131737825001
0.01365679174759801
0.013012313725466993
0.01104116532893798
0.012220204050865418
0.011271349202815278
0.01079276157679168
0.01108267894604566
0.010998062403537722
0.011518636819308687
0.010745156948608092
0.01192670510491188
0.011249061021916935
0.012087788154093289
0.012556588270200205
0.014786771304427236
0.015051377253124575
0.015915485700261366
0.015738577134829027
0.014647814608696503
0.01520663594024535
0.016965537267928675
0.014538670335872044
0.013709859718785977
0.01191770733893412
0.011294584488781869
0.010965822443865719
0.0117232119780435
0.011303989643311344
0.010553085636866247
0.011931524527938782
0.011544464107886418
0.012459455405406135
0.013334416589440578
0.014753444082168794
0.016573987730523005
0.018052723127120435
0.020059110987685615
0.019627707387870702
0.019581775935977548
0.018521258197238124
-0.0026353741875095606
-0.0012756779992387517
0.0029047407163534647
0.008680499920075862
0.005977327038315519
0.0019894140237839393
0.01141828853644813
0.005262347966721084
-0.004887942824375613
0.018314661168851814
0.0026700666943580906
0.002800054552392131
0.018791330160568092
0.016623667197629102
-0.000181370345119516
0.004035460187316879
-0.005251270215144264
0.018077470253350183
0.008484654840031202
-0.0036966543534054045
-0.008870450589561756
-0.015611116306885327
-0.02250433504495738
0.0024295519923635328
0.013865226730149997
-0.011347185465094882
-0.012206670682806257
-0.006157942032720532
-0.01251792876155849
3.842539925972893e-5
0.006843612431938055
-0.0035798473285948867
-0.005530781584967504
-0.011973246447382903
-0.004861006436117522
0.0008812140532154511
0.0013465122475133336
0.005100131287777974
0.0005124097263129092
0.00954092751049412
-0.014575159952853932
-0.002320221710035218
-9.355802490826532e-5
0.008045864873711254
-0.002500045552032793
-0.004248504862572687
0.004547541004401216
-0.003933289435887565
0.008854333667497764
0.000863611396743583
-0.0008305108298353163
0.004440705644461322
-0.006185605011290288
-0.013555776107222696
-0.011012149831829538
0.005365535010165903
-0.0015395441497301644
0.010772475078794131
0.007910007181524306
0.012692097264019486
0.001390756304744709
-0.00636164433114304
0.0006453233820068746
0.006279281809438229
0.002142522223388664
0.011547349467999363
-0.0017245496686791428
0.007368264406488274
0.007825053170123844
-0.020972843631609693
0.000453893518902504
0.004570867481605082
-0.001975042245359434
-0.0035293577375464747
-0.007839678005247177
-0.024089985453402702
-0.000683914208498651
0.0010004548105809123
0.020937870812479973
0.0028847037371360126
0.0012130137654942723
-0.01472597508671736
0.00042979111865596126
0.0008539143267322909
-0.00820436361027445
-0.0018196443152564794
0.004200205553878355
0.001514860972757727
0.0006572610724928853
0.006286819036860702
0.014673248181358001
0.0021876660461262612
-0.007151903036113161
-0.004919784915568223
0.0036621753545672798
-0.0010568706200340683
-0.0071016131379445695
-0.01927848917275781
0.0045577945114533835
-0.021129473546082734
0.008880815470652198
-0.009402237047697557
0.016182565497142424
0.010431044418491523
-0.012733366015547599
0.010862178204864797
-0.0027345040499726567
-0.006397345998880778
-0.013656528550274875
0.006693230193495905
-0.008506922787675678
0.004098749036917417
0.012812378215335792
-0.015898340192550493
-0.003368838870902448
0.0040549358756001705
0.0066047596346437264
0.006492893443321475
0.01185476113376058
0.014365921576706294
0.0018180558971556836
0.003984055858071101
0.012846290392363693
-0.0007666400957100983
0.006902406389091487
0.010092951361699215
-0.013482167371780358
0.022819854299996722
0.008839026425571514
-0.0028071915778099723
0.009387161089992971
0.01945019103944178
-0.0021288068305068803
-0.01157251110162023
-0.018072664237542075
-0.0025468066368636412
0.005322465111246408
0.003651253096094005
-0.001851217364586379
-0.012565882934289282
0.004093980224152863
-0.004998415758942252
-0.015887965131489733
0.0003854575768530563
0.0023446102421539466
0.012384648658505023
-0.0014854498090514198
-0.005610606224424018
-0.0033784475057985538
0.007473388409856473
-0.012917264517982556
0.005636976543631589
0.0028410327114203548
0.007957197815603119
-0.00730961179909837
0.01974622861676922
-0.02047375393605153
-0.014247535730279258
0.009315490945570121
-0.0010789672722880906
-0.008805341826715912
-0.0008431330958715582
-6.690552255371809e-6
-0.0020137344154470623
0.011704189965655674
0.0003967444047494218
-0.012640048606651515
0.022507941325380504
-0.0012444749247085877
0.002940184434392159
-0.00759651412986334
0.0014787209624733534
-0.013216223462946798
-0.012712281689431067
-0.013939463689648903
-0.014800734437424239
0.006820139284507807
0.01750418694192042
0.004639592876926158
-0.005069130352471863
0.0013870815578767303
-0.0064064156046568475
0.00640261903461996
0.0024932067458445168
0.00630326338760159
0.011985672636153433
-0.019219797685524984
-0.017987414715434424
-0.010427897284512919
-0.0036386503024991483
-0.005960909298668703
0.009471325550494684
-0.010797239855346273
0.0021620656895773457
0.01001778155558651
0.00477972099585704
-0.014369810470864105
-0.011397230580537461
-0.0056673801005684135
0.021939895307338406
0.01471904173006472
0.007625913745032978
0.00365141981806303
-0.010362800613137452
-0.0010541002494398766
0.0031345026646387186
-0.000403296087178043
0.006313002659598741
-0.0007726065271188528
-0.01756292011271573
-0.014166439410576612
0.0031499275454762114
0.01233969758959029
0.003164764995447174
0.003978680172356829
0.0020867956856775423
0.01354818630368858
0.023458261465292934
0.011259069648102514
0.006326091682352687
0.011518711846363036
-0.005121301964141343
-0.0033069830654109565
0.007463600270839382
-0.025468878071612844
0.008591662779420865
0.01480812059182745
0.005605048900181178
0.011620251207589988
0.014111724776213586
0.010270639452257427
0.00827661526984596
-0.006375372903149817
-0.012111920988337611
-0.019153433298277713
0.0025327535591936935
-0.008523984588658495
0.003615138189271127
-0.001417793468669489
0.0031152673971088294
-0.0019413547633980116
0.02096861870366141
-0.007769893143535155
0.002853895247173381
-0.00023885147897708845
-0.006981161361866129
-0.01038880650462215
0.005498723508382017
0.013250610656404907
-0.009958228085502289
0.008263794017247325
-0.00868523676772832
-0.005821083509904055
0.012068499925805321
-0.009364806815415924
0.01281026053406895
0.0038705086292539718
0.0036042307226898454
-0.010969147298582093
0.01561841000104821
-0.0009178256362338368
0.021603741863431725
-0.0014106117678894462
-0.0025306493535341232
-0.0007661388097734471
-0.0054439938643689725
-0.014687846307277867
0.004840288762493793
-0.002457496781811964
0.003951672754814554
0.0022139032843157187
0.0028529548519850008
0.007179700794545859
0.022474341249307576
-0.011011620647247873
0.008214041265133361
0.0017654114181360294
0.014537765814440745
0.0004021823561206013
0.008868808150883135
-0.017096655574948078
0.009901206924935353
0.005513640843882288
-0.0018028711990593573
-0.0010548065914553456
0.015893761830967332
-0.021416068946445065
-0.022438791719450384
0.0063939998131593255
0.010593539757375214
-0.013882522707552528
0.015874501071258085
-0.003737608090909962
-0.0022535656495633882
-0.006394568411001546
-0.004660755557876372
0.0005084434451594729
0.0064777473175957265
-0.002741965919931243
-0.012248128108802318
-0.005073279681791167
-0.022206188307562835
-0.006438089842501261
-0.005132642264304136
-0.009921704803520831
0.02151292338021676
0.01762292684821991
-0.027365239277446718
-0.026023098126318617
0.007227502421246485
0.008649986754129672
-2.3754680089170706e-5
-0.00391136044767235
-0.007465042809946414
-0.0021835480395838887
-0.008754321959321947
-0.004645845011983705
-0.010004925432151937
0.0048434336803415455
0.00543867403101055
0.001958397087943331
0.019635974141462585
-0.001579439205158583
0.008326860504236928
0.002436780250731853
0.001922921336830286
0.010169442463778237
0.004392023889310684
-0.0050450635249909125
-0.004778103367043769
-0.01749922902193602
-0.00035472162758385306
-0.0018614440096842058
-0.015462742458145978
-0.0017821694514118106
0.009708849113390696
0.008289729697542833
0.00022774552743471147
0.010677871583994364
-0.0052988539214663035
-0.002795674322796076
0.0069809022957133095
-0.008528560717428692
0.009765945074085644
-0.0030789557985360337
-0.00940733813390113
0.005586282423435372
-0.00047249594683977994
-0.006040400046547729
-0.005286466365599845
0.005943003886244637
-0.010137265459791236
0.0030611199778183763
0.0030205935142011957
0.0053949908561726784
-0.0073992038199452775
-0.004484283531596897
-0.002235973483882831
0.006025544460965458
-0.0025561431498625498
-0.0030699264667899233
0.004187677284458264
0.007674576217483194
0.00021371194941925253
-0.0006977708241957623
0.01827259961944931
0.02085671148109026
0.0058786926821054655
0.0006117679194302707
-0.009507884130176582
0.005677537676844696
0.0008065040016216503
0.0006569585378481541
-0.007354187486337065
0.007816040924143217
-0.01185830423423944
-0.003852353839662622
-0.012799049968592685
0.0024185242930283945
-0.006711902431341236
0.01030419323861755
0.01262161779256207
0.005055309560497093
-0.007204925483326014
0.0023209629330710768
-0.0008479133759065627
0.005095817145696963
-0.003944129302382216
-0.0022146104237413203
0.008674638981018851
-0.014580912430253997
0.0019054347226019515
-0.0035995274312327495
0.009718307111762116
0.010578581440603946
-0.009270936895683994
-0.025471782909515562
-0.005457662734105006
0.012052439306696977
0.005043375929109813
