-0.0004829947701509472
0.0008282536734810374
7.944821552231961e-5
-0.005464199718271474
-0.006859549109334241
-0.006819311055632629
-0.008921236952665107
-0.009368058771507828
-0.012573148934154633
-0.013650047354907198
-0.023312835178500822
-0.019434733097294165
-0.02250910144295228
-0.005294725692966326
-0.011318894865983947
-0.006923806780947196
-0.0065726243876769
-0.005159944274670692
-0.005519994929837386
-0.005101115207329488
-0.005548581730158201
-0.005193310350701287
-0.004938290065740356
-0.005179193159054327
-0.006067432984745096
-0.006278592146717461
-0.006890339084313952
-0.007265428941245105
-0.0073998184034804225
-0.008257054370974126
-0.009850965837873168
-0.012984818337713195
-0.012149216566090216
-0.01699709640243701
-0.01094698964646979
-0.011957436604666947
-0.009565081838060844
-0.007839381588949352
-0.006464926457088145
-0.0060206599943307855
-0.006158618522915005
-0.006285387251854388
-0.005571324916004934
-0.005485703598933909
-0.0053507243337345455
-0.00577215180518429
-0.006064832479688858
-0.00616735188868259
-0.00636630415406109
-0.006769633579896274
-0.0075428499663613416
-0.007644338632997644
-0.009767703381682247
-0.009988158667183179
-0.011154774899875507
-0.01021464781657478
-0.010694210952443054
-0.009465416276508105
-0.008822853238623496
-0.006455040706668011
-0.0057932166388124946
-0.006001247032981709
-0.006301151507109938
-0.0060543173571583385
-0.0057098526977928865
-0.005315680820899874
-0.005713484308611221
-0.0062010692974632875
-0.006465361252601442
-0.0063411127825685615
-0.005944543875693157
-0.006422418520757858
-0.006780453832580122
-0.007123613234576903
-0.008012933522732912
-0.009175626211028631
-0.008984177181718392
-0.008989902896528488
-0.008568937264089697
-0.00881920551949073
-0.006889107043763533
-0.006426783058387708
-0.0054271640855464084
-0.0060280651766252595
-0.00568675578907674
-0.00572541420588612
-0.00556906836876974
-0.0055436386703749466
-0.005449304241668466
-0.005983353862833708
-0.005977122561311278
-0.006279118703324254
-0.0059950674971205415
-0.006506416380328681
-0.006271560871252529
-0.006582236850726664
-0.007107397873382552
-0.007710819224250638
-0.008410183711703401
-0.00740863374429623
-0.008179558381599141
-0.0067895520765535065
-0.006586487445275021
-0.00591315638287919
-0.006144287725533053
-0.006047746289440981
-0.006242654446445911
-0.005905270938363625
-0.005564160474983162
-0.00607187695563972
-0.005476437326962886
-0.005904624441804944
-0.005433918813968759
-0.006332879657113044
-0.005609045319580599
-0.006479683477669623
-0.006147175989600059
-0.00696434986733113
-0.006435205945434177
-0.006559409178647064
-0.00693361108635664
-0.007391261479498146
-0.007317999304926413
-0.006165536953477211
-0.005981942715603962
-0.0055871568890668135
-0.00602493075118765
-0.006034824793520016
-0.005849084420672943
-0.006396442641635661
-0.005852743682875646
-0.00600414355305388
-0.005480445261562942
-0.005490139008809123
-0.005771181911645715
-0.006615402720818584
-0.006046300066211944
-0.005830249483714162
-0.006014986937543654
-0.0065488966875936715
-0.0065884171366176
-0.006334153959801048
-0.006230544428171793
-0.006062087141090084
-0.006943245253968006
-0.006018118543544025
-0.005744110129092593
-0.0053535541199592
-0.005663871078941595
-0.006358082952747739
-0.006233799736648661
-0.005777930790371088
-0.005624439821959181
-0.005733673588055915
-0.005272491755605408
-0.005443704157942267
-0.005618215740887916
-0.006080275540187916
-0.00584535224900046
-0.006474571166104761
-0.005834906447993925
-0.006192553593110135
-0.006278770636345828
-0.006152080905217579
-0.005591027353810051
-0.0060564289957574305
-0.005665182932493825
-0.0053163176966474655
-0.00593894309657512
-0.005190590340273626
-0.005836268592742819
-0.006009402489912177
-0.0061117745298574794
-0.005572085346572023
-0.004617391132048661
-0.005665036861995697
-0.005282632252952493
-0.005155505073232799
-0.005398627152376738
-0.005337358297372861
-0.0054239290863448515
-0.005895508663307889
-0.005725893218052889
-0.005772748067800271
-0.005320310850628298
-0.00527511024863385
-0.005351764929699985
-0.005310320906541958
-0.005384008577178837
-0.005554848483257282
-0.006182148383012675
-0.005255081858928587
-0.005771885657709145
-0.005326626625027296
-0.005152248749209431
-0.005198341635176773
-0.004634709332699335
-0.004983835704687598
-0.004905322533193131
-0.004760307875600124
-0.004869432005901097
-0.005512279357787877
-0.00551934906928793
-0.005535605965190875
-0.005507170634903678
-0.0053169376614654
-0.005664532740140306
-0.005431662261675199
-0.005847826263025972
-0.005322489349372842
-0.005183535773150661
-0.005787879881338868
-0.0058481162245504
-0.005131541946541494
-0.005586004022405998
-0.005064582239828734
-0.004468095829910793
-0.004465756947126293
-0.005118858974096364
-0.0054688060131620414
-0.005162231257617188
-0.005224366741331549
-0.005316816951070681
-0.005644788554890909
-0.005701976770999062
-0.005637523273843426
-0.005984731040979102
-0.005732965312017645
-0.005185985478640854
-0.005443471231350638
-0.0058851571178249506
-0.005170917768728082
-0.005152352390177455
-0.0055892906605869
-0.005228060609273213
-0.004512810633591904
-0.005060205268516747
-0.0048828938416740405
-0.004182637019269104
-0.004735165543770135
-0.005456768997338896
-0.005797200685970036
-0.004811378727764393
-0.005076528587778571
-0.004972551821575789
-0.006052285702424271
-0.00563873228992839
-0.005612644852846848
-0.00575086274290893
-0.00548511540800571
-0.005168862778129971
-0.005691038722437321
-0.0056233981557325535
-0.005687354502642895
-0.0048876289019627655
-0.005154317901337336
-0.005478511513367325
-0.004968243186637527
-0.0047593515882062435
-0.005491284358911054
-0.005038927769285723
-0.005281388373990883
-0.005613355496425291
-0.005198348777877953
-0.0046639371050150175
-0.005108926380506415
-0.00491617825064011
-0.005027932647766804
-0.004998864096128335
-0.0052939761810821264
-0.005696265962315366
-0.005239327193607731
-0.005271379131365568
-0.00551059671681652
-0.0060621758091922145
-0.005389814273863767
-0.005709500098493391
-0.005558693817981708
-0.005425784878332908
-0.0052158989472709544
-0.005854461906423058
-0.005471168380202008
-0.005498461425453824
-0.004900455535863834
-0.0053309977686997745
-0.004779931925568649
-0.004058685404912609
-0.005477972955517939
-0.005452283403512247
-0.004960931812463183
-0.004931016413880365
-0.005854151106393482
-0.006329880425637606
-0.005689482739757913
-0.005231400233278605
-0.005697184183842463
-0.00568839379351865
-0.005214331495842846
-0.005081227730709272
-0.005276566631341038
-0.005105406510731498
-0.00526415184649547
-0.0054726052961748
-0.004927089421532606
-0.004911186290159135
-0.0046612565201320675
-0.004827616683810879
-0.005057071510321215
-0.0047853560691894685
-0.0056296760767293366
-0.005762764931826758
-0.005384609323002228
-0.005834534635439744
-0.006032485028039623
-0.006155626288298266
-0.005967997315794496
-0.006051543168717957
-0.005922918627604591
-0.00630333621132931
-0.005349302151596703
-0.005290735805536048
-0.00435926672101975
-0.004779417642495142
-0.005028703350675111
-0.0053638359665278915
-0.004708709699711095
-0.0043702381987376915
-0.00454248809263967
-0.005466486440423792
-0.005435399278066557
-0.0052601033338931045
-0.005269087751025825
-0.005304575941137626
-0.005917398749723049
-0.005768434500241357
-0.006138259070975517
-0.005956873632445338
-0.006831866898649932
-0.0059323831450097874
-0.006325593005547603
-0.005383838952620053
-0.005318878893616295
-0.002672878218355675
-0.004322235682536727
-0.003454503623911904
-0.00474884685401724
-0.004662460840083807
-0.004142629411685013
-0.0044484160938002395
-0.00441796866773529
-0.0049652214930541345
-0.004930981943607381
-0.00449884205114081
-0.005184661932698686
-0.005144787212668718
-0.004743820447960266
-0.00517283007792826
-0.006729074299846396
-0.006732080630926827
-0.005994277709737686
-0.00695936436225078
-0.006612886873232408
-0.006541920266398434
-0.0007412259181584831
-0.002180580252771402
-0.0017952648540148074
-0.0033692933988199573
-0.00303089242461577
-0.004465725711920567
-0.0033443344780587987
-0.004620908500644795
-0.004856712113401344
-0.005268712535765824
-0.004950707673481973
-0.004499810182819804
-0.004670794747343164
-0.004505704648886331
-0.0048826480418879764
-0.0055049975261269165
-0.005885631547179342
-0.005839597492286128
-0.007614463811180117
-0.007799692657130836
-0.009706386349999395
-0.0014153352567088323
0.0016701087025054557
0.007091344978097614
-0.0019720343790520507
-0.0008733504469107696
-0.003977014462231244
-0.004360289427992923
-0.004817365963680569
-0.004136876546240437
-0.004522157408089957
-0.0047629522472615645
-0.004728747582369448
-0.00505119926262585
-0.005456635150919695
-0.0052120932469074364
-0.005102878190374536
-0.005256346825810827
-0.005526461395221029
-0.007085198094316392
-0.007602220933821343
-0.010942566162516267
-0.007992850821339987
-0.006673539696540433
0.02734148599321613
-0.001168450889744591
0.009266747974699232
-0.0026898103471525215
-0.0018596487568384992
-0.0043207860049894855
-0.004005050439325369
-0.004645453275291569
-0.004774701390185561
-0.005000199553703852
-0.0046893717834947495
-0.005535769836430508
-0.005291067249405108
-0.005580411300497552
-0.00541845626091046
-0.005081933939165042
-0.006781015344739646
-0.007837330626999307
-0.009568456239975376
-0.009210901671340007
-0.021267838675848617
-0.01484839568369763
3.3868070989625134
0.04746020807823919
-0.009240308695129405
0.005556615982472526
-0.0030014718721384915
-0.002763814312408786
-0.004363515322313873
-0.005028929336274778
-0.004772077126252586
-0.004607153785376312
-0.005355965358261626
-0.005515092204251992
-0.0056402085007611945
-0.005626482726098326
-0.005164645592646228
-0.005753622058374857
-0.006761272648089172
-0.00927988083671742
-0.009866109222980647
-0.017675762611217043
-0.024548163658884903
-0.07992734004009369
1.3319596303122125
-1.9512966045188416
0.019067494705090244
-0.00015194557294096223
-0.0010615278901874665
-0.00470015739239504
-0.004573615956676016
-0.005372615430438372
-0.004885824385391239
-0.004941762782864516
-0.005733885773575509
-0.0050625783060396215
-0.005416171139939765
-0.005546757630561252
-0.005169066710389747
-0.006822404162644516
-0.007782499702369532
-0.008511184949801371
-0.011845473251301662
-0.012971019277837262
-0.025201805334707353
-0.024010557136932495
-0.100211957562554
-0.028225797768782503
-0.007069686570548831
-0.00173206076032389
-0.005564522613761234
-0.004511235766803976
-0.005642212290154939
-0.005307697693824062
-0.0048646351511353126
-0.004479508476752003
-0.005015176781253755
-0.004770925401959705
-0.004839334344177371
-0.005821816786322417
0.021891013736457066
0.0176089544238397
0.013595878881824957
0.01009553580324049
0.008158756129510274
0.006922860415124521
0.004283201888890442
0.004190978770150722
0.004445328741271181
0.004204385678547611
0.0029285294709412556
0.002115080538029522
0.0011309776142703206
0.002717043500170469
0.002258120006472542
0.007493556689360266
0.008793629733787337
0.025309197835362878
0.03842162636080558
0.051509717215761225
0.0412982179838144
0.030879290355730855
0.016905413089973745
0.014599131350347508
0.011350012709419384
0.00891779161874284
0.005915843424053103
0.005995724735637631
0.0036466113431879938
0.004279817977923223
0.004593014946349878
0.003734214837688421
0.003506597938044798
0.002171270489143501
0.002418526209306118
0.0024660645735129394
0.005438411316166896
0.005822716166537044
0.01184083105946228
0.014445558007950894
0.02550366372927089
0.02776554604703025
0.026192350908187948
0.020410312304697514
0.013178732893969302
0.010589686337861814
0.008629790723686618
0.007264948862575469
0.005397581126957468
0.004927676675448649
0.005842561372758235
0.004246185307980292
0.0028479640164770165
0.0024517811574162117
0.0018083368433748108
0.002566625494337553
0.0023625841669527308
0.003415953060370901
0.004215529571653657
0.0068888760228011815
0.010036255159694389
0.012333275658383757
0.016704898980746747
0.020261041352499388
0.017156135906387347
0.016606293308417192
0.00941836804583358
0.008206494557976325
0.007695759192166031
0.006127397617867785
0.007029047541967249
0.00489071764767828
0.0049094849860432995
0.0036411204432229625
0.002980200065873694
0.0016832971447479361
0.0025850305370702363
0.003447532596592502
0.0033170650386459316
0.0047764150192834715
0.004031548299626083
0.006350869747340898
0.008052821151696636
0.007944650119246362
0.01131799902537952
0.010915868811536066
0.01290294449769283
0.012388708667383511
0.009139054632558407
0.008269679688996183
0.007544029171730695
0.005783222385416115
0.004518079482408567
0.005460088240861891
0.004049554099547465
0.0036043837775192283
0.0034773945803257852
0.004269693176923234
0.003808116056872848
0.004684837998889572
0.0036177574019469077
0.0044232525954794035
0.0027246976546931485
0.006876213445827195
0.006081575761955204
0.007119137164136542
0.007956030485538631
0.008712311973302715
0.008872981255063554
0.008354583506429062
0.007735202846464883
0.006140830162510933
0.005056265584945178
0.004761956279360681
0.004138329935116112
0.005036111065348898
0.0031682727176557193
0.0026446953554941405
0.0031625023061646463
0.004130727178312371
0.0037199857831168807
0.003705550196041151
0.0029329035387156877
0.0036105915378372285
0.0032001335392161014
0.005048863893611175
0.005180496797710183
0.004571073597261194
0.006875970890607856
0.005739813628064731
0.0058756278482967285
0.007211983132448258
0.006823797125988041
0.0052675015208614
0.005907464879526964
0.00437403015943967
0.0041333513675780725
0.005264838762424369
0.0040827007264964315
0.0029077278905308194
0.0025314760391924717
0.0027034239090004213
0.0031436914314510846
0.004487735777880722
0.0020089063997871227
0.0035376216667765592
0.0037778587734194242
0.0034684965156873493
0.004140229161491728
0.0034492552807789513
0.004674564111977201
0.004845898999912722
0.0070722648858241996
0.0054188335710925765
0.004939593132091533
0.005042676045011167
0.003070673390822623
0.0028794777534908163
0.00314424563759691
0.0037231912762903563
0.0038429015565215256
0.0027274846745528485
0.002647342322563154
0.001582190355246395
0.002142772419287836
0.0025781456119495193
0.0013062639612366749
0.002246440744360759
0.00450786472316239
0.0037496977344746722
0.004201753644322699
0.0037087599317973258
0.004480506499634787
0.004872636320771429
0.005273084849877893
0.004541153882920806
0.002803470213960931
0.004785544233012789
0.003191866818103983
0.0019311741578609796
0.0033577484468849143
0.004242070664263609
0.0027029868303348743
0.0023186215446839237
0.0029242388264885152
0.001957929199979883
0.002778093739566254
0.002292009541843735
0.0041862986874995215
0.0030492703257380335
0.004413607498104157
0.0035689166393496636
0.004458401129242661
0.004557526599475574
0.004671832849773296
0.0035957444217849985
0.00434667686719856
0.004159695773216259
0.0048388966889725705
0.0046991393330504064
0.005313141171966321
0.0038983322754780653
0.004362213784808691
0.003918116782692892
0.0010938858156442645
0.0019087591554291178
0.002267674204105651
0.001464971621150644
0.0034016512727995107
0.00302137643570337
0.0028417745609655523
0.0020738600510749497
0.0037473866862915515
0.0030583039797344074
0.004859745347672477
0.00365793486695335
0.005682916089426535
0.005577927497639648
0.004600872989519758
0.0033590625135974396
0.005741426698217255
0.006684625707685511
0.005649896482078139
0.005367782210061239
0.003653984486432157
0.002123812008872381
0.0018145798577952716
0.0024694745558910616
0.0025086045803095177
0.003527321470344677
0.002810581252265562
0.003416997086754909
0.003365255560598409
0.001882242447152861
0.0027530154172942757
0.0031158890025308004
0.0029877621934958224
0.005388954580601194
0.00540019272140038
0.005781424541501402
0.005769958845978269
0.0061490015350143075
0.007274548803697965
0.005949829479631796
0.006644089112322531
0.005058858070030941
0.004553332707716995
0.0029117182473332756
0.003908406331219344
0.003314481582784071
0.0028155053951255385
0.0029773750129693044
0.00146584423543626
0.002918836849931342
0.003035084982318738
0.0012400331304757354
0.003473309245847046
0.002824110850312332
0.004788749050590781
0.006007431699365036
0.006133111267855637
0.007997595557024423
0.007265939145554267
0.0069170182003987155
0.009982416908566294
0.006887949027824967
0.006016360397409546
0.0053939877186908345
0.004410745607660859
0.004599329158487883
0.005260508184631899
0.003930457023831071
0.003160442634519223
0.0025094827606981776
0.0008186593754300078
0.0008893020190223061
0.000260883992699426
0.0011189969836439227
0.002449712905695995
0.0020852575634147893
0.004787571831888898
0.006772467732633151
0.008626178519030426
0.010798654170867443
0.0094202294880665
0.01006691550674634
0.012190516102768433
0.009344165673948988
0.007408517733303373
0.005608318248528542
0.006858166026960406
0.0046688517030598125
0.003269960250687164
0.0022090070659157644
0.004052953392934722
0.0029682553961954098
0.002462901227477277
0.0007019165052888917
0.0026591654922567295
0.00144237808179311
0.0028456237495364314
0.0013580656937794572
0.0038357075008606254
0.00827577275453258
0.012676929280923559
0.011607051509050082
0.014053637327095834
0.013136004088680606
0.013599180218546765
0.01173246444895074
0.009138563059797626
0.00823683858297035
0.007972464452083996
0.005861996161593018
0.003561500507007564
0.0028784897106464784
0.0024535550872032967
0.0021624813639487353
0.0014135718293888646
-0.0001261609526385383
0.0012746757691620824
0.0014732343514464057
0.0006190925667577069
0.0013519800979067634
0.0015385876317172739
0.010830970206020432
0.013848186783415449
0.022717879347767953
0.018115700635299336
0.019181460121903197
0.02037473972668199
0.015973955551587263
0.014052791014429964
0.009594133987215508
0.006885640398991263
0.0050122036058975585
0.0028444343902782527
0.003352754112379536
0.003730563417769481
0.002393646767273526
0.0016439821653346856
0.0015108720178135392
0.0004941392526325119
-0.0035204267058287597
-9.755491405309528e-5
-0.003841577662806296
0.0011483991709931056
0.0014317492793629795
0.03048731207428765
0.031944718935553756
0.0344416935490672
0.025492941898267955
0.027077948589720777
0.02156198928841095
0.014708392427886808
0.0113506847961751
0.007642678116355998
0.005375950585342112
0.0038924030227890484
0.003682253137238356
0.00276744123245969
0.0018619705098339972
0.001858342917310993
0.0015291216549093646
-0.0019389053578283556
-0.001432658570984063
-0.007261463725895653
-0.00731203473826451
-0.024096344742027015
0.005871079794383396
0.036720048868363275
0.07301173972431088
0.048034307246248874
0.041669399448149
0.03681703618764958
0.022756576673018447
0.016668161206181618
0.012747027637742254
0.00947023591090765
0.006710198343821729
0.004841396588675319
0.003939902415525491
0.0034993955745748952
0.0023944638555503705
0.0014835731662267997
-0.0005225236496788975
-0.0020348766489027125
-0.006385490076231291
-0.011086493970404057
-0.0342318828977005
-0.03141030404743233
-0.11842568934033817
0.2708238031651053
0.09480401424586253
0.09549273293878523
0.05016011067875978
0.038502955435645636
0.02778722779961236
0.01859059124428604
0.014555320763299125
0.008944479704428437
0.008367515412287557
0.0051921404059888645
0.0036516316734957035
0.0034258815856484364
0.003316178846458159
0.0022597277559123037
0.00034471756576472546
-0.003288904518041271
-0.006669375758714393
-0.02408937511730714
-0.030785248187804686
-0.14860260239642284
-1.4575063682902518
2.8886413134962794
0.3996841880366652
0.10113913675864404
0.0740210313516212
0.04320884550576911
0.026249673805999615
0.019886586772039475
0.014249624546095236
0.009386551370653196
0.0066419354871892445
0.004032491372044244
0.0037570857388071585
0.002677299781182682
0.0020547089721930315
0.0013185308567590789
-0.0011980486962638692
-0.0011866780475065083
-0.008785511731759055
-0.012329236692501343
-0.04361960964123987
-0.04159272208960469
-0.25527318140944655
-5.524902885682615
0.06755892306896488
0.12814847317686692
0.06593182118913947
0.03685417570847816
0.025353352678141906
0.017730465005923665
0.013423924896622313
0.008415430298866643
0.0069610779107917055
0.0044469292908765595
0.0037037027447010314
0.0038953982845296485
0.002316744904627113
0.0018591413126192097
0.001359490859200349
-0.0005765099757422968
-0.001417730965953229
-0.009141140889614534
-0.010498459274117654
-0.0321699395012201
0.004427928827913382
0.05490118773335187
0.10325358010565268
0.10164581757169863
0.060731801098435574
0.03086029433457265
0.021750197457904498
0.016694181558463635
0.01075593714380135
0.009552769725800242
0.0051061760926304515
0.0035110682371910806
0.0032546314531717102
0.004620241305632657
0.0027531362051649434
0.003993220464387866
0.0025507978795293526
0.0019329231256675083
-0.0011880262934755228
-0.0012810985073871853
-0.0037491985432950062
0.007302626132661452
0.015944886796305978
0.06621264455997994
0.07398687752045476
0.06838438712309675
0.042802122030449974
0.06219317483553686
0.08431944865131691
0.11686913424988825
0.10991844065629511
0.08803769735082553
0.051857140848536244
0.03477417917459029
0.02334042166359219
0.015081451387691213
0.008999759776392731
0.005660327577682594
0.0029810342946614272
0.0033765220429828693
0.0019555983401832442
0.003160290392168883
0.0037383935697416996
0.005882955647088644
0.009079923071651248
0.014629977536362573
0.018683748011119394
0.02880525861505358
0.03874505937432575
0.03974956526880638
0.057674025977636205
0.06228619340984331
0.0652593993775494
0.04938860498531453
0.03651251656046992
0.025150873634864013
0.018526503094252533
0.011381893205256156
0.008272020471311096
0.006003087256632809
0.0032546673968966624
0.0009916088892107774
0.001954545530649556
0.002732297783957897
0.002854632616177388
0.0051606043454224156
0.008141446997757647
0.011066006473332574
0.017063050581163117
0.021937039375100238
0.030775459619354042
0.02785404263085521
0.034334288896658745
0.03845760981855683
0.03616799091517827
0.03235846404400966
0.024018137340526467
0.01808023139723645
0.01348099858298687
0.00918060817187198
0.006470361237775376
0.0036734943374466516
0.003970771877130418
-1.7005680428423624e-5
0.0011484953121934888
0.0007766787079023056
0.0017952165363542914
0.0039904435125916364
0.005568352037898125
0.008098959510686532
0.012070224782217224
0.01759049588709819
0.021185550231082522
0.018464166594172257
0.022128642185484597
0.02449685047504816
0.022528210515097697
0.021203012130306172
0.01696854846762172
0.012688813313360747
0.010552542185899854
0.006277523342324229
0.005204301420833883
0.001149750345013063
0.0014781101078123879
-0.0003462507397001705
0.0004987840146810131
0.00044729709035568055
0.00010684796755871872
0.00022170637400175655
0.004913903426059428
0.0063046518422800665
0.008820245010785982
0.013272200757045091
0.015332534775627956
0.013506689560456612
0.01375298909338852
0.016598587456577264
0.013568581927082747
0.012314024528394583
0.010920310958254867
0.007731129095832996
0.006590513244005562
0.005304078012665043
0.003608336562214369
0.0015169819458399415
-0.0007361566503093137
0.0002229882022260609
-0.000517757684244476
-0.000551933298060168
-0.0002331048554884066
-0.0015401460400327467
0.0024345658319966934
0.004647429286351775
0.006235544514797536
0.009246948550414708
0.01028425230001535
0.009520529606884194
0.01093865974714046
0.009708234111705847
0.007888187504616343
0.009970026751703625
0.006262954597862075
0.00516193099521543
0.003768077132519205
0.0016083436008127703
-0.0008125671960140003
-0.0017462061031418908
-0.000756499808392082
-0.00033777581779890353
0.0011340811181254373
-0.00023662483743577963
-4.7610784248146906e-5
-1.830124976743189e-5
0.00166135157839358
0.003081987969739571
0.00533352964735896
0.0060643417958712
0.007948951685784482
0.004777976391064432
0.006979986750325262
0.007077080947297021
0.006424420258419789
0.005375454330593083
0.003297003166984865
0.0035018390138803956
0.002394660455352994
0.000575191976963407
-0.0010434665247214035
0.00037633866281399817
-0.0003090753268636707
-0.00197228541438759
-0.00035474585952691243
0.0012255935744910204
0.0008109446176107854
0.00025422111418849737
0.001401994422251459
0.002667771385294511
0.0020981853306695723
0.003822947469778711
0.005436962972264041
0.0020551976501787133
0.0029607748129415116
0.0030862133578399937
0.0031234493116000174
0.002218516103682981
0.0016510944916190342
0.0015873819804673596
0.000895503067740948
0.00134629944083085
0.0006027344772914225
0.0004836337793266298
-0.0002650394052459732
-0.0024017002892904975
-0.0008633934549355879
-0.00010934548773154943
3.2775814030112384e-5
-0.0004751119395573337
0.0026487363724729956
-0.00023096362532351524
0.0004637861680385915
0.0008426154956326099
0.0039633919029422576
0.0017463860960895022
0.001072753208804015
0.0014083170927219825
0.0026397466352188342
0.0007989168151514513
0.0006124381423153538
0.0022185509814838657
-7.865354855820793e-5
-0.0008982097723215998
1.452928147870102e-5
-0.0006753892677738377
-0.0014141488327978507
-0.0018914231348862141
-0.0004953532925388301
1.3934450101136232e-5
-0.0003249855412654693
-0.0010256034974017812
0.0006448082960645049
-0.0009569253370903283
-0.0005934119518317097
-8.441225904323031e-5
0.0008526815489096052
0.0003023095517745478
0.0003579573112896981
-0.000746481752700745
0.00019992239221986087
9.887720941054368e-6
-0.0017874371285080321
-0.0011685771153258462
0.00019906138501305198
-0.0007048134844942463
-0.0033248908813188535
-0.0012516049827922503
-0.001432821914406923
-0.0006524241338195268
-0.0006078554492356886
-0.0006578354544395577
-0.000410797323673187
-0.0027473739513797215
-0.0015016028154884713
-0.0007405775657960696
-0.0002430606671899705
-3.7369242967562994e-5
0.0009047299979713578
-0.0008432299227328949
-0.0024038856306859684
-0.0016287869181878896
-0.0010771978814200836
-0.0012481891674674588
-0.0027352423960827605
-0.002060773478631141
-0.002291193242666451
-0.0025366377601486953
-0.0038752098556550218
-0.001667683338222145
-0.000856146654276571
-0.0020592502485503525
-0.0008299169784011231
-0.0009226340228557268
-0.003213886079179412
-0.0026129042761791257
-0.0009261159856194408
-0.0022986164549897883
-0.00048722991259214985
-0.00117588626965359
0.0015131514680337891
-0.001926559170746397
-0.0008448585433170073
-0.002810316158955888
-0.003670313230196798
-0.0035071979548302093
-0.0031233103799480954
-0.00185420686636312
-0.002171708057358958
-0.0028177564428432784
-0.0017374237121165431
-0.0017515598416161788
-0.0013268889094752694
-0.0017293708264857711
-0.0014533507482586282
-0.0010910249452339017
-0.0015561475762539288
0.0015164067262298671
0.0006173210645494072
0.00011014827577393791
0.0004615600742514598
-0.001745347426483973
0.0004487350808545763
-0.0008995402693789661
-0.0035831164969715727
-0.005280120102938235
-0.005167887785101106
-0.004210766423448442
-0.004397901421639213
-0.002508824754078825
-0.0015949085856653703
-0.0014968604098954277
-0.0018720278310874932
0.001777869704548725
-0.0011291001569513704
-0.0017034779006243257
1.7525564976922457e-5
-0.0018003216135437782
-0.0004432815472604906
0.001143875593003824
6.549829022844657e-6
-0.0005349466959156685
-0.0010952859804896368
-0.00016123785871704566
0.0005085801912101335
-0.0045602419780928745
-0.004790283684389149
-0.008650892164629836
-0.00417689423596622
-0.005674294563710775
-0.003578919909785118
-0.0032529108525003857
-0.0022232057916220333
-8.074666498470709e-5
-4.564651035237331e-5
0.0013650587396465423
0.003027749307649098
0.0011068957251612573
0.001530377823078902
-0.001233011884425556
-0.0010941235474355771
-0.00034292237241266945
0.0010006843973648122
-0.0006172330899674076
-7.977346407441732e-5
7.340233810088965e-5
-0.0009489482531341721
-0.0044182446485985655
-0.013574902402575287
-0.012404854999697491
-0.014791918727378495
-0.006705063495587667
-0.00489695462167711
-0.00050102356377373
-0.0003280658100814715
0.0019289869453477464
0.0008173080013959017
-0.0003471403895922528
-0.00011224622854820855
0.0013383847674538394
0.0007174212504789586
0.0012826423876846692
-0.0004734547667576704
0.0019031654858116043
0.00196927376228503
0.0013046913749041914
0.001492303889258971
0.0009175415677022002
-0.0025838998157160288
-0.009485878401968097
-0.013819002608106996
-0.03303337551102306
-0.020642251925289734
-0.015734530093148895
-0.0034163243880908625
-0.001301819668762358
-0.000399676903889799
-6.512350895667362e-5
0.000552330204519967
0.0009069577891667297
0.0007928832796237076
0.0009834097754056305
0.0015966782460925624
0.0024869960403396917
0.000818564600003449
0.0008771086066439562
0.0008355937248010259
0.002525689384693491
0.004068922011020715
0.000984778161873819
0.0009273430939718419
-0.002731414193855639
-0.04532646523423797
-0.050084317016558605
-0.05527408312630975
-0.01629018055298264
-0.00810847918704033
0.001789026096259504
0.0010261545966858234
0.003514865748486193
0.0023746355712518444
0.003390277574641827
0.0012440529992436135
0.0018628005241011472
0.0033332109130573984
0.0022771963475430295
0.0029057576368536533
0.0032055625575716745
0.003614733082479391
0.00461580607887149
0.0029381645959878685
0.008433327346868112
-0.0006743396129710372
-0.010973027358139495
0.05355545049336221
-0.2883904967143252
-0.06180142490330739
-0.034326975539941344
0.004729651317036621
0.005603114538659151
0.010067795168584104
0.006624231964780037
0.0039939453184650075
0.005080870977521873
0.002785177091059429
0.0023869948615112893
0.003182262350341165
0.002422025595888709
0.0029517327362249147
0.0037011791336379707
0.0055670688211352575
0.0073063410724912795
0.00985474149095738
0.010387710314503407
0.019728210312927333
0.08165550918300658
-0.2893732871998022
-1.4649877111398861
-0.21252193567328406
0.015242079693229982
0.017192908496488326
0.023329425890330793
0.014269586271480277
0.011176714679938653
0.007960610301225341
0.006808019973401303
0.004501592677600469
0.002207211828396884
0.0019660615353960524
0.0016348933922331304
0.001527269741927679
0.0044020765890249985
0.004493135918915018
0.00998951554597377
0.01485768777512208
0.026801606075807716
0.025358923239211646
0.0734121669005537
0.3985157793528862
-3.49023987415221
0.30813155884423415
0.1146377935989416
0.07748339256789048
0.03748321870469212
0.025338806414484428
0.015168555055921526
0.009748470010262014
0.006007941969960136
0.006335043984381164
0.003991176961977159
0.003232089000084724
0.003732449279054557
0.002993961950077553
0.0062025999799751085
0.009000210182263683
0.011177725318092989
0.021560668190698934
0.029615521435421118
0.0631199780832078
0.12590576599789893
0.14412771706260818
0.39960455531984507
0.18234054116683723
0.20447394330225382
0.0873856755422639
0.051445851477458955
0.027651874452625045
0.01877246993156201
0.012243138163436168
0.006815957896752827
0.005241008561902825
0.004374877904916318
0.0042911836218609105
0.0038348530225429914
0.0021728663028932017
0.005378004908583467
0.0072242571914314406
0.013943787945046835
0.019725697983575822
0.03612484670853794
0.05426533166229208
0.0800823549445953
0.15935974743424902
0.1723399195899617
0.1848941747552164
0.13024357650233648
0.07805195679955906
0.04460542112533844
0.028419489143594837
0.015813048634238415
0.011416123275731526
0.006416437933303726
0.0059468873998640625
0.0042641930580412995
0.003166636002275851
0.0031603982667151617
0.003861573976462975
0.0036304545166642374
0.0089034039373327
0.013247937986173791
0.020953374201556792
0.032623926131318905
0.05454758745945938
