0.00017382685408845445
-0.0008068930633938888
-0.00906545624783458
-0.009972950546562439
-0.013444845576065657
-0.008699340310455682
-0.012744284884025079
-0.011097435513105826
-0.007810191185499806
-0.014093343748230585
-0.0129345524636707
-0.005524226652777706
-0.004541555966872928
-0.0018313404383093223
-0.0021037401696801794
-0.0020217259229241024
0.0004294678927176153
-0.007938908754890695
-0.00502144235225632
-0.0040315571780560715
-0.00031631034439168334
-0.0009600120424069342
-0.004066509337037502
-0.006031857563808167
-0.005515587326501773
-0.008218666482523604
-0.009636865119290211
-0.007692239238055073
-0.0095391691506442
-0.01014566530647878
-0.0115304408125516
-0.008650418227860036
-0.008320180638609957
-0.005476579186493214
-0.0023535395266449594
0.0024426605557645413
0.006306269927566956
0.006208459451025618
-0.0034393807066997184
-0.024289996940066193
-0.016725036357101365
-0.0009865923381526436
0.0008022176366941967
0.0018236573165323854
-0.0018346185707133168
-0.003083832362977082
-0.0075724914740568534
-0.007272110950424568
-0.0114568723182044
-0.010358051187191478
-0.009378368397356443
-0.011641118641066381
-0.012461212215418583
-0.007564280490909741
-0.00441143448985502
-0.002725061260676692
0.0011687211679027275
0.011271126808358954
0.011541411447619658
0.015326051189279653
-0.009251462256969533
-0.09821720271395401
-0.0474565743113829
-0.002788713545313376
0.0024492117148156847
0.002329065146206675
0.003351489284625185
-0.0011454759852363705
-0.0013567761661277867
-0.010834822091627321
-0.009424098640148365
-0.007311930770401787
-0.00957168842203494
-0.011888384543704418
-0.010016405458762836
-0.007811895900321221
-0.004279663747869086
0.001118281379185783
0.005512598366516869
0.015638152919496898
0.03882303304755481
0.05202311190444055
0.05759892697160641
-0.5222940906228306
-0.03561762992043699
0.028933067367813085
0.020352349203030903
0.008360304833615924
0.009551078403665312
0.002874059862717964
-0.002386363653003811
-0.003842895632384928
-0.007863192385117955
-0.006883579966492484
-0.00910395610440038
-0.01174281944434271
-0.008148188201323769
-0.007933346050104316
-0.0021092865683176006
0.002773274445501942
0.008124225717633153
0.028512868974366366
0.05239363181078265
0.15518407640498175
0.537334775507928
-4.27980457551547
1.581794684835714
0.11117659820041355
0.0441793027123026
0.023544389045104818
0.013109622660632887
0.0037532070811784205
-0.0012735143549181902
-0.005186856348161987
-0.006343899261661698
-0.006903276524350568
-0.010458362096901451
-0.012566840388551695
-0.007989776848048014
-0.002369814076748323
-0.003296781198668162
0.002284005633600537
0.011345916498754171
0.03395973655861972
0.07163783999185279
0.12646347117760187
0.3800798351652023
0.945615926363161
0.35849624344074443
0.13226400139523278
0.0581119361353475
0.028136737562452996
0.015967607190618197
0.0042952964585836525
-0.00326140748784101
-0.0071429602690700495
-0.006113706485257029
-0.007522648477059365
-0.011330943247954518
-0.009129496521786165
-0.0053212892388982205
-0.004493615543326115
0.0010267594570167087
0.0038574106363735115
0.011647279067490848
0.034158498301037225
0.06063444562464722
0.12177246388484009
0.22969472416893422
0.34211433792808277
0.20701155518690456
0.1144605361383992
0.05728977710368498
0.02793089942895556
0.01382148659702923
0.0046138765163283675
0.0009548166921115315
-0.005576050400347206
-0.00792603939949779
-0.011133146231295896
-0.010876840127363955
-0.011138541238304513
-0.006127356821794526
-0.004490203865600296
-0.0030201350241505914
0.0011268125440289988
0.013430393968075561
0.0226622808192493
0.04639468659864063
0.07376217537955225
0.1286653406775412
0.15369346613135954
0.1219193401040625
0.07329828829107647
0.04540400434344647
0.024274599989997144
0.013978305981555174
0.004399932898877445
0.0019700230834850257
-0.0013152053849209942
-0.012439398486856254
-0.010630348251747435
-0.0089395159702408
-0.012783136808359746
-0.006276562328422674
-0.0050378080449870796
-0.0007158282756485473
0.003114685647520638
0.008301612293497386
0.017923323760942713
0.03119781590935807
0.05270011559552187
0.06968977958518029
0.085112808951252
0.06675392788263099
0.05242283729976146
0.032892442852633604
0.01719979472167529
0.008215772590604811
-0.0002260829563817924
-0.006033600792682835
-0.008214417356732496
-0.012755383807647416
-0.00819368007124176
-0.009418096296949898
-0.012497128789271329
-0.008276037530036306
-0.007203375474007965
-0.0027929410552848554
0.003256048327441593
0.006865599778975304
0.016123882065648906
0.027699141606808125
0.031882859878677464
0.04493545058507963
0.04532102694207019
0.04150739657332841
0.034329016942785465
0.02248419919458791
0.010437097303329913
0.007336797910415499
-0.0014314673687656806
-0.0037672163503469007
-0.008629175176583261
-0.011568292582503241
-0.011700248440775642
-0.012224733634152518
-0.013808507317320605
-0.009303333855490576
-0.00772942407139024
-0.008001303063895047
-0.0015848466404693785
0.002236546345426244
0.012419615633465695
0.017722839581560304
0.019562939999763468
0.025328548324766793
0.025473303273801852
0.02210002835629886
0.01836356060323968
0.011832903384934156
0.006596265327024067
-0.001112774487613371
-0.004846678273848656
-0.006199334081004209
-0.010098169336700945
-0.012476643790143906
-0.01181011497301255
-0.015100680382003389
-0.015904011314968443
-0.01084284829136898
-0.010017241761732784
-0.013272068762007878
-0.0071757572428317535
-0.0029320412176842
0.002496889105141762
0.012969501683332992
0.012372160166246548
0.016331010892614368
0.014493131677371703
0.014563006103934637
0.011844364597376136
0.005859130606396888
-0.0002779564543285043
0.0010520257310389133
-0.005733917377147587
-0.007078243931130898
-0.01102496470789957
-0.015504654875855062
-0.012242198476061634
-0.015796149716086852
-0.013028484135407933
-0.010121036359566436
-0.012541121478806648
-0.009676191627256255
-0.0087703980236319
-0.0055132382651689816
-0.0031512680392656355
0.000961917320141155
0.004441156866553982
0.008474796208901155
0.010361088227727272
0.008617507760476937
0.004000521945694302
-0.000395834323853164
-0.005522452462803987
-0.006950071262735484
-0.007640309376125683
-0.009417918781254206
-0.011737570223668291
-0.012464770117585695
-0.014850087042297094
-0.013838218076053094
-0.014331574293100013
-0.010497014496193596
-0.01603405921903516
-0.011849681004774796
-0.012946766823285884
-0.006706776466096494
-0.008797202677762302
-0.0017447095427491409
0.0009123156346926935
0.002220207881509745
0.006810924664422647
0.0003056554950345224
-0.0012097803270839087
-0.0008490966023109794
-0.006506924771744946
-0.007684088142088531
-0.00875046781022854
-0.011113159623043671
-0.015342278485130808
-0.012780520660886885
-0.014707197702978006
-0.012230545115560303
-0.015085060256921435
-0.013503505150541488
-0.013508866198485549
-0.014645819838598079
-0.00870406403341479
-0.006033402114738705
-0.006760959478421465
-0.004378483821389745
-0.002440816077431447
-0.0020874884705853716
-0.002770068234528298
-0.007577601895829572
-0.007026685252512642
-0.004839931843107417
-0.011430609626827907
-0.010604765266333449
-0.007617745713959869
-0.012290378436834122
-0.013581154611053458
-0.014637202693182066
-0.01537364991276883
-0.014077761905384104
-0.01198636574748819
-0.012030406547432418
-0.012410190993534992
-0.011682076427679796
-0.011579258092497293
-0.011634974979536502
-0.005757986725198485
-0.004237172173640106
-0.005492661857171112
-0.0021209328166852852
-0.004703547326858028
-0.008958260613284596
-0.006310100479877724
-0.00977473585581572
-0.011318936968820033
-0.009188873059043881
-0.01106349703742962
-0.011553378201044623
-0.011802802571975805
-0.011513988007373235
-0.012479547583662657
-0.01604080704290212
-0.012513587705076037
-0.014949112946604814
-0.011362213122367142
-0.012459110963287712
-0.012887309082221259
-0.00838316144330965
-0.005800327659491505
-0.008612333300593135
-0.003822670711941772
-0.0027012481770817766
-0.00669618179838494
-0.00748702042121684
-0.007916235646137847
-0.007277298971392029
-0.00843490784032428
-0.014428792205808368
-0.01428651039281171
-0.011499336102162258
-0.0076269902837516525
-0.01496774624408905
-0.01195220442949493
-0.01221508878251238
-0.011955740371295358
-0.014496213032959256
-0.013103288597675275
-0.013332633066471571
-0.011779435409746004
-0.011203373154919281
-0.008254002642776358
-0.008642666099397924
-0.005396206055758801
-0.006047547551438252
-0.012990465659787617
-0.009470718393190575
-0.009897843566378227
-0.009042181493130831
-0.006081270661422736
-0.011102217451076153
-0.008792900941550198
-0.012840004443324825
-0.012636496587613753
-0.015530242793430743
-0.013360236301292804
-0.010815026313388255
-0.014762732413182725
-0.01186913505943406
-0.01374075567990605
-0.015849933444736945
-0.012829423977529638
-0.009067554005409071
-0.006214109481390109
-0.005546334505287775
-0.006955937347213602
-0.01082835761126511
-0.010408558195982465
-0.01057801506030662
-0.007846775684929079
-0.007043962699407556
-0.00733704297145348
-0.009877263622263967
-0.01037273771365523
-0.006794356301372233
-0.011903733655962537
-0.014417952204820016
-0.009132806615320635
-0.01064107543001954
-0.014022572686058572
-0.01155423536275759
-0.012352572126824876
-0.013973612708118584
-0.009711371167324996
-0.012406960820581854
-0.00636547381347965
-0.006192315336496728
-0.007099181754932618
-0.00671546546121304
-0.0058826851500824616
-0.009872057139011372
-0.008778284553614806
-0.01293847306180359
-0.008786081653353223
-0.009478066696547823
-0.01109077982644646
-0.00915824218695018
-0.011587380595368405
-0.012918906678103019
-0.009787475922127708
-0.010626374014980053
-0.01215755995351298
-0.011895085719974226
-0.012139236137284248
-0.01427115181499969
-0.008176692013757758
-0.006322249330273837
-0.006724012507544066
-0.006192153578556924
-0.005030396200305068
-0.0030077839512466856
-0.00455684986725235
-0.007671762755861676
-0.006587734420231842
-0.012192686577242914
-0.013193848530283608
-0.009173372445866183
-0.01067084580216176
-0.009783618107592592
-0.0097519023590572
-0.01229282683375398
-0.008741778400369436
-0.012378491667369925
-0.014021652010450867
-0.006694425580611405
-0.010022100419953323
-0.008618516507654146
-0.007853671848117912
-0.008153966559540121
-0.004416920860266168
-0.005589816946169682
-0.005648770274284256
-0.002089995446364492
-0.001624303564982134
-0.0068631546627507855
-0.0039072699942666374
-0.008061520888821424
-0.007750573773451262
-0.00795197744097148
-0.01135110625531481
0.008773840242385594
0.003954278705399672
0.0015334632758576242
-0.002231587836071539
-0.0016967487195369954
-0.0035884794610073828
-0.0058318094966982375
-0.007120346329132792
-0.007273169096990503
-0.008110699395396995
-0.007289690381214453
-0.007644041545378336
-0.0097271746960313
-0.013220035335118868
-0.0147641539602354
-0.019363602802320263
-0.022641397073962465
-0.02947733811727379
-0.03076901767254562
-0.03115273360837746
0.0014444180539913815
0.005264872004735262
-0.0018607090400840022
-0.002006651519757902
-0.0028116870897525593
-0.00303226823150403
-0.0039080800292177285
-0.004942489949054979
-0.006374048933160652
-0.006979544634747785
-0.007348325796693156
-0.007886231532670993
-0.009335655269858655
-0.008634279115807544
-0.008648479330731866
-0.00950655005401913
-0.013828472539333574
-0.01485560975950834
-0.01696021980771556
-0.018529664080889328
-0.02050753510267309
-0.014247072457252378
-0.007333039151038214
-0.0008320924320827113
-0.003330507510129893
-0.004519708449598001
-0.0030396829619745163
-0.003902671515003038
-0.004553311516387407
-0.0062852023709027505
-0.005151697508756611
-0.006808501234101139
-0.00652104705761636
-0.007001570637397975
-0.00810763487186801
-0.007808738363623977
-0.008399669406924139
-0.009742002236609273
-0.012138022917730201
-0.012895803983255212
-0.01296310794992569
-0.014571088352639698
-0.014299851886495402
-0.010837440920415733
-0.006323017922475881
-0.005250458490493921
-0.005496756667072411
-0.005042945610305359
-0.005010771844420878
-0.005836432134190601
-0.006323192526349305
-0.00646803421769509
-0.006073547927137441
-0.00713821811950933
-0.006786710096684519
-0.007064392014340108
-0.008101472873420999
-0.00727646283607324
-0.008433230547915407
-0.009187182831017389
-0.010752807029630008
-0.011430133534837093
-0.012445535629681238
-0.01189223554512556
-0.012560441789337923
-0.010545734538830145
-0.00881413685780787
-0.007147839821683419
-0.00495909630749725
-0.005253669083809666
-0.004914845869630664
-0.004837400126227718
-0.006237829146186305
-0.005916963530601345
-0.00676912673935665
-0.008222152969890048
-0.007961617862061671
-0.006376511649938183
-0.008618977354027108
-0.007898581870273279
-0.0076582517033356185
-0.009393851454529367
-0.009861278982038037
-0.009624449800366135
-0.009271131779572723
-0.008878281895801927
-0.010137756353228805
-0.00825523579974477
-0.007391111523201718
-0.006534646316978858
-0.004093628646505135
-0.005093349940308691
-0.005084308485202961
-0.005354642686322514
-0.0072071368185666436
-0.006382160778310297
-0.007497865166884595
-0.008555232910625368
-0.007257903925423611
-0.006671730568948373
-0.007655170655817951
-0.008051452700538626
-0.00900585409439157
-0.009043173661295706
-0.008395166714667734
-0.00892438765139451
-0.009481171222837254
-0.009314841218634209
-0.008833489393756054
-0.007131945143655931
-0.008342922975135914
-0.00683980609681286
-0.00486274194207549
-0.005808395599819334
-0.005706084389571293
-0.005564842509715765
-0.005443804869223031
-0.006864198648769762
-0.007351566991469482
-0.005862449599130988
-0.00601349691447705
-0.005255003720376269
-0.0058464095120299535
-0.005115301805132631
-0.007610863849227109
-0.008300565728279512
-0.0077458330078123425
-0.00955817707142234
-0.008030170283843834
-0.00866741887635867
-0.008266798394786974
-0.006965441708470368
-0.007120140478009848
-0.0060808076102029825
-0.0058010022862025135
-0.006627073873991895
-0.006677229283784335
-0.0048741857889529165
-0.00511918805509093
-0.0073204903510920025
-0.007665426146782067
-0.0060806117905780775
-0.006866597206672062
-0.0065928119504776615
-0.005811144082085809
-0.006359818521892232
-0.008472590305306152
-0.008209289176530719
-0.009350399798461778
-0.009534291274585716
-0.0073128866098414475
-0.006732882877535373
-0.006834223280864846
-0.006075532108866192
-0.007320638551100677
-0.006441805068809863
-0.006310901065121746
-0.0061305382352900666
-0.006594940758641035
-0.006099345834103003
-0.005567198413804443
-0.006691612993702589
-0.005930779876970677
-0.006841473325524234
-0.007168816309419845
-0.005781238603863305
-0.006993322305540989
-0.00707190741722658
-0.007282066879729976
-0.007532645124210953
-0.008481832325350859
-0.008574468526665789
-0.008261613310728048
-0.007107951503674978
-0.007280411716837243
-0.00591200353968464
-0.007311289644922583
-0.007338084023103581
-0.006114711972325469
-0.004347558170893373
-0.005548957602109975
-0.006079685339578778
-0.007084503946203072
-0.006327053063611609
-0.004726903597084069
-0.00654767951889224
-0.00738883729327117
-0.006774375604162568
-0.007930386117833251
-0.007281826629849548
-0.007194066258112153
-0.007158048771790551
-0.00706010585434074
-0.008914926796267285
-0.008619212280555745
-0.008327997111293525
-0.007599547807785803
-0.007316788256957797
-0.007334060755975056
-0.007322046433353512
-0.006215954002081552
-0.00587788137030946
-0.005692447768145634
-0.006604588203550213
-0.005640832390777527
-0.0058824750764139185
-0.005947575711584612
-0.007283248096191106
-0.006338200664922401
-0.007428927847295832
-0.008396395260501434
-0.006608877710675244
-0.006909297619914938
-0.00737303636073911
-0.009409750124041931
-0.009682496735148066
-0.0083958449240185
-0.008121901521840965
-0.007091726135735647
-0.007373633358424956
-0.007402908207785548
-0.00719648717545456
-0.004382265066180826
-0.004920131422958108
-0.005620793902747929
-0.005384175710554762
-0.005433085702636627
-0.006175242597953215
-0.005687799334523391
-0.00693628366628366
-0.007437427189298514
-0.006080131863614641
-0.008423073730370705
-0.008098696210171891
-0.007231818959414466
-0.009188969440289995
-0.009613340102890902
-0.01037048209153653
-0.010037575258526596
-0.009297372209179226
-0.008889356812863076
-0.007899727879695735
-0.008560600973054748
-0.006913321394104907
-0.005482102899417279
-0.005398562960288749
-0.005231159341282269
-0.0069896505770580585
-0.006735376387811993
-0.004995610056924243
-0.0061759183794389255
-0.0070657110587900585
-0.006714932128948472
-0.006666034771648144
-0.00652956141693433
-0.007461058487670611
-0.008202498496755478
-0.007675375147385968
-0.008959564275081032
-0.009977425064128074
-0.009861580178389952
-0.009689902156377363
-0.009387406655616576
-0.009147669559260097
-0.007602783516579359
-0.007913506875877569
-0.006061704494551922
-0.004694599587793881
-0.003889926965098021
-0.004061349147256314
-0.005492988159263918
-0.005062490009561171
-0.005723700848193602
-0.0063618669548225265
-0.0054615549061151816
-0.006567594880880303
-0.00850450771823616
-0.007711642559923342
-0.00851153206922762
-0.008343712426240605
-0.009939918410948928
-0.00968567780588535
-0.012475637642363566
-0.011601160551815808
-0.010805497547001601
-0.009726176286572375
-0.00858897796009587
-0.006755686255117616
-0.0025303019527477457
-0.002885237469422996
-0.00279980782043163
-0.0034815139225925287
-0.0037023289772623686
-0.004561110513096698
-0.006075280000387843
-0.0052385180274926455
-0.005766213535268892
-0.006909658295504259
-0.00720786044072349
-0.00753117366749079
-0.008585212240783157
-0.0107162015976958
-0.010660658945509183
-0.012481231903227195
-0.013989297482123533
-0.01435478770141315
-0.01392012574407817
-0.011269763403877973
-0.007635161622456115
-0.006177227728623582
-0.0021974260549253626
-0.0012519215644380393
-0.0016078974019083211
-0.0017740163494958084
-0.0034497620589490244
-0.003931383391866008
-0.005670690355979311
-0.005824777843888181
-0.005916519577897779
-0.007103595199848871
-0.008364807418746532
-0.00790173931418754
-0.008235069975501356
-0.012492692465182692
-0.01272264414311322
-0.014666668757338469
-0.0162058776421855
-0.018954823380003004
-0.019376376144674377
-0.01443856231211256
-0.008294941499236753
-0.0027309202418319607
0.005310989088798141
0.0015828673958791762
0.0022586260898031854
-0.0011084786455950457
-0.0028067125664280788
-0.004449523998603628
-0.005120714940836089
-0.0046049808430664065
-0.006029336448783036
-0.007323444231184158
-0.00882458283871125
-0.00979868654285997
-0.009689500116270353
-0.0123575522906859
-0.01407160709184432
-0.018676837679574555
-0.021730647229478782
-0.028042958432928117
-0.027593037834511176
-0.027830795816458247
7.932316332056807e-5
0.0018666189617388726
0.014290126737942098
0.009900042335044417
0.0030932340128780483
0.00015213885740796278
-0.002492724175419971
-0.00377131552039842
-0.004696601827530544
-0.006756820082019176
-0.006959443942245696
-0.007433143307274376
-0.008959851484148709
-0.011032920370450477
-0.011650953350505812
-0.014796648994025524
-0.019076888089220666
-0.021050121929492037
-0.03037142288864921
-0.039614905983182035
-0.06217241569240676
-0.04941600463620832
0.016321542279478584
0.03159622722703144
0.03974713217475039
0.014806520017257838
0.00793627192906528
0.0021059463010586026
-0.0008379965491811468
-0.0037157603119487796
-0.005096048213214457
-0.006481497604550854
-0.0069540668189612045
-0.00702214002394251
-0.008453260502028302
-0.01026981430531723
-0.0115072755624619
-0.013875136559927647
-0.018240394061041963
-0.02613515224050678
-0.03774322029376666
-0.06643322247760194
-0.09494318522071549
-0.19530280235914318
0.13720121566795043
0.05379396498315972
0.04284052537149384
0.02448788770843371
0.0069716617638252735
0.002689552181297731
-0.0003164321552056984
-0.0035754261647298314
-0.0034665229864113255
-0.00570115541618305
-0.005771247760513415
-0.007575113669209749
-0.009615919162245778
-0.010598068009857268
-0.012242808977014212
-0.013925155246188491
-0.018780755072653168
-0.026176017790937273
-0.04682059665770558
-0.0761451672045593
-0.2455725323303146
2.302686121033835
1.794403764599236
0.1749375384087207
0.04433583027616483
0.015068707286068716
0.00806539200041595
0.002465898806676073
-0.0012991240128042093
-0.004455989145282814
-0.004906199243729309
-0.006182139987452987
-0.006835166514195013
-0.008174553134291919
-0.009185363227054858
-0.011337431720951967
-0.011184389647311431
-0.01415823612558204
-0.018122733645264646
-0.027492459662792578
-0.03682171725210728
-0.07062129974682924
-0.12463875794796919
-0.260681756393634
0.17647914204605872
0.07453393509668478
0.016729160235289482
0.011664619024587593
0.003942484155493299
0.0014917037391884358
-0.0017067854763921143
-0.003912372255043558
-0.006022560878056
-0.005408613949487973
-0.007543140742686993
-0.007384204438458035
-0.008825144208442815
-0.00876039689824972
-0.010323407926590283
-0.012438808344039836
-0.016973153952523894
-0.021715531018688942
-0.032171367105521674
-0.04266817815377362
-0.06972916158674498
-0.05820630644820076
0.022200934362691358
0.03684677487096547
