4.609657821263356e-5
0.00015374165084256747
-0.0010321254156550018
-0.00012385507759347751
-0.0005024694931022192
7.69558157637934e-5
0.00035777240536251484
-0.00019565986416039167
-0.003790614090579578
0.0028725063136183825
0.0044534247332313455
0.004876548242224061
0.0008935902365672067
-0.001433182095326025
-0.004142127009534257
-0.004839836713389897
-0.006506260959082277
-0.005799150339222479
-0.006356406588151127
-0.004940060007221088
-0.005586188297426485
-0.00458462726397437
-0.002161102751214193
-0.0033997757768255005
-0.0031900944928446944
-0.004456416604121794
-0.005747559134358371
-0.006531073413362744
-0.007070232449826029
-0.008631468438489009
-0.007322740222061774
-0.007563599090590631
-0.00829511008740716
-0.007115936045149079
-0.008331415983479851
-0.0070845717968830955
-0.007974701589739928
-0.006983679699640084
-0.00759766888170157
-0.006705424548630176
-0.008132628262011285
-0.008078286761926836
-0.00782738746739758
-0.007588894938450437
-0.011266276480376352
-0.013024447958704314
-0.012733715670614891
-0.013834230113953131
-0.010911285278259047
-0.011152081924769039
-0.009488295368354913
-0.009578532155786587
-0.008277846679018316
-0.009851202449524598
-0.00954675128835366
-0.011323614014957737
-0.01672164502831667
-0.015827283612671668
-0.02184437769632872
-0.018342026684923265
-0.01922713598277709
-0.012927132468475074
-0.011478277683492272
-0.010058333645266806
-0.010403461031328862
-0.010169725547209059
-0.011886159825449088
-0.01192690342964513
-0.016667782469595795
-0.025818909121762407
-0.024233709879788
-0.03431447637960901
-0.023248919806956366
-0.01846455930413552
-0.012940743205275315
-0.012187216154747993
-0.010800615896885093
-0.012156268299636667
-0.012437528939170139
-0.01723716967172515
-0.026355111027298143
0.0009606943116473944
-0.0365793089303442
-0.039458762875942195
-0.037721049218402115
-0.018813401834514135
-0.015143755599745614
-0.011967798086880081
-0.012044741735246006
-0.01243807562750372
-0.016623812350507767
-0.017831760632329514
-0.0031811524280300394
0.04548790453719135
0.9545075341844012
-0.09364894422793703
-0.03200666700729454
-0.02306820163870725
-0.01288314692018199
-0.01230194706426331
-0.010017549272788836
-0.013793138389054807
-0.015658146677000103
-0.029473122603692437
-0.06210387407786119
-0.6127488020522186
0.7177849714608826
-0.015468510444451352
-0.00942545567554421
-0.006333491663880901
-0.009762811826292494
-0.007600046206370167
-0.008838021796719634
-0.011293567471531997
-0.0179302051522963
-0.020745841853241066
0.004241365548576155
0.033532044432667024
0.1559774380691761
0.046354182607222516
0.015572533288862697
-0.0010449966895988592
-0.004403362846439641
-0.007333162946010504
-0.006062612618424102
-0.008982791715402257
-0.009889101212039234
-0.011291235236784927
0.004343042319223112
0.03348528896008069
0.04745461452280345
0.03479325356674946
0.012744903107557168
0.004203984272085715
-0.0033572074032527
-0.005324568902027498
-0.0072137055759441725
-0.005552705790868115
-0.008790638256578302
-0.004222479989462264
0.0011962801610835149
0.010832799479625906
0.018021310241777815
0.013135697383870602
0.0070849070470534615
0.0007254760513488751
-0.00285484635301698
-0.005293763924885981
-0.006290081074541123
-0.0062389850275689955
-0.005717194554507516
-0.005435769545094062
0.00488401303942493
0.005623668088385766
0.010571141602676939
0.012917173528923739
0.021147439460364063
0.022579673380948673
0.02874080936590791
0.021322848472282118
0.017965274460590236
0.008379132494998285
0.005562847206947119
0.002522356494006938
0.00580932729824748
0.008744635844084414
0.012249369840701529
0.022509153161929155
0.030936951064622253
0.049521053926578316
0.047799651610502175
0.04844672020926803
0.023115794503400358
0.0171754195125201
0.005801770989636348
0.005736309886210571
0.007211585281810068
0.008365787244877335
0.0178871509876226
0.028707782897703843
0.05615592010451645
0.06935550258110822
0.10057281894529728
0.08020523474009197
0.039811373579061615
0.010073393379699976
0.007405264001816718
0.0031353843466617954
0.0021493514063574536
0.009395065435607574
0.016175669115197425
0.04102000426396392
0.0628219311903607
0.12790438596420847
0.23458655411875554
0.3018678001031968
0.028096821580026302
0.012591183925283142
-0.0017161767380057358
0.0019497536812778978
-0.0007937698436378329
0.0027336947029992114
0.014591105971383618
0.024043474396680767
0.06997421770727216
0.17079441392865657
0.6366641446604242
-0.6785088889120514
-0.0867222429087386
-0.04262616366067698
-0.011727190572258527
-0.008328594621826543
-0.006243502461945576
0.0003814054570504879
0.0023686825046578134
0.00991639145138661
-0.004795651753612253
-0.030955041623207752
-0.25821248241891664
-0.2624653175282736
-0.1335135817442697
-0.04744421064092442
-0.027800421123453652
-0.00976096712891273
-0.00610968005997935
-0.003811501660602756
-0.0024193866624654045
-0.004926012431713453
-0.007849844286066441
-0.05263322702749574
-0.1144411427741231
-0.15261771213190503
-0.08288502338523893
-0.05439558044895998
-0.024577605076404586
-0.014650750942341861
-0.007100002333339556
-0.0033749376718587723
-0.004859648714745969
-0.005036882473957908
-0.014823991557226308
-0.027670629350338777
-0.06187473076609749
-0.0604122968723302
-0.05643444522692605
-0.031346258197397635
-0.022112314067508163
-0.010823531689165493
-0.005681847635124728
-0.004183979473964785
-0.003493706036877914
-0.0063212204715416866
-0.008878196121827336
-0.019663313715767152
-0.027722717199496236
-0.03564204629255395
-0.02584001212722571
-0.022242542741574785
-0.013702031201866211
-0.01029222930391418
-0.003456409019206225
-0.0011837802936351988
-0.0014543265839276282
-0.0017737676152762933
-0.004412453123643555
-0.006120788018049691
-0.013458576214772302
-0.013645751818192265
-0.014932856490319165
-0.010620917155200882
-0.00979450535289839
-0.00513417028707755
0.0004834227056662926
0.0003917291547217701
0.003010924355305098
0.0010825101895740646
0.003102262657284432
-0.00035843165689871125
0.0004811734888474091
-0.003525634374497328
-0.002962512203427493
-0.00399679391822989
-0.0028388437146604564
-0.00200096051940724
0.0014718445495513239
0.003793971912404358
0.004911623210829863
0.007286769401712842
0.008180877043763574
0.01146696792225709
0.009736026703442546
0.010616878100675482
0.004557659651220903
0.0029980924691700673
-0.0002160192731448003
0.001604161516801266
-0.04726326671501945
-0.06125576580759076
-0.055689548897072734
-0.06331042680749357
-0.046892330704757186
-0.035089739922526834
-0.02114867201146525
0.01434658060726729
0.00197064989463344
-0.0194305382301243
-0.028407085544304028
-0.040849251592155356
-0.049098091675303705
-0.05586395002563761
-0.047555520499609316
-0.04366404277217118
-0.047978899591325605
-0.02057719748940032
-0.024742064355811787
-0.015071679436304265
-0.018150727302752613
-0.029469248760764843
-0.03863778555212961
-0.040907930298668176
-0.04645104343974917
-0.050308789522349
-0.03898334120739894
-0.042915822319489816
-0.032199809769953694
-0.03359607116706696
-0.016440168655985524
-0.011102265008557757
-0.022630424399848616
-0.029796023624960265
-0.040383357660481234
-0.04198012366256795
-0.04416904314225385
-0.04233576178631919
-0.03675173131343529
-0.02524917398426205
-0.02212971207963098
-0.006233653853073308
-0.0009519387976626909
-0.008734478194621208
-0.01165954792577111
-0.02856735497746074
-0.03884935592495075
-0.034226754631892335
-0.037565746812193095
-0.033921957931581245
-0.024771121709746238
-0.01622443744570302
0.0008036751170816559
0.010254174243958735
0.05980321693157944
0.03338973557244624
0.011591035109338343
-0.0048508910922412125
-0.02536355726155167
-0.029183781118648392
-0.024236598552666914
-0.020863734559759244
-0.02955395167209719
-0.01707933622988208
-0.00987050489526113
0.06970013300179796
0.09023856344866356
0.11469407159452016
0.06992060229834739
0.026412112295475375
-0.0042879646060044905
-0.02083079986185072
-0.021803892648091412
-0.02820345112014514
-0.0200980616986996
-0.03472696762831224
0.041585127793242194
0.09825875230327787
0.04148795447996798
0.205669591495309
0.14149304003734023
0.08004318993962031
0.022591862422961524
-0.011088456213612506
-0.02107860860327011
-0.025960572534624235
-0.03978720843397027
0.0029814896129254425
0.010253358697846732
0.0769046756294892
0.35907004345289173
0.28179220340983235
0.29495724307100096
0.13047567088896975
0.037561048050747455
-0.0038798854843949022
-0.01946937087064929
-0.031119738675547577
-0.016255442362920206
-0.020907480787971302
0.0302987047533819
0.14864998331566484
-3.4822259132100584
0.32661408091365823
0.2681238952602991
0.13809708480449057
0.033285786727852436
-0.0036623527131034433
-0.029531071954870664
-0.03496740506683325
-0.050583168166767986
-0.02936623008875141
0.09236180764603404
0.4332804890970316
0.7198660916358302
0.463281152505644
0.2695396075004512
0.08819971244862672
0.039564783158439094
-0.0038713175451406076
-0.03423947035337726
-0.051498618356835425
-0.06347297812499306
-0.07529107721636588
-0.004300027660858346
0.1288542611935866
0.4095567892922584
0.22927095794761923
0.11447260980805722
0.07139368312993793
0.010050298100224604
-0.01842277811159954
-0.05077282392170831
-0.052636384506294605
-0.06742348475761373
-0.06371840579637172
-0.061818598284588154
-0.011958245506539953
0.06871085197085451
0.06999931854755194
0.06164614964087098
0.021617449279983613
-0.008266234079599127
-0.03677573327158784
0.003141094797915813
0.0001444241858902608
0.001231215663077841
-0.003047634854489848
-0.003417236877641859
-0.0068288619625601595
-0.006339991538489112
-0.008006370091025011
-0.007200007873524057
-0.007233201906607703
-0.001650208110840392
-0.002995336526931361
0.008829857519196014
0.012914476508483905
0.004774767749514127
0.0024742950672162834
-0.002845977597828567
-0.0026991319376859697
-0.005192963317351977
-0.003111835413008519
-0.005464297792572351
0.0023117897070110806
0.0037192638072299712
0.01515746495587315
0.04009521652239771
0.018292493098100864
0.017645316341078788
0.0046783095028733
0.0012291089489732678
-0.0025239302436644204
-0.0045031592398870725
-0.0061702416596069905
-0.001268826243400552
0.0025257649269372893
0.029712005754633224
0.02846612755739712
0.06501781869266236
0.06001585650385114
0.020506526357990204
0.012393598684510397
9.204503736253106e-5
-0.001724516484193644
-0.008300901258357333
-0.006970826071118505
-0.009776828169282235
0.016874200133577325
0.04127877482347032
0.12033953412302088
0.08786467640179996
0.06970622738943211
0.04539399853939156
0.011028444044811032
0.00346507156554285
-0.006874200472252993
-0.009054192794707535
-0.019050359904179654
-0.014033654998518316
-0.0036444382054866943
0.1208663654762977
0.4052596780687034
0.362342006927946
0.10012605301406971
0.02779527221547781
0.015344358376236773
-0.0013664757154333435
-0.0069150827920736796
-0.0179157829711384
-0.026728702258046747
-0.05496937475118505
-0.06382719411630984
-0.3467804960017097
0.6833035132870958
0.04551036848462859
0.022040195048216485
0.021280201594421448
0.0012016748895876312
-0.002391486280580344
-0.01265635032732262
-0.017611241963675025
-0.037780797763493
-0.057490461281303216
-0.12005426883486618
-0.1723602228690915
-0.22506583282203216
-0.020261015951982857
0.010031475743236656
-0.002083299177435616
0.00019375210319943337
-0.00691839892548847
-0.011067281628980357
-0.022009398695482824
-0.02985034626270472
-0.0580178874886132
-0.07951759870296894
-0.11838223727479912
-0.07401417329731684
-0.015510582825304908
-0.012817179732042012
-0.004528806811385376
-0.008249273567337779
-0.007876330649065462
-0.014477830150115207
-0.0175786698673523
-0.026760456942453402
-0.03597411262931613
-0.05577741391116614
-0.05474962679453346
-0.052666178745497984
-0.01998648535687544
-0.008405934167528717
-0.008365382268118369
-0.0070242582359284446
-0.010433195618944834
-0.012060490439238248
-0.016998601773084876
-0.01951861154927641
-0.02911905971875608
-0.030995432685972938
-0.037816041542500366
-0.02602975461782445
-0.010734729086805901
-0.010473569349190876
-0.006149726692006896
-0.008000281025145559
-0.007271982532263264
-0.011056324129392489
-0.01235696208969683
-0.017077927422823536
-0.017720099503874095
-0.021697539817996943
-0.01885600819097726
-0.018623744340349472
-0.007385387022928609
-0.0034333831298703366
-0.005602136810973526
-0.004275297739082214
-0.006397278829778482
-0.006495736948862056
-0.010998231419332991
-0.010409108222879306
-0.012674638666936463
-0.011456324887799784
-0.013132965116123359
-0.007151046963036684
-0.008473187936507025
-0.006804026271668679
-0.004454417489182765
-0.004242152697432787
-0.0009097698202504519
-0.004054003976796057
-0.002065319438294966
-0.014225374561322052
-0.025224151720998778
-0.03343285119406643
-0.019402366860916197
-0.014759110707625886
-0.008985380622255665
-0.007493580225317472
-0.005901205918136877
-0.005174322883342077
-0.004642001454767475
-0.0028023227798343806
-0.0064691285675259605
-0.008219981301858784
-0.01752224858398442
-0.016815631809291683
-0.01669096314516984
-0.010104479402692688
-0.0070114508792302405
-0.006245413174699079
-0.003741365285664327
-0.003043812081624316
-0.002788497069674519
-0.005396337471849765
-0.004773302914189809
-0.009077675867212536
-0.01035882038187791
-0.012711990642448262
-0.009995333108535178
-0.01038340258055167
-0.006648135999926638
-0.005109238216273445
-0.004407860074415011
-0.0028351695917230996
-0.0033488483187885548
-0.0036302447230299535
-0.00624863726759029
-0.005489672200336919
-0.007236324599119811
-0.006514876091944701
-0.008779097288170272
-0.006878180858257493
-0.005138674320613595
-0.006042227571404911
-0.004391958921516274
-0.0034360241453363716
-0.002227691073416582
-0.003944797378881082
-0.002129943580422976
-0.006209391866925137
-0.004668970752607963
-0.0060380219401602805
-0.004797025387081943
-0.0047512308429297915
-0.00477533649429713
-0.003163841776966828
-0.003717454691210811
-0.0006543955088697071
-0.0010374436445912767
0.0013634845243639421
5.329502075707658e-5
0.0012882676947358538
-0.0027055220176289193
-0.0016217888367459922
-0.0029251803869521824
-0.002990464967815051
-0.001574221240832141
-0.002845178313761222
-0.0014312735396640236
-0.00044295099813567443
0.001719483161145435
0.002553338240602264
0.006738450319406742
0.0013149356831677907
-0.00026771859421732174
-0.0029645891572460956
0.0038931945160104375
-0.0006121932445049793
-0.0013389351374072504
0.00022767958714652636
0.00013676189099745057
0.0021045191718503478
0.0030684502436137536
0.012411030161316196
0.012730113500321981
0.013439407584806145
-0.020260600309502347
0.009116628121955461
0.005254357406438284
0.0036662953345338554
0.0011733223914657696
-0.000895485884981346
4.725939293304045e-7
0.0015282837133391092
0.00798547371157033
0.018389828079182866
0.04049207771627679
0.04314359740126437
-0.27215128974685854
0.006963660751922831
0.025003216146435404
0.0063285549213686985
-0.0016306192941644504
-0.0005488046849429678
-0.002278025031856889
0.002579259471793184
0.006494950801317957
0.025858618314699006
0.05864188171446386
0.18781749656251975
0.49851473545915576
0.11742224249466936
0.0228681902610281
0.006842973314112923
-0.004128750883938189
-0.00431604386506133
-0.002685145809342369
-0.0020208674172614623
0.003855258323543608
0.004234693419163159
0.02085573365245853
0.21171259664463626
-0.41819845057600635
-0.04716744568848395
-0.007705881285894346
-0.010160648867241969
-0.008333496707022518
-0.004023277642093799
-0.0038582071690355956
-0.0014395718899665563
-4.024697998039991e-5
0.0040374048951478765
-0.0026434568745570923
-0.0024844073157398268
-0.0919865573019277
-0.03566278961104923
-0.027127386461212724
-0.011910644497197073
0.006817089752584132
0.07873914077805964
0.6784126811070333
-0.5383679933529311
-0.07954884819782387
-0.008988956041928432
-0.008456961710934774
-0.0015598110343979753
-0.002875550701453588
6.028226193779257e-5
0.00045530378684806544
0.010143181833267005
0.02405648315103918
0.026283940225644436
0.044306668422731794
-0.12090935320805059
-0.04601695699489682
-0.030025187730500853
-0.00835823250674598
-0.005604341207260482
-0.0015363861540362215
-0.002402615541695991
0.0033109618899745774
0.005862850750076488
0.00872811489814522
0.019817219291183946
-0.005175983977976379
-0.026149085667041234
-0.03776344090428978
-0.017215285538852876
-0.012788743371775426
-0.00519228368567494
-0.0038705373943778523
0.0003469686251874343
-8.661226199451258e-5
0.00820077856481651
0.0076361092085656095
0.004106825529906731
0.0022283547857919308
-0.013495778869891456
-0.012704796000816332
-0.012339994259773761
-0.006909962440702887
-0.005214592427174517
-0.002605254281555432
-0.0014179666854340005
0.0013218088689607261
0.0018547682463742055
0.0013491341480006322
0.0037208329826665105
-0.0029982537007512255
-0.004404886686478986
-0.009596352354948186
-0.00597154750949447
-0.005721234561105545
-0.0024694374326330215
-0.003182729731457489
-0.0010403279026493456
-0.0017424289106323307
0.0013453809836950887
0.0008602175247731788
-0.0003553967402240458
-0.0006101608181416799
-0.004248001436374839
-0.002379385095614331
-0.0038285676398309293
-0.0025791964989852305
-0.00225484682307631
-0.0011347665301586834
-0.0009248498664585484
0.0004210132226821207
-0.0008812747919688887
-0.0034138084331706954
-0.0012154204655270575
-0.00322720106209171
-0.0009732807883402574
-0.0020265617093477195
-0.0007418145651853843
-0.0020098102507022384
-0.001051233134564806
-0.0030018800834891563
-0.0011578416975852248
-0.002664387413851841
-0.002245593445315714
-0.003091074787765086
-0.005162059532240073
-0.0012974091580138136
4.814923949355166e-5
0.002612246107518728
0.0005209704677127425
0.002023322389069001
-0.00025741403919727295
-9.254457364230912e-5
-0.003296605122723093
-0.0023940900493894177
-0.003969817717060917
-0.007959888272173768
-0.005849975734182418
-0.008883090642210233
0.006306861084615438
0.005258428552542557
0.007824778402895246
0.0014345137100906006
0.0010829230676491159
-0.0018676490826844458
-0.0021106570685163156
-0.004931602260358423
-0.004851711673602168
-0.00924971894154963
-0.022455813897106946
-0.009743514730717644
0.0013321285469928689
0.02256081861183198
0.009781031552267491
0.007307863632130416
0.0014878579740320887
0.00015936768926852279
-0.0025206107340717807
-0.0027364136034570196
-0.008808911742675982
-0.021757719500307117
-0.03278609917902304
-0.11424464875549639
0.07130243614730737
0.02235414760727025
0.02475555676008437
0.006287289617094183
0.0037293000017407235
-0.00017524172442004356
-0.0009215310116130372
-0.004056211198555242
-0.004852307466634168
-0.006812965517710314
-0.11219709800097395
-0.33645772780055355
0.5460725209107409
0.09079664057122447
0.009277662534429255
0.009740980371140266
0.00020502900564593206
0.0006242832493136194
-0.003055896756817299
-0.00047842926951759514
-0.006612779113122847
0.012852047300302406
0.010238103166385336
0.0014720142294517694
-0.0017369548765428578
-0.0036130187830845997
-0.002602411535720283
0.000196876407927961
0.003064395255267256
0.006729612174526992
0.011466792824262264
0.01343117642486263
0.016665161364827465
0.01064831917088611
0.006696964681205308
0.0011285032053339112
-0.0031494282768477705
-0.0036100653155962735
-0.003632299441804725
-0.0003699742604848025
0.0031676646762806115
0.006711441814084345
0.0096414766266613
0.011621792313086209
0.012054187549775663
0.010038185526507672
0.005044904991073689
-0.005328963979422955
-0.007262661325443116
-0.00905816944113309
-0.00506816413309531
-0.0023308608974106477
0.0031331210993774073
0.0058141915955510735
0.010532316346343797
0.012022946005993214
0.013631500189822203
0.01739483287228404
0.002407619906364982
-0.010750714197531585
-0.01871971164363268
-0.01631605810048643
-0.012139272256462545
-0.0043991505239145915
0.001619712809781488
0.00707866368617533
0.01076559802585871
0.01691386817914469
0.015768367543392624
0.026575121763930152
0.011333331540016277
-0.03231115348534335
-0.0378928115077134
-0.03125438966535389
-0.01857661405841191
-0.009665928352373473
0.0006031665922495169
0.007433006997845686
0.01663012826685857
0.022136773283731044
0.031894350869368586
0.07550267022625676
0.052238136252597274
-0.10531005892481694
-0.09644673782388308
-0.05290913701743999
-0.031017286295160516
-0.011956731292671554
-0.0002652993031192641
0.010927707810968306
0.02011662272987817
0.03767665451137655
0.0497048712648261
0.1595729825748973
0.4204334808632551
-0.23139308068057443
-0.1551293805755851
-0.08211285642010169
-0.03671059248020292
-0.015779058815292308
0.000701237741590967
0.011873726346950938
0.02926629160679714
0.047733480453792644
0.10142000401889589
0.23434506061698576
-0.8196206867647287
-0.396725130796075
-0.15091392120879465
-0.07411476097948366
-0.03901273583974329
-0.013286907943395482
-0.0014058625770966445
0.015901394063530725
0.031282352823721174
0.0642939354153939
0.10689354149907801
0.15288059526333145
0.07952035526194508
-0.07578718249051403
-0.07505659036210294
-0.04910936315231116
-0.02427259551173643
-0.009907611248310624
0.002939670766903187
0.012996501136163014
0.0313350306971124
0.05166313253422727
0.09829327264998453
0.0844745983843583
0.05378095646546414
-0.01863581202742575
-0.034628950017195834
-0.02242371010615529
-0.01560734491293104
-0.0051821006060198795
0.002289662045486012
0.01365652148160984
0.023778534093478895
0.042791656288710345
0.06058405353404693
0.0378043383557086
0.02881414771554942
-0.0030415492106427447
-0.009390772406247881
-0.011332394430654978
-0.0074224864278530055
-0.0017681404770929989
0.004436050778778284
0.010118927042912134
0.01994724461537929
0.027103278347880348
0.03876068291482511
0.02379515550610293
0.014396827137959856
0.0031001917446547424
-0.004363034272161143
-0.004969080708770244
-0.004857716017004935
-0.00044038299585940277
0.0030524336827541035
0.009803250955328082
0.013922540030036255
0.02006497770559744
0.02314884533625033
0.046608294663608
0.1080073099501184
0.2774919805611565
-0.6208713839548812
0.31413412166984944
0.039048755080313066
0.002078510294083156
0.0010087693084018803
0.002486094759945145
0.007874619116445577
0.014404225875976154
0.024495170345175794
0.04663901425754661
0.08232293764743183
0.11671875636537414
0.03613546619484556
0.047516393979235086
0.024799614929482763
0.0113495110377493
0.006408423621077739
0.005886660931153677
0.011018775985077316
0.015597502621179746
0.027112776790406398
0.03622067460632108
0.053932028237842274
0.058745059403492214
0.024939095887730293
0.025245642471241846
0.01867421852696604
0.012117879050348859
0.007627853033266915
0.0062433434763984035
0.009494122460570523
0.01401935969463791
0.02116706054365579
0.021517817068204086
0.03093794804902143
0.029310150463873003
0.022763308841704955
0.012633412411252553
0.013407407566213187
0.00804436435704484
0.0080093986401366
0.007065108279058815
0.00905445971963142
0.010573331542936703
0.016664722696804447
0.01417262982898287
0.01545550989900346
0.0182480349562219
0.010826987087057025
0.008632141067915142
0.006366345189332801
0.005664719564190635
0.004698959239582335
0.00513435918761202
0.0076487060228114
0.008352291687874828
0.010459206827271115
0.006320509047868103
0.009626859370390784
0.006328042175928033
0.004516116499011291
0.0019861796947793784
0.0031622436357450143
0.0009961077260896263
0.0030339487623648404
0.0025325321441488197
0.0059822277328379775
0.00586847404515796
0.00555260467307444
0.002328666521416087
0.00031418899523188396
0.0001534748764695102
-0.0028057021071841415
-0.002417270153441271
-0.003370110070559294
-0.0012385878184181154
-0.0008473525923829592
0.002082273159726883
0.00242623163965906
0.0035669113583880682
0.0024292395150692365
-0.0006482573417254359
-0.0031425498721760906
-0.00876608314178479
-0.00891422770724768
-0.012943514495638343
-0.00980088371317523
-0.00647162455453436
-0.0035531907169024626
-0.0016838751780608482
0.0012481950466217496
0.0008201149135762032
0.0013844001475029244
-0.00012116290044819752
-0.009296623473574678
-0.015146345280723799
-0.02592357946709368
-0.021905350965041037
-0.019890257013996437
-0.011811217883760446
-0.0058378204705090515
-0.0019282643101819871
-0.000606514931752528
0.001016856118178596
-0.0002462096172278175
-0.0002902408161653654
-0.008374268166128365
-0.03402161369203961
-0.05033817817365677
-0.05193910291830195
-0.03028422793702722
-0.020154255765408788
-0.009216591133209455
-0.003752874763636663
-0.00012193078544084558
0.0021090196004265355
0.001725760947306523
0.008150880904143726
-0.012969959626159827
-0.05586993422108573
-0.12789458794234113
-0.13571911506255144
-0.056711106884187686
-0.02171994428749661
-0.010598054398257393
-0.0026572455764720033
0.001355858933526784
0.004887301725241313
0.006412102082594092
0.022575371250129355
0.0029126961992046664
-0.03916854879047583
-0.2849199446398376
-0.19545245265048772
-0.07918143192792125
-0.025991953293995777
-0.008232693059503011
-0.0026718002668248315
0.004843655880207351
0.007938582220975515
0.015741045159130256
