0.0007720790039354739
-0.00141784560017099
-7.805038282291603e-5
0.00110214497488457
-7.704946020928365e-5
7.020256930018241e-5
-0.0014568661272015215
0.00028090315056820964
-0.001774089335327138
-0.0004128135104716779
-0.002083465714224839
0.001956751841982163
0.0018593162165197637
0.0015588222511878633
0.0001222658128386643
0.0007602993346237637
-0.004855726280537638
-0.007421173986447393
-0.008130654267973372
-0.01087412062058465
-0.01386437658202135
-0.020155725537925766
-0.02147213026253163
-0.02770882095199096
-0.02739326363184845
-0.02146901305844274
-0.013741199705986884
-0.009918692330553595
-0.004663796716123767
-0.005355169300068848
-0.0047986728377185
-0.005708385888653267
-0.007736669763164287
-0.008168699344962898
-0.010983169834848108
-0.014696363501481804
-0.016677420885406385
-0.015976141898308177
-0.014450005284278011
-0.010509016087055189
-0.008714149994759576
-0.006076098699190769
-0.004119350713446116
-0.002417654452009464
-0.004660132581405326
-0.006486802752652573
-0.006150171004686143
-0.007044192907774289
-0.007999911735422178
-0.009415751740742814
-0.010631526220172657
-0.011171723971381668
-0.007680272618647156
-0.006695631667608334
-0.0023640148446500446
-0.0039606172211578295
-0.002781614328100316
-0.003251297970487178
-0.0052725218312357
-0.005952855868563113
-0.00763570731745124
-0.005656109082461803
-0.0074535360246533395
-0.006619383670634993
-0.007292065344408797
-0.005785123738486952
-0.004061667337165178
-0.003578205213300717
-0.0027353366947016895
-0.0010366019902169413
-0.0024655264839240146
-0.00251194228303885
-0.0042148450149916365
-0.005908444644930387
-0.005565205933203354
-0.006776153167485136
-0.006207110501969512
-0.006004240836068709
-0.0019644252418112634
-0.0029153195897554628
0.0006033249136447613
-8.019542664020979e-5
0.0011045308173755165
0.0007930562028203778
0.0013955067793187618
-0.002602491938099966
-0.003814421968628257
-0.0040152839005915
-0.005062264739778426
-0.004891982479248713
-0.005025503869959056
-0.0021869626827769892
-0.000298531261737219
0.00122103395739081
0.0015291789979148388
0.0066161131666043205
0.0019489245450891248
0.004507174586626548
0.00140818686409503
-0.00028428057566190674
-6.627821849070124e-5
-0.002256463605265898
-0.0035502050676294783
-0.006442645187918849
-0.0037880767242302986
-0.0026477253124972985
0.00560109919528258
0.005823039449110961
0.015194234523389074
0.01153046253359261
0.010604878455506686
0.005239034130957845
0.005285813892594913
0.0006397536255178355
-0.00033695706498274995
-0.0014867401921189692
-0.004148563510712406
-0.004670684573671679
-0.004351959782120935
0.003207726689948095
0.00687631914621273
0.022630995335076568
0.027278340269496576
0.03309354241357278
0.01941383147938345
0.015330111638949144
0.0068338103776175285
0.00245424513208905
9.561428410354521e-5
-0.003195990321161728
-0.0032974843968571125
-0.004708711897901639
-0.002139796542678555
-0.0012777085539352688
0.015390178604908038
0.029533610409355003
0.08860236339442946
0.05090401946880632
0.04103081030546534
0.017858149464167337
0.01162023384431308
0.0021352418850764778
-0.0008178611307529255
-0.0016268682555223516
-0.005514055995736363
-0.005494521561305133
-0.00944110487089691
-0.000964281678438072
0.008860705483732922
0.11063733352175181
0.19017827856368738
0.13205484675963203
0.05693187711389116
0.03132389877223987
0.010289364779360186
0.005528812127179565
0.0017447663837406764
-0.002289642587028189
-0.005076865478864057
-0.009094424033569273
-0.010515138906796465
-0.013175749078175097
0.02564520496844647
0.5129897937025663
0.418719629650632
0.20306166301614575
0.07279930428276521
0.0170215502070119
0.009288529032464826
0.003029816392664964
-0.0018736281978311154
-0.003894739680955788
-0.005727534229669406
-0.008434766334658129
-0.014245010244600037
-0.017835410286901613
-0.033005956888142216
-0.07000286048392869
-1.0486046898037649
0.05075755122035023
0.01488385445181488
0.01172464095147882
0.0010732639093102522
0.0005817035077720961
-0.002931004294841476
-0.006433543192061488
-0.006731022583736313
-0.009590276307065212
-0.01626962976767329
-0.025983350067492614
-0.027907944513204035
-0.061593021451116135
-0.07885345103740297
-0.023934089795966312
-0.005994786886277132
-0.006116198315633813
-0.0022672376269957696
-0.004070247057315039
-0.0046912894957107975
-0.0061729339140994465
-0.009972607114373129
-0.00875476018680132
-0.016931927572374925
-0.021323978343887804
-0.03091121154413116
-0.04005576778049981
-0.04880016548486487
-0.027337647126289534
-0.01703423695151635
-0.008194503648410024
-0.005377903159974427
-0.004301470677951385
0.0005531038772718799
0.0016560179206937305
0.002598256374362739
0.002474744944510818
0.0016627710797854245
0.0018741689527254715
-0.0008604179475189291
0.00042250212072673346
0.00024566333722388854
0.003023252462859882
0.000865775439145739
0.00618758933430641
0.003452108175512244
0.003975096877554503
0.0017580125729004603
0.0016606030217862847
0.0031378588056489016
0.001523946627103942
0.0023523940411774294
0.0002385968212384633
0.0009300931584400192
-0.0018014348944085069
0.0022642589977228417
-0.00020580852778921785
0.0033230637044933953
0.004437947972239243
0.00427975006343418
0.0016292763531777113
0.0011183240748072858
0.002084391696997906
0.002025575460758042
0.0030904867836786653
0.001098672190396497
0.0011051541673705294
-0.0003987114118430746
-7.02780909497473e-5
-0.0009509558389262107
0.002910763975746072
0.003028770656127261
0.006840434122892735
0.005509992625263918
0.004191927408460873
0.005635262063229837
0.002600232000105866
0.004243652308674166
0.0023410149651888496
0.001448946770574611
-0.0039463953398306655
-0.0017526713778205922
-0.008733760101475418
-0.004215043717665215
0.0002533731066058321
0.008715383351288374
0.008377028618283544
0.012576038115839227
0.007836990824787006
0.004889085060510946
0.0040386734547304005
0.0023041895460882275
0.002547613082253819
-0.002460629853147376
-0.005900309910554748
-0.015888055716944106
-0.014279417759204943
-0.024338812341994122
0.006628039580978162
0.009675633827524318
0.017453304577154185
0.012210951334487182
0.012944672870044124
0.008363216109673256
0.0037821801397325177
0.0046291406646245415
0.001646356356187878
-0.004231447627422167
-0.01734543853288471
-0.0219618031483009
-0.05021071609801978
-0.03702113990970405
0.025070083372889133
0.035693644625963986
0.022506210300007518
0.021967766590679266
0.0106050370699237
0.006978879236772546
0.006622479043453918
0.002794397293147845
0.0006145045642009699
-0.012926036269328553
-0.018669919122585883
-0.05248631699157631
-0.06713015421741209
-0.18050006572289326
0.2865615974028098
0.047480885502821556
0.054359856598129294
0.02718959280386246
0.01934539134126041
0.011276813217223017
0.007564535885611512
0.004690906239369223
-0.004397341806567774
-0.010553814484181575
-0.033201749576163314
-0.050193074664214486
-0.1739157591200431
-1.7926670315268494
1.663996628999159
0.15707444586920535
0.05808581914244484
0.038544387989611864
0.018634409055923007
0.010103838514695387
0.008437756000856675
0.002321304856175386
-0.0024487095785519705
-0.012648552307124906
-0.02102825180658267
-0.053273556412319706
-0.0641395773061347
-0.20825691080801836
0.08250275335731777
0.05157140549396903
0.05204377596543106
0.028042224871227914
0.020253307715112086
0.009892853313114826
0.006155199532692944
0.004028740112897241
-0.0020892543023927294
-0.006182954927725045
-0.019730156981653656
-0.021545412216711315
-0.05446744023761857
-0.05055119983647907
-0.029297320614784808
0.03467841815368102
0.02264934006809971
0.0234338703714074
0.01266606100157466
0.005859544196659327
0.006480342761513195
0.004242477546511988
0.002099242688215732
-0.004966383769446241
-0.008726214059374706
-0.018781695104735475
-0.017233573860986652
-0.031280029593868566
-0.0033185262051546303
0.006522128717220653
0.016945446940326972
0.011933585348083623
0.011035277316368042
0.00459988257009162
0.003542358063621181
0.005236222188457111
-0.0005101606093069796
-0.0016856682747834893
-0.007636640446334237
-0.005013518184334752
-0.012080835227471177
-0.00707683224554504
-0.005328677615899469
0.007282513341207875
0.006078491223036185
0.008082032555593628
0.0044512012066270775
0.0018664093979462418
0.001954764376702237
0.0012730117274945482
0.003066141317515859
-0.000622296952032129
-0.0006060784203491118
-0.0034682018506135043
-0.00011744740116932504
-0.002730536507180386
0.0025860448024029948
0.0023793745989910188
0.0072747177809065295
0.004767580996411132
0.0051564533738039965
0.00301432537255842
0.0014365851466875646
0.0027348690122221764
0.003330637275303248
0.0017195915345914567
-0.000480441970772913
0.0007900331938264812
-0.0016476092264856078
0.0013306127263736623
0.0011781440918310722
0.0028585046046854952
0.00584246891160336
0.005925563362046604
0.004197151998164268
-0.00789911979419016
-0.01582467462609189
-0.023072371740857057
-0.03463775318936417
-0.04495053137216856
-0.05323607307990751
-0.04140848773429959
0.02650751588777656
0.04160151974567995
0.032270519158905324
0.02187821927346885
0.011327661156892729
0.0031062168180770833
-0.002706513499810279
-0.009913689440155141
-0.01664092066665705
-0.030496985310620374
-0.048583360739828704
-0.07735187890399901
-0.1254573783441768
-0.136180050243722
0.12895274574969923
0.10355823471654617
0.06639378831592906
0.03602677559285111
0.017507667836898597
0.004919760462213396
-0.0032873105548264976
-0.008690657938938992
-0.01953841358679324
-0.0377787774377605
-0.06404182514106167
-0.11703641633134104
-0.2389340532764907
-0.46349769715843353
0.4302863519128317
0.18182690373224752
0.10306434826235723
0.05280202516094269
0.02477072762852834
0.00685714685634207
-0.0026233780323588712
-0.011616787157442344
-0.024656465577966302
-0.039061187146003706
-0.06679780430289131
-0.1141464008778153
-0.24837288652878028
1.0895689202758925
0.5055084029563456
0.19947342606870608
0.0969980293120732
0.050711522934479954
0.023946792643976023
0.007732147277675204
-0.0013447076963508547
-0.010436100229102461
-0.022143920040798036
-0.033958063066182737
-0.05267744170651626
-0.08000808296826734
-0.1219718151400495
-0.16071172325537766
0.08938574250852205
0.08682811847602896
0.0598732041912839
0.03598197781396666
0.0176185666613579
0.005189550673593877
-0.0028146451210536213
-0.011538755641388065
-0.019208252471330053
-0.026662539347684384
-0.03923098480664244
-0.050831244051882746
-0.06700329839333476
-0.04739070761006415
0.016594719383435985
0.037129435329463126
0.030595614964528665
0.0208082358431752
0.010200405584672206
0.0011729760557834242
-0.004488517471864328
-0.007784218094972868
-0.01408506184961759
-0.020671510737036856
-0.027972979360907656
-0.03261389449866607
-0.03576665604440425
-0.021145572502452855
-0.00032573112922647924
0.01292522837793007
0.012687573336251633
0.010212555992693868
0.005422716757720395
0.0018079904802792888
-0.003208889856324203
-0.007588311219291119
-0.013307112804762378
-0.016285843412698786
-0.020650440737659585
-0.02086245154094485
-0.019554434793215402
-0.01450797467356547
-0.0033132245616081654
0.002377673924946624
0.004442430925135272
0.0020400532033495998
0.00036729433298715044
-0.0025531904270572475
-0.00609500684716735
-0.007766396754783042
-0.010688155048267287
-0.014341345750352643
-0.015851428007371084
-0.01494847956618703
-0.014380911437601512
-0.009530681063157556
-0.00576289402152509
-0.0006327733025008944
0.0018913283422229766
0.0015713783304239278
-0.0004931888187243529
-0.005178811624824123
-0.007780733116762598
-0.009070461876135413
-0.00943254916891798
-0.012435344202334052
-0.013374021685302929
-0.014426017344290646
-0.010857945994062335
-0.008664920594783469
-0.004614360911729918
-0.004180573243263124
0.0008656642646384927
-0.0007214633193294712
-0.0007762238177075754
-0.0051585252678930885
-0.006653172773179539
-0.0074345213138310735
-0.010996813243952859
-0.012392843943853891
-0.013064021078353489
-0.013648758771145108
-0.011855089870571035
-0.0077370931073733025
-0.005855772613514211
-0.004735119106838116
-0.0010887112694419896
-0.001458724023772855
-0.0014093307851993889
-0.0052716215320796865
-0.006979403994179659
-0.009006333005546024
-0.010896629278427848
-0.012445863801207047
-0.013857604350942392
-0.01349793337748304
-0.011062580749789549
-0.008954976478039422
-0.005463825166446302
-0.0004421601295615366
0.0012864732693028103
-0.0016114112635325075
-0.002195803329312563
-0.004844928889636062
-0.006680657247020623
-0.00810772842634321
-0.008996495753691883
-0.013815304038051623
-0.017694734903411533
-0.016290325529895747
-0.01573644631178515
-0.00900459823787135
-0.0009094106615499563
0.004473457881066289
0.005741825487721556
0.004678023680479838
0.0014698895060104434
-0.0033458169307872556
-0.006376087006081373
-0.008978781142254257
-0.012837162534023151
-0.018446890586458365
-0.0238667275308002
-0.02593695106233067
-0.025460218407402656
-0.018348064323293063
0.006847954914588674
0.014473011977274934
0.016241612811007763
0.012898738402797056
0.00612068721382672
9.521663562154413e-5
-0.0035998847572593557
0.00046293735522136915
0.0032952420783121782
0.001537004517201814
0.0013514206522900762
-0.0007714343372989556
0.00020206705827768086
-0.004026194647980185
-0.0026985849612466742
-0.01298120623468137
0.09161017654057173
1.459945985642918
-0.550359157723136
-0.02755717562890669
0.0010241786426222728
0.012545246286721518
0.004813871722860608
0.0035431959791382087
0.0015303148867019346
0.00189601758870336
-0.0006039073533549936
0.0011529957094386896
-0.0019856143860707024
0.0006755382324833451
-0.08048239258917875
-1.804510386951843
0.13235167541563106
0.04760585317592956
0.017811752026715092
0.0131750112878202
0.008654501899057823
0.005027989525980222
0.0034733718927839547
0.0018851745291142458
0.0019903189790143497
0.0014209387206237164
0.006294065133469294
0.004099077620284004
0.02892523481565755
0.07413319067254269
0.09192847058883936
0.04193259379815822
0.028645469523760476
0.01426016054131575
0.00766293707793881
0.007844461875428362
0.004755852963115812
0.003846292998802903
0.002574041603933033
0.005251236601814886
0.004883022971318976
0.01317219209307217
0.01665865512003047
0.048336094344558475
0.04621823987847915
0.03585018473609094
0.019316838825069287
0.010509130299469288
0.009234581690500702
0.006623596090477512
0.005367568650438671
0.003839034049748257
0.005072908157876417
0.005454984080135041
0.008305161269958478
0.00827688203257952
0.016578618092285113
0.02293747634004162
0.028978795008597114
0.01922647354096209
0.01644300980096074
0.009640035353238114
0.007193988789641078
0.006584497901620536
0.005222846234822104
0.006052732997046272
0.0028875593443785912
0.005012666882801441
0.004471397224632449
0.008629417393950315
0.009042831839891291
0.015009848959053159
0.014472807949256226
0.0157768645297119
0.010838051927563735
0.005546064114775449
0.005213474502571525
0.004557612551751893
0.004874383878949593
0.004215863839351343
0.004240830517548593
0.003517240945723199
0.004775907692060613
0.005437532129634788
0.008256084842517303
0.008208504821882694
0.010026938705536035
0.00898889682289862
0.007047154750689504
0.005548024955350852
0.004306284425540785
0.005288071274173235
0.004012131589259481
0.004352866767461653
0.0035699568124543646
0.003708413841130038
0.0019738878189283684
0.004570767366028194
0.004334046392251097
0.005682766805046635
0.004935084683186443
0.005428115460686803
0.003254750988587011
0.0025137415513480374
0.003927258257929273
0.002244553106772268
0.0027772642680903674
0.0023298572989154504
0.001587644879519132
0.0014498096242986564
0.00171910463292897
0.0006934958192966384
0.0026652307051683722
0.0008106715331580194
0.002408890806703329
0.0023170061211516646
0.0029405522530522666
0.0014150468603388315
0.0010155943914479575
0.0011616064393175328
0.002036051431997674
0.0018618804342948492
-0.00011764132603362166
0.0009770414488176722
-0.000856226833203122
0.00013111108877894437
-0.0018340615661489607
0.00010864817749999477
-0.0017313450003360086
0.000528538183591602
-0.0009449546170711675
-0.0017059220587603992
-0.0005096365257621598
-0.0010060970222574364
0.0014313346102622078
-0.0009042293157645187
0.00024037508903182635
-0.0007971480685415802
-0.0005580430000302786
-0.0035283192499259166
-0.0026788164228777915
-0.004245938016163205
-0.002702904654779138
-0.00421062729700175
-0.0018077038457235068
-0.0004457963073373631
-0.002014390256709824
0.0011592149370980122
0.0011418066304894141
-4.665195933788245e-5
-0.0016122900557929126
-0.0014793221140995075
-0.003941637460734276
-0.0020877627175749035
-0.01032429942905969
-0.005197839203851479
-0.009628084292625606
-0.0054980716978002345
-0.006079758545065383
-0.0035474490679705145
0.0010288513851706169
0.00012217244735008822
0.0016904285682159664
-0.0023725596527390046
-0.001076972590789659
-0.0031855144750948202
-0.0019229622335962433
-0.010509371497181197
-0.008925699270961072
-0.017526176658542
-0.015671023750767787
-0.017896193208147036
-0.005683317527381849
-0.0006387594266513215
0.00038847608685258454
0.0032337926098674414
0.0016043640845979296
-0.00017604575507873944
-0.001884584617587133
-0.0013600961139509078
-0.007635619754278596
-0.01040254561575729
-0.009601464678243243
0.007150056403295857
-0.07978043623195649
-0.02250973324945648
-0.014559889633848388
0.026136094288471662
0.01587951445958156
0.011873289345821804
0.011586622368456981
0.009270797535722063
0.013076457807280489
0.013069021266231797
0.02010234569183852
0.027673784714209514
0.042043710364338974
0.05956374628420136
0.0729461254087156
0.057084237488767904
0.04179088049037742
0.019106283704278845
0.013519414858608666
0.009312308814974702
0.007083942966228854
0.00625426069207133
0.012281912922802637
0.011405221276131323
0.01538749814659918
0.021277100293499124
0.027809366779489548
0.036946996363138924
0.037142451921385544
0.03593326121164036
0.02432327078050893
0.010797432976274855
0.009458928847467976
0.007525275058002229
0.0069474388016218715
0.005795043389840026
0.009030189672297816
0.006922995310465315
0.011501590073144795
0.013430073007023946
0.016205747003332927
0.021076390960179988
0.020685988352863595
0.019089186193546156
0.015431763234668973
0.004791759140989607
0.0032466946148617315
0.00376388707314043
0.0045067033918095595
0.0034466896990938372
0.005313484576853871
0.005288208371725275
0.008143744396251826
0.008141928929218228
0.010200389107074877
0.010878205458551166
0.009322891545458175
0.007864201142667476
0.005083862361162546
-0.0009318465475931807
0.0021887105670809997
0.002600276488235381
0.003856488868617598
0.0027543734941450886
0.0029880467927887056
0.003264627788156441
0.004966331517628519
0.0035873811473804067
0.0037606252501450063
0.0018039262408376675
0.00011137381812257902
0.00012853901480017053
-0.0011700874687156336
-0.00428994453587171
-0.002990978587471968
-0.0013324502738971925
-0.001127516521468783
0.001682399115337761
0.000783105683951283
0.0006333293372628474
0.001618298004078032
-0.000687608720903429
-0.004492761164249901
-0.007018259315597862
-0.008590013076799387
-0.00869697964310476
-0.007133316354271998
-0.01120215639792946
-0.0053618372538678785
-0.003111862013032558
-0.0022462538569809143
-0.0012067961543937604
-0.00015240871722521307
-0.0005043285910195325
-0.0011030272700930923
-0.008572680674580741
-0.012651728187202662
-0.01910908215344758
-0.023161858555785536
-0.021533601269866316
-0.016054679253476013
-0.019269106932373496
-0.012262578696985445
-0.005310097305635237
-0.0022897180985555895
-0.0006150218068690057
-0.0009231036897134752
-0.0034904244564278276
-0.004917091135192717
-0.014377405955788517
-0.022419753960474305
-0.037624489908029225
-0.0475287798118685
-0.04445042265171667
-0.029244106883878285
-0.02604700905326047
-0.014293449400361969
-0.006998889230349017
-0.002642318778183844
-0.0017890935459867236
-0.0010542666911432974
-0.0032501536502422858
-0.005274877669772978
-0.016941624764371038
-0.03445964712673478
-0.06644651140902488
-0.09288082731583393
-0.08295450776643201
-0.050190368810779776
-0.03089279202960573
-0.013212717355334856
-0.005964022215264658
-0.0019836858085451052
-0.0009506871223937865
-0.0010103454298996564
-0.00018856702293374214
-0.0033334538370285494
-0.015916467344028767
-0.04148044758792959
-0.12269697237994803
-0.20449681711485995
-0.14978944255077614
-0.06572343264951322
-0.014976389171853175
-0.004099995500135263
-0.00232456394482094
-0.0006964842184029843
0.0004950116789328775
-0.0003156896537354353
0.0031698136441761548
0.003458517524227784
0.0007831667274017408
-0.022958482386864792
-0.14826036530534353
-0.5842275753604984
-0.28556533623433566
-0.06616263694547679
0.028212969227769714
0.010908693036888528
0.006128109727068107
0.0026879034808687686
0.0023873976496385217
0.004574816833437643
0.008780866079478034
0.015593843659699801
0.03148925047750036
0.0707206988164805
0.38804057780103474
-1.10811507143857
0.4358799575875731
0.06793942261812322
0.037509890535386906
0.017653969700780373
0.009272776302573147
0.005611406069653093
0.004870522024088934
0.009262546508920623
0.011504337229453421
0.02370836724697509
0.04148093718565163
0.08019111943827155
0.1380690562443226
0.31676914591501576
0.18020286703045862
0.07838446680207338
0.036602590977739824
0.01807009492225196
0.011647180224293232
0.008952308929218252
0.007471858821028933
0.011230833789010443
0.012163992791489886
0.02196637431195234
0.0349761668523145
0.05832869595970467
0.1068663511317003
0.12961096686952292
0.10681788007452576
0.06137598256001835
0.22583550174466055
0.13416562687237832
0.07159304065650002
0.04619777634382646
0.024579792148376453
0.016860195932336095
0.00896366134982752
0.0046494055619512725
-0.0034490963625970327
-0.004361222724941449
-0.0202071711342341
-0.012466816433127062
-0.02228030709599764
0.2767346011049921
0.12717650947771864
0.08148717159465546
0.05928052420337474
0.03275342626634961
0.02456002462130526
0.015190710593567275
0.01107191371629474
0.0044854572376253335
0.0027353092324755943
-0.0016714087185451584
0.0024706078745274046
0.0014892958948942805
0.03929031609655027
0.10669466142459029
0.05859405079292109
0.057259011475451455
0.03765617948249741
0.028654984152015176
0.01917217573522784
0.015468786369548213
0.011560329977869961
0.009904860991452796
0.0041396324299198565
0.005779366891163533
0.003184970978810674
0.01670058589315356
0.022695803915126374
0.06290593435796639
0.037999182655676186
0.030728573671077095
0.027425777265545386
0.019011356251983837
0.01693859396615994
0.012008629746205052
0.01073127621324336
0.007510443512050851
0.006121589103696271
0.006255531089495614
0.009767244331430723
0.011549265995324309
0.024114933462147815
0.02946157763302353
0.01955433142224482
0.021634120747552617
0.01735432783214687
0.017355994442925782
0.012708618280630581
0.00998290934618364
0.007629486430373015
0.008341995645011452
0.005750062754162647
0.006794119613288367
0.006565133853349956
0.013402514814955295
0.013728867817894707
0.02089774291829643
0.01340960007161173
0.010063843242153196
0.012389381914077416
0.010290369735848839
0.010657430056550787
0.006312556097073814
0.0073501938930726944
0.00607399825059169
0.0067893791475278535
0.0037679741085698444
0.0067390424739236865
0.006833594401603724
0.010369973368848836
0.010342933748264303
0.004681640900870447
0.006995981319806714
0.007327849318095035
0.008809676914742461
0.008764436932429454
0.005488059071672889
0.005132513495130751
0.00570310462068227
0.002544779559710982
0.0024688144443474397
0.0016151493077280778
0.0034166703963770433
0.0022784124982641635
0.0045829837843655765
0.000843313870097513
0.002700912438837545
0.004522036427639067
0.0037578172967248865
0.004895501658586796
0.0037144924628784914
0.006258650036391689
0.0020247127314260756
0.00028475501705435904
-0.0010204589688678125
-0.0010812762613148855
-0.0035795558219883193
-0.002136475453692027
-0.0038145509404295176
-0.008997190151942
-0.0018635615084443078
0.000749665114723204
0.0031373722523146846
0.0011851846144503083
0.004298859818168563
0.0043815362751572036
0.0027604297347445564
-0.0007071734194957009
-0.0026037891942741866
-0.00784222626304596
-0.008939083664078936
-0.013138645660830275
-0.009397510438352519
-0.018004020482383417
-0.01092341419567026
0.0007211614712793673
0.0027063577438978556
0.004794988089901306
0.004498968542069865
0.004071256682259586
-0.0005113683960097441
-0.0017718284502848203
-0.008028645176208417
-0.011557391126557692
-0.021148564730602632
-0.025351219978593114
-0.032544204898970135
-0.04762037074783304
-0.012698123219336967
-0.0009135094679272254
0.007079930641212477
0.0060830250196579234
0.006610740439258374
0.002300801887636701
-3.220582944803499e-5
-0.0060485261569907115
-0.01006983300078779
-0.02545508582167083
-0.034209523911313815
-0.06037596223481008
-0.059583242114377655
-0.08744908327682811
-0.019139847424216115
0.011969410088679753
0.011053339429797316
0.011565775145023644
0.0070605635348579806
0.004557053560817029
-0.001033146366495025
-0.004987671081594046
-0.018043982546538953
-0.030646556512036523
-0.06875827088231067
-0.09107875306173294
-0.14569280003786117
-0.29329827945791065
0.050428470039671026
0.03381577757360109
0.028098032995548396
0.014374720192957791
0.010955748169112708
0.0036229793348988735
0.000136942923402673
-0.009298871414895372
-0.017580710952877145
-0.049073196888009145
-0.0859028892459391
-0.18461261921541633
-0.2940398438359524
0.3989836033150716
0.13637680146907266
0.0789831572759145
0.03858349003974152
0.02422358172196098
0.012693453283767924
0.008490672809388665
-0.0003559980482145971
-0.006371234993062889
-0.021190570966533696
-0.03358507532168456
-0.0989159774680535
-0.35815814328866896
-0.7820047041901168
0.02348553921363461
0.024233083864673263
0.020438487339469083
0.013353310955678231
0.005222167498965375
0.0005458118428188402
0.0011264036078752556
-0.0021497556133587624
-0.0008363216069562928
0.001646334969677731
0.002860642934741786
0.005230620949336582
0.010409770846417189
0.013101823461816011
0.04156882651295464
0.054123373872470626
0.042178427534972134
0.019760821368762064
0.004189523613329552
-0.0009749348540562532
-0.003033664102858262
-0.000886935203896023
0.0008491279336930338
0.004221581954016361
0.0035487486549539626
0.007254509156659294
0.015209640279549356
0.03025708790254459
0.0789745331620285
0.11697156273995021
0.10535211272604153
0.013030289994723719
-0.0046205679698860065
-0.007220122772346977
-0.005838632778110535
-0.004634000075051117
4.384141063882771e-5
0.0031643129817694204
0.004270218693956374
0.009668334138779587
0.024882838036876645
0.0440655788897132
0.10034343138349236
0.010900182817531601
0.6758777230668346
-0.04776523614936733
-0.03674415103511257
-0.019844228612458596
-0.01077905003841662
-0.004211764872840328
1.7535131155038806e-5
0.002163336184514692
0.005594548439453729
0.014165644891959725
0.027001864513561614
0.06340460054725079
0.17731341390131425
-1.003164001568175
0.03702107220487785
-0.11195039007376052
-0.06228307210946705
-0.029962752723526182
-0.014755756895495962
-0.0067793399273070945
-0.0024897890613894765
0.001066134946322182
0.006000717200210797
0.008938962003515826
0.022790987537963756
0.05195776831172779
0.012901593575138901
-0.08343864082753236
-0.0646298145973814
-0.07274994367393466
-0.043783462254139614
-0.025277152983126022
-0.01449794792463167
-0.007980391789678734
-0.00438979215903039
-0.001534448284254454
0.002548260983699388
0.0036801182207301833
0.010289027074470119
0.015186314963911526
-0.009081977888228602
-0.03196639015336153
-0.03849974783736449
-0.037140567211934365
-0.025863881422234208
-0.015796628518332485
-0.01003431236140297
-0.005890663763186314
-0.0037892994714966953
-0.0021574593102470893
0.00037933626581600633
0.0004460915272455443
0.0028582903530828077
-0.001261243980240899
-0.007329607629724431
-0.01815851258724686
-0.017910766142628348
-0.018955738471897087
-0.013358622689637247
-0.0089102201990815
-0.006256307788739119
-0.003766571172587708
-0.0034575611061492366
-0.0036172064550682908
-0.0018916012110140575
-0.0019051248146268037
-0.0023249385850862333
-0.004362508838572817
-0.005663608869410816
-0.009703985479337538
-0.012397028563284541
-0.01207362706967669
-0.007861211902265472
-0.006355293973730454
-0.004429638258544958
-0.0029601568462750308
-0.0024492183526891743
-0.0034594183270833163
-0.0008333122285584941
-0.0023159914599685076
-0.00295330194112774
-0.004870086289494973
-0.00224728768882796
-0.005066400108731535
-0.004939488269828907
-0.006539648929761619
-0.004188686620411136
-0.004374266190913339
-0.003435975789570162
-0.0014965461929644752
-0.0013220009595561247
-0.002101755411009571
-0.0014753993285572743
0.00018982992262259738
-0.0009974727349090116
-0.0034493006166171304
-0.0018016445442130104
-0.0023137962786912766
-0.002068774969753645
-0.0012611750637521147
-0.0025360952779558375
-0.002686111461584142
-0.001760379742262725
-0.0005496824415158609
-0.00040189604598071674
-0.00024518372447722105
-0.0012420956240015235
-0.00011229970103368672
0.00018725661939942954
-0.0029257449504108855
0.001054296927604658
0.0023283276798269047
-1.5347213867517961e-6
0.0005799096181312543
-0.0007338946905960245
-0.0008109624912521671
-0.0024244808697246574
0.0011060817446733884
0.0003558593076049306
-0.0007319468959232321
0.0016171003758104411
0.0010865353169721157
0.0009328550406584969
0.0010270439370817933
0.006188921145562051
0.005200818492189162
0.004241087552576968
0.0006558337114859972
0.0007910240016113427
0.0003589750321809506
0.002449200555858496
0.001727125011848304
-0.001037951622277956
0.0007759987197758912
0.0031617841286450173
0.0020212463342184793
0.0024107512329540393
0.00316329963492137
0.010087290158428599
0.011345896828265962
0.008817704496928529
0.00652199127846562
0.002451506890533318
0.0019338124510578623
0.002143315960676531
0.0011042640790034884
1.8679634606978866e-5
0.0015361224445904363
0.0007910951896130518
0.001650506962253917
0.005091432725879065
0.008208257043454497
0.004911204069504535
0.0021810772533313403
-0.0015058520830325372
-0.0020258823185189518
-0.0025541875551019335
-0.008955948699668165
-0.008484313745211887
-0.016886619743663477
-0.010045497627812521
-0.011840241625278265
-0.002195663513872436
-0.002504375934061786
0.0003776351370312121
0.0012997961930177678
0.0032285105714426124
0.00450595545925184
-0.0003094735909831323
0.001977800403380693
-0.00219651015251703
-0.0016520690878908196
-0.004140369383854012
-0.002866224468822279
-0.004228614035085894
-0.001503541429034754
-0.0012038597007812423
0.003322130157249764
0.0007338377128279978
0.001517978708701454
0.005652344175568531
0.0049181231395055945
0.004197191919046625
0.003097907561117274
0.0013562648565098305
-0.0006487068751178516
-0.0012200937266785214
-0.0015852976530627808
0.0017345350945568707
0.0035523011567641745
0.005263972310656458
0.0027596996753541402
0.005614811614249303
0.0031795683967053936
0.0018970414158316095
0.003967717001171781
0.003964134442305432
0.003878882391066077
0.00085103129964068
0.001966925782457702
0.0008651959186905266
0.005744633573964759
0.003717142475880601
0.00438879955969743
0.004686846446297992
0.0065562138365427725
0.002449598493435153
0.002996113745557024
0.005165665913721451
0.0018576199423601997
0.005134194590396039
0.00417197862006141
0.004782530271721293
0.0025479692347908965
0.008705780863359372
0.008404701158655192
0.011528028925159202
0.007385204006287113
0.008432381730734592
0.00568424629535776
0.007117840294270516
0.0054208372799773585
0.003962343300674823
0.005117488501697193
0.0024438289538658443
0.003536365500243389
0.0026939477695346738
0.011091279145001945
0.010262407567317246
0.017425935293783477
0.01992291432003987
0.01855286912760777
0.011773964385090548
0.01045480417499732
0.005631594673225831
0.00422085682974857
0.004234792213339013
0.003193712881450492
0.00390710536362359
0.006101728459300297
0.008217044149333151
0.012366231136397635
0.02238698738281861
0.027776974709348486
0.04075250424813921
0.03415596011102227
0.02423991995553825
0.01335316453899385
0.013383456408134431
0.004363623177451689
0.004801837192603442
0.006009180506411232
0.002216086228833588
0.006568044067604291
0.003408415690098493
0.019856254705489785
0.02527394818533666
0.05455717135385716
0.06644207473328521
0.06829450709545284
0.03389964794143922
0.02200849636226964
0.011597753798141463
0.010321992745371588
0.007123115070269059
0.004212258126257876
0.0058823087911244205
0.0031507392272856153
0.008319580354076855
0.012127481943791835
0.03920780104068099
0.09479794990281412
0.16282955442498123
0.08280261574345844
0.04167925417417483
0.01869741684547902
0.01484510313476604
0.006744378753667648
0.005246526964097366
0.0062271692192612344
0.0046737023511047165
0.0038662619390661956
-0.002841095807232323
0.006479683486662484
0.006967129422140471
0.11045306490622357
0.5501534162044277
0.31230870212381323
0.03063646713253885
0.010651058176199086
0.0023317726013387247
0.008341658401323667
0.004694057203336512
0.0038419466320635024
0.003633006561586584
-0.004200906592828969
-0.0039223819244951635
-0.02392405892510272
-0.040617529435710766
-0.2768539243873723
-0.8585084269420545
-0.09700684099502953
-0.02974906721084038
-0.022243736782923716
-0.0002606196360567497
-0.00041334073714934617
0.004300838463155054
0.004539287275301073
-0.0018165246352316786
-0.0018280757738035893
-0.013089515851420324
-0.016306623043781325
-0.05191797224930353
-0.0693395180173022
-0.21940937775524952
-0.0664539989636278
-0.03610204729440708
-0.0069547682196566835
-0.0026087818823280476
0.002662917725040516
0.002757106156054082
0.001020458102008175
-0.0011501003923679604
-0.0034629126124029828
-0.0042205993353190314
-0.018016256383807848
-0.022578571195270295
-0.061358311539677746
-0.05699253804978238
-0.04572810042338443
-0.019026825686484547
-0.011205255162864266
0.0010152662762039613
-0.0011826621342558865
-0.0008075251160329121
0.0004085437246453929
-0.0035622189724800798
0.0006208295765373495
-0.005837970012601702
-0.006294429608326291
-0.021482898021838573
-0.025575644830120495
-0.032518261195136844
-0.01393130441063066
-0.013501778526719806
-0.0007254367386913645
0.0004959931823950701
0.0014045398395084276
-0.10541666710128082
-0.45661620639574746
-0.9964246572608407
0.13119841149555045
0.05064168590117097
0.04115798501674747
0.02789414431726307
0.022863655226818904
0.01621214477220508
0.01630390551905135
0.007958298738023152
0.0028569653952731948
-0.01798045501338849
-0.027867799154738915
-0.1259136077622713
0.007649805185257871
-0.3822690159633562
-0.01361611195669769
0.024583574189353363
0.0210724985070992
0.022789013333447107
0.01699908129703153
0.017356352727891742
0.011603731622629669
0.006712255280022826
-0.0069055414537285646
-0.01636233583008282
-0.06453514532105284
-0.09566006104297024
-0.15539618146600093
-0.13543002101352522
-0.02079316530924555
-0.0019116638001374592
0.01540242374462847
0.01458390674616886
0.015754818278231303
0.012682631259690814
0.011323710406511828
0.0038030098566018203
-0.0005758616695231732
-0.022786710752122415
-0.03416543936091805
-0.03666468600526362
-0.07713044292410628
-0.05038483026627365
-0.025121573589352016
0.004273855780038985
0.007429580898990001
0.013505427138986273
0.008926024964536323
0.010113139025702338
0.008192204151020942
0.005809890211036563
-0.002432441203966228
-0.009145637722577551
-0.03045948204981739
-0.02439289605705761
-0.025049129297163533
-0.026250459487562005
-0.006915489985480845
0.00010531137991432875
0.009633461176076321
0.008203417976533145
0.010432652642936347
0.009404577431105138
0.0106247503036298
0.003958373447028495
0.004057668284028424
-0.006468178475296127
-0.009249534952048352
-0.002507681733641452
-0.010475424625731594
-0.0032636103183775276
-0.0019038218027761047
0.007697855157429522
0.009413500248487316
0.009851900269394866
0.00933426238266429
0.009399553074823035
0.0067654756381180375
0.00762106721618914
0.004447248958110648
0.003297784941282777
-0.003404908634569124
-0.0002477386454792431
0.0037034446579498233
0.0025133183465198285
0.009430856960883803
0.010004228547446961
0.01538835705446734
0.014150503186326843
0.012900967418313612
0.010609126950349252
0.01050582384332854
0.008404964776329538
0.008398661782937935
0.003829366505538963
0.004381979639565338
0.007670442482154884
0.008601912582630896
0.011932434385445662
0.011757958608980008
0.015533624273024906
0.015037887624544496
0.015614527380046917
0.012567791511048487
0.012354203948674088
0.010920961729388485
0.009974223963097863
0.00829909252439794
0.009127697774575923
0.006357772163079992
0.010515886538362105
0.01525862851691102
0.014781090061110832
0.016939129203388203
0.016598577601416007
0.01736911814146985
0.016484579165682887
0.015910432575197964
0.012039338884430525
0.014512162803404585
0.010164024456746546
0.010711269870548558
0.010033009116413713
0.01201715943844491
0.01622189898731712
0.017287754934046214
0.022231546595015222
0.020442902182905745
0.02384115920215072
0.020696904265540324
0.018663995666517795
0.015733792615310528
0.013643910462661845
0.014001019926385392
0.013302628821174733
0.00999889711545741
0.014502321798824554
0.01292411035737434
0.016820834128534856
0.025662964161982806
0.026420446345686157
0.031508450306498584
0.027442063469583215
0.02807275816047344
0.021696312725728334
0.019563628506539928
0.014758447140128894
0.01521940095798738
0.013263401702492137
0.0156258297362538
0.012527917760746951
0.016565863154061708
0.024126741758673548
0.029215815840772985
0.0448512777674893
0.04200947093170598
0.03978071789373622
0.029547957793014192
0.027547155381290336
0.020475121660051318
0.017502779954592443
0.015244820125314187
0.0157822990687203
0.01279061985636929
0.014374722839236609
0.009735138112762281
0.010193394094764621
0.04736117910091757
0.07719546353352853
0.08154654305978704
0.049665900888768946
0.040717193148145404
0.026815147455007682
0.02372527255987807
0.01694312928308005
0.017517155859043943
0.012297321149214946
0.010228158693574591
0.004446247515410907
0.012688688896910476
-0.002532381552724748
-0.00316796611458418
0.2317084031459984
0.12403601377766126
0.07914823046508732
0.042605928153254105
0.03209658841515902
0.020362459865118084
0.01890888895569925
0.01357713161513205
0.012445645480024083
0.004007375051496801
0.0039905470919554525
-0.010868376186597506
-0.002148327730993591
-0.002673901652864338
-0.0005234385405556873
-0.001769908090777226
-0.0018999041864727459
-0.0017197564969673744
-0.0006750350006724466
-0.0012177757247900873
-0.0003721812002366203
-0.0028553186206600775
-0.0021242990806450003
-0.0028965538582934663
0.0003421523688727112
-0.0007110235114056595
-0.003683916406268772
-0.0031937489418425303
-0.004562675163836587
-0.004780480860320054
-0.0036408997935485927
-0.0028219297221075273
-0.005062602380338689
-0.0020041214568402538
-0.0027616833359166786
-0.0031541597679728933
-0.006142642294968357
-0.003569286664233986
-0.004802079367580373
-0.0027082049425250303
-0.003777871580998493
-0.006873082501558817
-0.004337680918217813
-0.007628949635466765
-0.0048070713805030635
-0.004239874622814954
-0.004017419531607502
-0.004804252171773445
-0.004654144293136859
-0.007368708881978968
-0.007356748092598267
-0.008738358181659833
-0.0066695755408698485
-0.006766225205362106
-0.005194148112181893
-0.003994612295954158
-0.005349390896451683
-0.004199893911514498
-0.0074125608041986524
-0.004989116493519561
-0.005773779882950103
-0.0053347234319254385
-0.007388116486983508
-0.008264063992101675
-0.011337446613880817
-0.00946766355254867
-0.0110930788394003
-0.005974776207088719
-0.00281018858404029
-0.008173449576308976
-0.00413235472440174
-0.0062392988269687425
-0.006012286870021781
-0.006464878677504198
-0.006019682946837618
-0.008088121534088834
-0.009487410316666844
-0.014790323583158333
-0.012404683097870753
-0.019057016216424128
-0.009247469170096197
-0.006970479080506823
-0.010351672966021555
-0.009295736175307264
-0.010530757918263137
-0.007084785522979136
-0.009096249479468724
-0.005457968636648051
-0.00761639563325013
-0.0076931591288822475
-0.012192520058541254
-0.014986055432029098
-0.022977136473460797
-0.02537322538536086
-0.011742316941934696
0.027898158455709404
-0.026174297667840518
-0.024250052953828698
-0.009069492964009124
-0.008491855275902115
-0.005344895557669311
-0.006379906882086518
-0.007232391415209987
-0.010107608575420856
-0.011109921606822998
-0.022054340728743863
-0.03397080350168405
-0.055922059782045244
-0.00030120452577092074
0.2787574012408114
-0.05963312005618943
-0.01893589916416996
-0.01222277378665764
-0.003731886783756942
-0.005609108491508053
-0.00492861086901636
-0.008867312857187412
-0.0071410741020875804
-0.013270124211208064
-0.01579110198611923
-0.0423285411037365
-0.14936223064805482
-0.7043033965888186
0.4619870894757697
0.04761334775064009
0.0039440940263043185
0.005257171803056568
-0.0027752996848560067
-0.00205620387431758
-0.001854564426700733
-0.004447390751802757
-0.005653782368764963
-0.003485819431859305
-0.008612504161135424
0.010476611748291221
0.004729895001363551
0.219282958933391
0.1997723460989227
0.029369399870297793
0.019720918850121137
0.004395065168523962
0.002881003302768024
-0.0023193565177406796
-0.0002926152269395724
-0.0026272987295232067
-0.0035454770616725594
-0.004723022454099895
0.0037381284988180718
0.007378861315334847
0.0429096956973666
0.08417512855113261
0.09964982325859457
0.030611744052847376
0.009500215863234185
0.007800397514022413
0.0014100742459303248
0.002922422352105036
0.0009319587989908906
-0.0005697328787222804
-0.0021168214766510104
-0.00022275189036206954
0.0013181287275457233
0.012792415605094922
0.01482705658920795
0.0513472903053409
0.03993617763506076
0.010423138102091563
0.009342458809590568
0.0037969463266089355
0.0017723360826357934
0.0005842811868979957
0.001172216033883971
-0.0007960566749166071
0.0012079813653908553
-0.0007123844582807668
0.0030536105844184923
0.003516155379629081
0.016251291628155872
0.01823922537085261
0.02637691728940955
0.008378981536618611
0.0048369527576999265
0.0034586636685429656
0.0012587608003510136
-7.275665788142001e-5
-0.0003866708675692363
0.0012263356085735443
-0.0012303917476272064
-0.0006168876895831464
-0.002141518619576582
0.00440501510934397
0.006161124787614749
0.013821603520716859
0.009316960753302541
0.00029774795397876844
0.0009198090606207255
-0.002533142093199721
-0.0014329976296454923
-0.0025664293744452242
-0.0013689148627681479
-0.0008251810128053143
-0.000384110755297316
-0.0017062893229377965
-0.0007243995370605224
-0.0012950763347580308
0.0017595441966149045
0.0026474368862491313
0.005612044745956745
0.0005872090225736153
-0.0026958937794310366
-0.0009289103058002946
-0.008177978377589773
-0.000957131745929019
0.013761708625097225
-0.0052727656073703905
0.03559613180699946
0.006404668488522208
-0.00860933545802846
0.0030703140758300673
0.005119194688742915
-0.010520534697177925
0.0005024357459553108
0.009975228964233793
-0.00602501904769682
0.013255326473047637
-0.0014140653858578447
-0.01157503342007867
0.011295261712492028
-0.013927335286239196
0.016339247637017627
-0.015914726242156438
-0.010484589125663113
0.006619134616764708
0.01613036131681023
-0.0055487210881955615
-0.0027653327069987986
-0.023796916067558755
0.010915623103619602
0.006088804265911813
-0.005283837695887505
0.0031657931233110125
0.007992493461857271
-0.0374557726206425
0.01562605724660367
-0.019963667633090838
-0.006337394557631515
0.015199174838293483
0.0027740722512078486
-0.004451543133906482
0.001104730804872574
-0.008004801024210995
0.0010722668411079351
0.0018628639934182257
0.0049220461104553465
0.007315899829519191
0.0033297344441373506
-0.009287161549933254
0.007844266557867513
-0.019174460711547884
0.0018891040964389722
0.004000226315350403
0.010194065214050606
-0.004688980798966843
0.004754789910884829
0.0003409891579308264
0.010250286869914667
-0.017898465989320825
-0.002086449587070653
0.007491437545537334
0.01792105588096471
0.002035390139033393
0.01544595920525635
0.006742621603475347
0.010110321238510694
0.002139897852176116
0.0035685715331446642
-0.006890896617443972
0.01377287737320421
0.004637590900453026
0.010587086530498778
-0.024839743312147406
0.0022373795735374214
-0.008166227796656916
0.0031516505730014815
-0.009421890415080457
0.006517370761604384
-0.003427095153390931
0.00472666466651596
-0.010621859726661525
-0.001386916420149307
-0.013748305996690113
-5.6540795432936854e-5
0.008193255281758599
0.0157923406263261
-0.015243804800045812
-0.015037386232670162
-0.014147370168017159
-0.0009264775400809719
-0.000779514610080335
0.01661854347599288
-0.011748113615207365
-0.006284765789325486
-0.01496588332713419
0.0036048059499332926
0.001031915274500514
0.007027693400447253
-0.012871499426080606
0.008550070130888583
0.010307459742427501
0.008229119340840328
0.00450529010906691
0.015276856627940637
-0.01208645927764877
0.015927320628886424
-0.00035116192318650403
-0.015277114707273155
0.0013747855878480943
0.01349053516592846
-0.018759206040296798
0.02583599915052863
-0.023377875037691672
-0.004096406381274506
0.007094938666738778
0.016394440399895724
-0.00045670641827150497
0.01169770319511733
-0.02532898788030663
0.013925563446716154
0.0010693621286338832
-0.002152313889553432
0.002794916828024506
0.017188901782730207
-0.00395242164788254
0.005542495440370646
-0.03241877246549048
0.01698820567902274
0.0010251138525196315
-0.01336107062343729
-0.013550257127840245
0.01815664550963383
-0.019379449070508686
0.006453618871800251
-0.00457996997881233
0.0012426629258877665
0.013212422562825562
0.00932659170883228
-0.014950795250887881
0.008206902643872823
-0.009835325302279294
-0.005176592725231365
0.0157851712448391
-0.0027529610813907773
0.000701658371899096
0.011492816714586154
-0.025877999182618037
0.004703175653377787
-0.006653229478094374
-0.0023966512549154434
-0.0032483869825010617
0.022136967594051704
-0.022419643401487468
0.03192608152095637
-0.01326763382906872
0.010186153789736323
-0.004826493923380106
-0.012244024917647279
0.0077447172031817925
0.00795819692401546
-0.005084732874071019
0.025201654123247517
0.00878663510514176
-0.004216031341488082
-0.006442097836317366
-0.008596552156599891
-0.017065385959583783
0.030965921693501458
0.0066864304833290904
-0.009380135943942845
-0.007919333164797244
-0.004335918272045467
-0.0015011690577876073
0.018812989256875478
-0.022228578433685697
0.007281808389256107
-0.01378958987460206
0.0004926413348089685
0.005411247340461892
-0.012679503291041845
0.003547776573858484
0.011921914836619564
0.0006914575870797352
-0.00786963399607688
-0.004030803629505725
0.013867431269125147
-0.016151377493666616
0.024412927228713226
-0.024185597154183867
0.019679390660747434
-0.005382050262851021
-0.005904704754822067
0.01200004307561301
-0.007482636179929027
-0.010376041821794265
0.019243827175961563
-0.004121128025054668
-0.0106103332888328
-0.01247749862800748
-0.016248131711550613
-0.013387523981845171
-0.012910561340310723
-0.009377101511078876
-0.010132022167911271
-0.006318794838878598
-0.005164083503376025
-0.0019920416605092787
-0.0008802848225656434
0.0006246008108162645
-0.004203958195640098
-0.004193579723099716
-0.012090914097100761
-0.022810438221769223
-0.020297863650164956
-0.021702995888719365
-0.016242127332801698
-0.013597937895973109
-0.007779270255954267
-0.008650987249996642
-0.004475430110051771
-0.0012759877051037635
0.004551581520304446
0.00011615248785798511
0.004429635215024085
0.01804488529723929
-0.026185370983081272
-0.02647247900364847
-0.03489867493099803
-0.02484049645455581
-0.02368479354728406
-0.013126250106668886
-0.00965715625415167
-0.005134986637329461
-0.0030920961734708504
0.003741223158822888
0.008123041758705034
0.0159031195708767
0.012017133504653358
0.04009925690469937
-0.03548447109016524
-0.0681194018585875
-0.04408286018637836
-0.03818770926889761
-0.022143765864713113
-0.01815468864353036
-0.010228763991638317
-0.009756157436751185
-0.0006234459267447821
0.00485713666791736
0.02264139845559936
0.02616392261190713
0.05838359241000576
0.18131257263243875
-0.20338421116427438
-0.12886298052063894
-0.09199278757500608
-0.045770960472254145
-0.03136340021524156
-0.017206189776925635
-0.012700888827493746
-0.005314247872286686
-0.0019171389730077136
0.013634831475823152
0.024779675122632173
0.06918845908647048
0.11939064363006163
0.47576148615816083
-0.5337266598922196
-0.17490978583077124
-0.10211736934409833
-0.06627595644813461
-0.03194272834086748
-0.01918321297650547
-0.01144387804085362
-0.009126707558973561
0.003368454349187034
0.014709304706337759
0.0421191844100587
0.0765161605862315
0.19644077224000808
1.3276180361125416
0.1994536887931871
-0.13593579954945373
-0.09458227943204944
-0.05037840513168119
-0.03492467568818117
-0.01932843082232144
-0.016877902768958997
-0.004893899412115666
0.004557390053001437
0.01679456393468321
0.028666402716009638
0.0631006124449345
0.12696647873918937
0.022597798277368783
-0.030231023617792372
-0.07257807198245235
-0.0484659281114523
-0.042034693559219176
-0.02466544104819657
-0.018672184954394693
-0.011944042636595166
-0.006773763125696752
0.0055151585609820525
0.010597592745870871
0.02435986769218308
0.028234678735688044
0.050966975122020794
0.005824894103211045
-0.024033793351945713
-0.033103540800043824
-0.0356732560876062
-0.024308537681318982
-0.021768123326444247
-0.013355733319827616
-0.013199556823021765
-0.004083757834740475
0.00013340413475054465
0.0072998558923833366
0.011705543099729156
0.02064655209526492
0.020074467258916578
-0.009423983913397176
-0.012559199006865501
-0.026189327483853192
-0.020558003833669018
-0.02169069778087665
-0.017345034711782555
-0.015390546133715462
-0.01280736030191654
-0.010279298479165413
-0.0015865607879927532
-4.4387785319033334e-6
0.008628762381817756
0.005586135384691493
0.009404460102349325
-0.0057338564645394
-0.013868408051233235
-0.014793858628776349
-0.018668530163073526
-0.014928996894846462
-0.016933919127811628
-0.012021658513099054
-0.01007035997919709
-0.0059645006137624985
-0.0027481748494743137
-0.00103603852789684
0.002204668731771626
0.0014552767769313258
-0.005580668201040505
-0.008453887425462428
-0.008435935806229665
-0.013431962982810942
-0.01582042947226996
-0.016567135392985707
-0.013266948702524069
-0.010500841462590168
-0.006972582871823693
-0.00741856825749922
-0.005340382795651184
-0.002977396006168826
-0.001821210805161295
-0.004502852321717667
-0.001989742396006753
-0.00560282665581382
-0.011357909720538732
-0.009577652119618205
-0.015307332853179166
-0.012124379253508835
-0.016244982035533054
-0.008034551166669901
-0.009732647235043867
-0.006132178818285173
-0.006177026185785898
-0.002868338337619866
-0.004475007842088247
-0.0005242062828721347
-0.006196978667306623
-0.00789494021865802
-0.006170791389119609
-0.010462122959911353
-0.012874810084685726
-0.013492217062460038
-0.012355264245615354
-0.009846629010716305
-0.008845823273654664
-0.00789668044395145
-0.00412038996415247
-0.003301827623825731
-0.0009448059055955259
-0.0018280992565222996
-0.0010712641325154903
0.005047089978700704
0.006827320329444514
0.02758324262085523
0.04147793330045675
0.06221873487597061
-0.2123844582826817
-0.020983592632543024
-0.014581619349671603
-0.011340433962196075
-0.012874557336061791
-0.007517221711268087
-0.008342529570777786
-0.004065304897391293
-0.0025162611069949326
0.003016296703597383
0.01605776880601315
0.026282886876803756
0.09622749091795738
0.6106248317212106
0.6930333957585194
0.06405619351268246
-0.014662004586918749
-0.015608092102616346
-0.010933517483754858
-0.009596532666645096
-0.00789562273201552
-0.007084828332344716
-0.0026606353300134286
0.003136697790919076
0.004885886114795163
0.02614161547689305
0.036489709749395124
0.15258966248646955
-0.4423288567378198
-0.018170753335973115
-0.027412675629443075
-0.017257388244576278
-0.012869032212226303
-0.0077496347711958425
-0.009228905211574042
-0.005335826121717909
-0.004251525813304994
-0.0014821658275298037
0.005997426527468433
0.00514032725096801
0.022393362626169977
0.014739918791911817
-0.007053918622565995
-0.028620025911774857
-0.018012754484652813
-0.018618410715971156
-0.012024716841929697
-0.010436619997064755
-0.008504266608036206
-0.006892343874732007
-0.00338204917442742
-0.0019192634679860853
-0.0004544481518671371
0.004818435506107122
0.001305150761395357
0.009040934042954404
-0.011614568830898704
-0.013384172108407373
-0.016404140754569578
-0.012248152890401568
-0.012418666639665309
-0.008450888888478884
-0.009208289460201295
-0.00699924279040226
-0.005861627038570364
-0.005033812861625079
-0.0011568698570512928
-0.00346817934582632
-0.0007544349732739097
-0.0036906836387340376
-0.006466345971222001
-0.012387971429183998
-0.010069665258708019
-0.011788624134173168
-0.009002122920879794
-0.008886844232400881
-0.00829940668397139
-0.008325071504686537
-0.005324267920913393
-0.004828066903476293
-0.005570934785683016
-0.0026236035947143944
-0.007559408644197711
-0.005456097855607445
-0.009997788792327269
-0.010146338337503063
-0.012549112300513617
-0.009979292188684522
-0.010757877415983953
-0.007584468795436963
-0.006859883536949968
-0.0059609797058358385
-0.005767784091914318
-0.0060091993895550816
-0.004828849118467885
-0.006330597495681893
-0.0038808127799554296
-0.006916757704306111
-0.0075596271688898355
-0.009007992838174867
-0.009714670105496677
-0.009631239135189153
-0.008302804477932703
-0.007471902985296051
-0.006112710533667348
-0.007503859389033647
-0.006457781935898878
-0.006981982773247507
-0.006429684056891897
-0.004609599670128105
-0.006048491749044691
-0.005678936031296945
-0.008995812395318997
-0.007459077012438364
-0.009915171069585785
-0.008882986223921432
-0.008699347014933183
-0.007002818004612236
-0.007130521654444803
-0.007364157104786242
-0.006643245384837601
-0.006519121674965902
-0.004108640857037949
-0.0034464333867934922
-0.0034674884826061555
-0.007323006504715344
-0.005861021409050521
-0.008481046416799814
-0.008751681969920056
-0.009928308102547655
-0.008620593438500261
-0.008059681002268438
-0.006127665050751941
-0.007234637658194641
-0.00607848008906495
-0.0035688588990507855
-0.004582167171025606
-0.0022783552035872375
-0.0034560273562070317
-0.0034045646908221114
-0.006074743221168146
-0.00688178263755644
-0.009567661384300447
-0.01106660128513431
-0.008507448722472133
-0.0060755054837225535
-0.0058831273429294575
-0.005986189151375702
-0.005238973194863647
-0.0038246887866918164
-0.0008251816116936635
-0.0015645802670925476
0.001448266281695732
-0.001615089289999829
-0.004785023574141122
-0.009437020965395644
-0.008708251286874035
-0.012331478761036565
-0.009630127906986977
-0.006723782166148933
-0.0058409789238960935
-0.007825169718923528
-0.00522388775306511
-0.0008540711033740992
0.0004796601427683901
0.005034990966198596
0.0019188962723677456
0.0074360665938153474
-0.006505675266310965
-0.006959889671416543
-0.01084676293205505
-0.00918868545253807
-0.011780965922320752
-0.006781195454132283
-0.0068931308506253765
-0.0054722142134721544
-0.004756231313156329
-0.0006917721604950847
0.0073977534222140874
0.0067268952197045975
0.021102281007044588
0.013331026731916851
-0.01607120911472392
-0.010751099408324012
-0.006118671601866015
-0.012364620798246026
-0.008297450252118492
-0.008678944153598659
-0.006568553965502027
-0.006131466189520257
-0.0035713489986240994
-0.07496858984558642
-0.0034002379429716274
0.05099455996469717
0.03311375546397258
0.06401148232319778
0.0518930410497244
0.02756496661637557
0.036032598226899124
-0.012071727011617513
-0.055136532854591136
-0.054563448505552475
-0.10532290480286992
-0.18354145339476619
-0.09821008211717515
-0.16396788040306168
-0.0450834745238765
0.028066360094007328
0.023016035153712762
0.04840718680947772
0.055159739175975234
0.03148235017305972
0.04178037917576713
-0.05558666637872686
-0.06433085197136403
-0.0839343812451799
-0.26431955227680465
-0.3333919285975077
-0.29774080342676995
-0.39028825546137597
-0.10280079626089758
0.022383401142471306
0.020436782796249258
0.039469973571539516
0.05080641447726177
0.006765634736997401
0.01636123498205312
-0.0410466469011028
-0.07862820309459398
-0.1684537367549462
-0.4331598486167413
-0.3475303173027086
-0.32181211061726905
-0.5052980718897231
-0.13455235270406507
0.026065982935902704
0.028533078895295685
0.048171281028130904
0.05132063981126114
0.016853182304684543
0.03009909521007519
-0.07063366088563058
-0.12557103223073046
-0.24457443288555827
-0.31343736953797313
4.160654857263055
-0.4286709748692084
-0.3888174227648693
-0.10405093003496453
0.028529648629395585
0.03952777390931129
0.06392287587434467
0.04889229601661812
0.03631304572806535
0.033925380134641414
-0.041875414593979185
-0.1126211488644852
-0.23749627357195846
-0.45200781973411136
-0.34923023834527145
-0.38661033301491526
-0.21136668899916933
-0.027052055746408368
0.06777709229441407
0.03331294178652593
0.043354989131439314
0.052501270832532046
0.031161968069345024
0.059961267038901915
-0.0167488876672447
-0.04627008048158524
-0.11920064288653606
-0.18959787328209424
-0.3356666021852085
-0.2620049514399455
-0.05351022904174569
0.03317521041453279
0.057579027075120866
0.04188393856661809
0.052952640190675776
0.05408581336921651
0.029384613713395014
0.06372072642356569
0.006362722107929111
-0.006681599299079043
-0.0016814725565429047
-0.07354478238800116
-0.06334475817503817
-0.10263362640527182
-0.00936001291469751
0.045549799240118434
0.06344687715319443
0.07803553539298322
0.06237821308496198
0.05840066879909569
0.03205877975824948
0.06426603801881527
0.0027102430439161014
0.009224684009497885
0.044654968080519844
0.010676258366287893
-0.007799175645213667
0.012206822273138861
0.017020141781299902
0.059729028435487164
0.07111246693658431
0.03654462390261119
0.04210488389627781
0.05523358794604379
0.04571523604011875
0.059895228366849046
0.0200601889927946
0.007517621895013336
0.04968082876201481
0.03213930168332717
0.0031535002427821807
0.03392896367724549
0.03173886030980823
0.07484258351831714
0.0777969240339357
0.030020772890210237
0.052830728327316556
0.055535089331213185
0.036234525254500084
0.06725717559261635
0.020093920074616262
0.01670666134508358
0.02866896417649202
0.03768017894994712
0.003861486700866226
0.042494367409100876
0.01828249830476067
0.06955616924869724
0.07003009811632074
0.04131441484835069
0.06857830999574878
0.051834798481887816
0.020293037802215523
0.06153651515128059
0.02501140593423131
0.011193848809399614
0.04165658772588486
0.037028385949664205
0.02158399089230676
0.024652260127645927
0.021320214044968387
0.06831683002551615
0.073331699036426
0.04769140234830437
0.05293545054807143
0.056869093004419655
0.0344158434287524
0.07440911421495745
0.008079765529390947
0.00628369568250664
0.01848654406577921
0.021335894589404547
0.03220287275352765
0.026619680966239536
0.004368750820126931
0.06642945034078232
0.08073886157870837
0.042678535872557044
0.048390228800494296
0.05215701827404576
0.04492936832032306
0.05411548055358524
0.009804054276111968
0.0028573865258685657
0.02309687319473015
-0.0028944898097618427
0.01868155726345979
0.017466691912176882
-0.03599084876406289
0.045200732016560205
0.07686514337945065
0.04729986486582677
0.061940582190910635
0.05341271819919324
0.024335071555505544
0.015306510658833641
-0.0043862353759914945
-0.013110764629179069
-0.00954926060465821
-0.046093103511821776
-0.06406967614680152
-0.017805560298848715
-0.000610477165446227
-0.0063627748111425375
-0.008983671871043453
-0.010097084609426009
-0.005769773806583308
-0.004815439344967274
-0.0004129970152540707
0.0011108154830561348
0.004522128724863091
0.003904049081923096
0.006866327986581009
0.007033858075734766
0.00600735791051885
0.0008340968434346168
-0.009431275229512032
-0.014869251050142867
-0.027889735682322118
-0.02426880851644137
-0.020695622562801545
-0.010459154562522133
-0.008097228424039723
-0.0015017713329313982
0.000572143098485744
0.00496305925318051
0.006694451330826956
0.005294956900570381
0.0036023384521071005
0.0008937745973024598
-0.009037310171318586
-0.03958007590564736
-0.051987579973048065
-0.05790225490253495
-0.034590312549634926
-0.02408987829990769
-0.011580191628205345
-0.006619752685408139
0.0016659397558766405
0.003082608258936779
0.00683624654462926
0.004838997705950048
0.007176730616093933
-0.0004092872406612511
-0.014694306530611474
-0.06679988672870193
-0.1534550241284557
-0.09446134097402564
-0.06682573009012859
-0.03094776945945552
-0.0199629498592339
-0.005497981785596226
0.0005349827417579708
0.004255620067036756
0.006090907129219272
0.009247778681063912
0.008452576138037468
0.006553591282760794
0.01824999960454479
-0.1623763666286206
-0.3885906265658576
-0.226455362566076
-0.09272208405150453
-0.04764775316203676
-0.017960588412504468
-0.009763668068614355
0.0008817120612076588
0.004234029839341772
0.009750645402420776
0.01112006784875834
0.019769046561699043
0.014951889899818997
0.08430779711426606
0.4576747585316621
-0.7512674445762597
-0.3920631765527868
-0.10175740866107537
-0.0298743082266527
-0.019727037229954787
-0.004319765886255159
0.000983861079230821
0.006616727980092284
0.011003859294733484
0.01945082010611129
0.02711806593823881
0.051726228494787224
0.09454000393035873
0.16112640888912516
0.37903856558885324
-0.03243707942911977
-0.018484605535333522
-0.0218581408573808
-0.007750474813937914
-0.0035404870425762985
0.0033349233317703083
0.0068169673384541295
0.014953346288336963
0.019382225191004698
0.035459941958257614
0.05106282517606593
0.06255610531187067
0.11331956880892971
0.08370872292308099
0.029173325163100075
-0.0008024944386376308
0.0014727829951588314
-0.0026794321573951024
0.004207865425870295
0.005558308031205457
0.010775834266381512
0.015235274408245276
0.02007335554620428
0.030047677054457968
0.0469124332079999
0.046926598341333635
0.0554585704425751
0.057695516534839474
0.023807107647407406
0.013014825155273748
0.005029493224869104
0.004946498969878867
0.005959185039776226
0.008473298264446365
0.009815254015114523
0.015695264971307597
0.01751153375576306
0.027372276347668582
0.03515708908044438
0.031325460071657506
0.0367334477311057
0.028247136859094604
0.022778756783117297
0.011981341984149182
0.010378538578779808
0.007590848511534464
0.007435392766485907
0.007949189625829469
0.009292855979247944
0.013379064196895071
0.017092191172191563
0.021082740343344973
0.029201301311413592
0.02173862875119857
0.02064118453791635
0.01840299594729851
0.014196794776001583
0.010525680390839533
0.005908020527599454
0.007687541845822878
0.006527895381946503
0.00901187580412931
0.008761009824048059
0.012052578662176865
0.013438082676880405
0.017262674616112035
0.019113758832084674
0.014665688807553064
0.014544217370225423
0.01070308182611253
0.008315084240717445
0.004391728233334617
0.004485764459788221
0.002518596308652395
0.004936030034151117
0.005639163172946573
0.008274193944295636
0.008703522154391565
0.009423894984525486
0.011813918560365714
0.014949528902375343
0.009313145190023527
0.00685763274852719
0.005959752668218483
0.004490845245159938
0.0050147985750353345
0.0023017327538419246
0.003516339014218599
0.00423797830405123
0.007095449727130815
0.007452668027015795
0.009007778214352394
0.008316086704147631
0.009740678126175514
0.009493066647285286
0.0019716522786193623
0.003487454324588027
-0.00045911620278028223
0.0007736827819406597
-0.0008505560635092778
0.0007814717820537912
-0.00034286872666381145
0.0031243858321383026
0.004851934999648366
0.0066085159613040395
0.007440555296851534
0.007817465426521198
0.005798921626336516
0.006388331471406922
-0.012809952345390879
-0.00928134079993681
-0.011168103807571944
-0.006793668647476173
-0.003810424512056544
0.002137956886473799
0.0014518046715527987
0.005254060415724539
0.007267359785979629
0.012529871483176544
0.00889274759503384
0.011980760016329214
0.003440997133335664
-0.0036333497379714827
-0.01665222410215522
-0.02271418127313475
-0.012280125625128311
-0.011952906464202386
-0.003490400211996765
-0.0011245052450230136
0.004041432795182164
0.005598056989060829
0.012888342835563739
0.01464408374609359
0.021842484574195076
0.01662734343437867
0.020089516062781334
-0.0188753950933595
-0.056891809550306746
-0.028785355911499576
-0.024292767825579046
-0.010475841454035064
-0.008217768680270125
-0.001135913538378519
-0.00023439638294751522
0.00923620734127738
0.01325976285081961
0.027320344998274126
0.030150806624846514
0.05668361773714246
0.03336083529035495
-0.02912035035407669
-0.10433572706176751
-0.07098235025354128
-0.02776793247145038
-0.01943288754915294
-0.007132928593715797
-0.004232931467767272
0.0039306527171642045
0.008081813191037884
0.020526936517308258
0.029688363602343094
0.07075095962034206
0.1053898632101957
0.17076965936844532
-0.1854260475749051
-0.15924535384371802
-0.06536805661319005
-0.04295260279628843
-0.015696231241028487
-0.008571107944155176
-0.0007637851938337212
-0.00014062223717512565
0.011821574697854796
0.019746692906129584
0.04554766389036905
0.07068844700500909
0.1907076299461425
0.41680479587935093
-0.5386298222470973
-0.03543347725420849
-0.05331994289303566
-0.023089175709299147
-0.01701121062848548
-0.005619797535718237
-0.004877545538779171
0.003978131166378365
0.011004515310288877
0.022074833009935336
0.026440088898711158
0.057630053782988085
0.07536239422269568
-0.8954531981363177
0.583216102490547
-0.025658313419459254
-0.012711883535944891
-0.0188766522829071
-0.007285694518791308
-0.005018740035001395
-0.00034720175050585467
0.0024674696734627117
0.012249982252991952
0.015627132948960596
0.025815625900013676
0.024579638521958286
0.04585615689987501
0.0009777468218611085
0.05363023555511918
-6.926526407946643e-5
-0.012186762491963052
-0.005165660686809502
-0.007447499030000144
-0.0002543970796496808
-0.0015977334846169191
0.006005694343873777
0.008291389617299132
0.01349086448473726
0.014635877802583252
0.024389951194013573
0.020034904585290402
0.02012528590653719
0.0034950309574878517
-0.00583574905803614
-0.0010592564176157959
-0.0063379859210291245
-0.003271513161877969
-0.0035803789849848393
-0.0006937433268432279
0.0006095065122360007
0.008240455562444755
0.00650658919374071
0.012704465692329464
0.010320587306671519
0.016475677121934266
0.0015359786109242072
0.007334579979846207
-0.0011850755540218376
-0.005087997840485024
-0.002886860345800577
-0.005481873861771721
-0.0009894523690009258
-0.00010322609805933565
0.003833380719788444
0.005817813289290608
0.006042435418637145
0.007875177768581177
0.008670107109807453
0.003629699295216333
0.00605196023510137
-0.0004034350079698693
-0.003352118385646338
-0.0026723830825339714
-0.005358052551264722
-0.0022814019356013652
-0.00030762243056641446
0.0018993356778019166
0.0016307026257961841
0.004831262684778926
0.0053746595365487876
0.006630629779785731
0.004231157036237831
0.008139642785304463
0.0024385459975990896
0.0036171887533414967
0.0002004901967479306
-0.003665789768290117
-0.002718783588434804
-0.005568971665986216
0.0012400126311772068
-0.0009138216661925761
0.004115251278797838
0.004362539415685943
0.006516489490299397
0.004784252729380697
0.008107119548388445
0.003696152978292446
0.0038974513050276187
0.000136474159265649
-0.0015021129488411006
-0.0020618334897821154
-0.0033736698210727655
-0.003591976275136675
-0.0011611106688690226
0.001115219019186587
0.001699292436391367
0.006753897301551683
0.007218354726161894
0.008143714834389767
0.006552837464513087
0.007457640173679768
0.0015069146799344922
0.0033284855274682726
-0.003421124599874448
-0.006140271399557038
-0.003663144131910879
-0.004363203053652065
-0.0003148955157765867
-0.0006159309894617666
0.0027259413160920644
0.005234662562423291
0.008612029944117043
0.0077134326397419305
0.009470835110523728
0.004823763260917687
0.004581934879862119
-0.002661194319248868
