-6.261004883502012e-5
-0.0004468276543981161
-0.0008133001977374502
-0.0008509970632348968
0.0010009848063973804
0.0005765607551034421
0.0009279023661156699
-0.0013098231285664575
0.0013550315447912382
0.004430992547026561
0.00494946718859169
0.005969148946092826
0.006903308724613408
0.007792337783575946
0.00672590912282163
0.00574015613664146
0.004020673035213055
0.0028995440236920947
0.0023712188195014684
0.0003343672247681338
0.0016663209628341473
0.001596582187339698
0.0012345744109262635
0.002020950437202579
0.00226736922855894
0.004131095268762072
0.005489028357050238
0.007056986687600464
0.00800555245173004
0.008362999348522217
0.008161614066325342
0.007506214771040016
0.005899626458975534
0.0025541429061277376
0.00023809985966775696
-0.000618685120896644
-0.0003571553786167107
0.0008041115582961097
0.000826629276144894
0.002261475734028329
0.0024763010838708293
0.0033917497073502455
0.005768714760006785
0.006924350782414495
0.009444685000518685
0.011162556199110074
0.010757972089462227
0.01002733863273296
0.006421332643858481
0.001789213818701666
-0.002482860570805096
-0.003306090401632068
-0.002488546423411094
-0.0008523520218004641
-0.00010757043625574103
0.0016112208590139251
0.0021755774246911812
0.005363177561653818
0.007898496786178056
0.009313419411598484
0.013634400237729431
0.01694645622083878
0.017391587606881635
0.016777908980091155
0.010435909839270367
-0.001967409555018374
-0.007171962222853369
-0.008016776493682915
-0.005941162275352935
-0.004285378944943174
-0.0016382376999422663
-0.00017533161266787775
0.003009225666505346
0.005521104292722555
0.009936011217306612
0.013230471020889693
0.01925417174433743
0.02409385608548491
0.02897635285544934
0.029182671017876968
0.012380840298371837
-0.01152509375503356
-0.021279557474402817
-0.01879496040083845
-0.012814244728296639
-0.008623113755714845
-0.003641094883228737
0.0007706332879852631
0.0027798446285451704
0.005896543212655083
0.011014650407672999
0.018001877313655244
0.02562086036346415
0.03777640547000739
0.05220676758888358
0.0651539023084719
0.03987875434469994
-0.059743489086436764
-0.05071068565196506
-0.035834741179094555
-0.022198969671426216
-0.012653973193558016
-0.005191580864670903
-0.0009272820887714525
0.002410620443178222
0.006287843448601436
0.012335901119294487
0.020990404628666335
0.034264549789848005
0.054732929484968086
0.09828024127967108
0.14377255958336596
0.20432725237289062
-0.1915355027674344
-0.11761689733864315
-0.05818018009675325
-0.032018134260592586
-0.01692998095381779
-0.008154726027051914
-0.0024462700011656483
0.0016585143981816095
0.005952942068354227
0.011906269801655128
0.021373105575359923
0.03326202463604181
0.06538572888273093
0.10697821943437087
0.35609008429517736
-1.1826969853463638
-0.5831139582139229
-0.20979627897942868
-0.07674330179418326
-0.03787080847798327
-0.019136388199133457
-0.009563627671197915
-0.0027444826048921593
0.0015395245672304198
0.005395381643137521
0.011660275701035479
0.018392683424630105
0.0336671333063467
0.053333462767013
0.10881879611700282
0.17610761424772103
0.21552320703684033
-0.10748516381907702
-0.07741305549525951
-0.049596583930483246
-0.027703044160865182
-0.017322504891240636
-0.008923259486873574
-0.0035224427100710247
0.002281659916620723
0.0061157777850086355
0.010711127753385381
0.016280793779195217
0.023889743094744353
0.03877718265532115
0.052415919391549555
0.08136247814928592
0.06578394669552648
-0.018310240725203313
-0.029959847388291383
-0.026274336934497714
-0.019669141422438214
-0.011489783600441573
-0.006367672307016017
-0.0012881870654837813
0.002910296625517147
0.005324962516628791
0.008217722233548632
0.01207305782021687
0.018842940697012856
0.024421216752785295
0.032118238314469694
0.032128981640852115
0.02544156584302276
-0.0006036077193118968
-0.011722819743986227
-0.01322989116404409
-0.01139368259480703
-0.007613880734156149
-0.004563024014612687
-0.00035175076493956965
0.00208681709614469
0.004627958421139353
0.0074018847717548155
0.00936048461826325
0.012181608396245857
0.016650248487859474
0.01719170146462433
0.01734708252026546
0.011917059616386687
0.0020057888428270487
-0.004557593917029946
-0.005812170188593392
-0.0054395506397870025
-0.0037832170534171515
-0.0025347291281730207
0.00046845422665939317
0.0018063938556130703
0.0029906478874254638
0.005515041874521181
0.007491107373518768
0.00889608879544961
0.011034092925446885
0.011468683490687376
0.009465241346295906
0.006732643657593964
-0.0001403931097934115
-0.0012581106981516123
-0.0030098171138084957
-0.001781377424509278
-0.0014995804478895626
2.0088053212072587e-5
0.00198254752028582
0.0028537412797831245
0.003671911856905669
0.005609958125756867
0.0072478319643824955
0.007618659517138689
0.008683373801608125
0.008640798652067766
0.007966461050523939
0.005893835181285354
0.002675966369056225
0.0005500692863607177
-0.0014599661344449632
-0.0010125263160667313
0.0008875944143050353
0.0005515983482667656
0.0014691634494084294
0.004651076130031407
0.004333955879068671
0.0052745452286525486
0.0068933722138115345
0.006547096804325831
0.0068662527926083555
0.005114139232705124
0.005583497678322385
0.005475760717069884
0.0026237237408965816
0.000911255798233504
0.0001278172166499563
-5.022243428666706e-5
0.001371859927784007
0.0012937613906079098
0.0035902075359067896
0.0027434861234258024
0.0036074801090851018
0.0046310806059724555
0.005843332584318928
0.006424679172801684
0.006076354883921598
0.0063836080725601764
0.006307183087630284
0.003955894182590966
0.0028994840500738213
0.0008252871283271087
9.004289369705633e-5
0.0017209766214967572
0.0009191256854743758
0.001106697890457362
0.0025656184782419916
-0.003247481955699925
-0.003954692800691287
-0.002900537633862757
-0.0012518415421587797
-0.00173881696853869
-0.0015755597882023008
-0.0017703596160833115
-0.0007426869344281819
-0.0005381150265932467
9.977626451667903e-5
-0.002453865257251939
-0.002997475883358695
-0.005319066739605996
-0.005470063417181594
-0.004936732543222173
-0.004071536783573322
-0.005283610048683777
-0.003489431179876065
-0.0036820555445030746
-0.002420577859860601
-0.0012040571052579121
-0.000902646827529986
1.169446411040118e-5
-0.000855702357430955
-0.0014321910270844902
-0.0026541240312981064
-0.0032717891471345482
-0.0051643058389794685
-0.006181530838481149
-0.008411614720655873
-0.007052329218751634
-0.006583546285780299
-0.009495661505274495
-0.00514279075177807
-0.004758511215458598
-0.0008446327900199354
0.000265188781303963
-0.001901843874072797
-0.002853734985295635
-0.000907672800952644
-0.001154781698808424
-0.002718392457266316
-0.005403718190942597
-0.006020887720556776
-0.013874795255176828
-0.01207717330196012
-0.013139803586416952
-0.00875013312631857
-0.011953419655737395
-0.008293790709334078
-0.00538394072629743
-0.0028300731303680785
-0.001929726700413068
-0.0018243960004587043
-0.0001269265577929561
-0.001021674536106164
-0.00046161254849620513
-0.0019259905728320934
-0.004324113421767894
-0.01308856078032724
-0.02232805405692198
-0.027113560116182458
-0.017620354605643703
-0.018067934251658983
-0.017972119812563102
-0.010499934498534083
-0.00722514324324504
-0.0019538733061976545
-0.002174852336920152
0.00014848222850071425
0.0006081493892392936
0.0013637101041291191
0.002579967444633931
0.0008824364480961423
-0.003947196294654366
-0.010741762614445762
-0.05256521869370685
-0.0423353614679965
-0.04069780081916497
-0.02401119402501495
-0.01792359487330153
-0.012475751166783018
-0.004870473393098685
-0.004781465838753819
-0.0019097388457651216
-0.0008191708033639551
0.0017941715414261932
0.00299336367399538
0.007004329227062355
0.008451461245600317
0.010642698937794215
-0.008672026507429683
-0.08587994200227084
-0.16422855774877387
-0.05361266263574807
-0.042380600373279745
-0.027540269013791453
-0.009123220751875579
-0.006088930216098529
-0.0033316745149377285
-0.0002955865915844735
0.0008660525384953746
0.0018073297850244915
0.006672806502209977
0.01215636507395406
0.02602959231471292
0.041839855819328794
0.08585518064430007
-0.3500038199324136
-0.23731985429732116
-0.16528815244606362
-0.037665350095598106
-0.013312950908572494
-0.01131890555168372
-0.005020324475301657
-0.00263756831398858
-0.0012584354785055599
-0.00034579422500854697
0.0046954450058790415
0.008533038987954489
0.017183478742155124
0.03949375489509816
0.08523869083909977
0.2883082870028804
0.5189881740129544
-0.5942410027513036
-0.03835806117094756
-0.040298713294441645
-0.008909550658695465
-0.006049859380523017
-0.005579245676802955
-0.0009243187707698417
-0.0002111765720574632
0.001624926864793457
0.005909279980653054
0.010611378133642302
0.018401377315548324
0.03472163840526362
0.07337523044392776
0.14158523922824778
0.24775242532652986
0.13559522308352434
0.0032492173536352283
-0.0012055145336772408
-0.001086373568702356
-0.0024921945490855722
-0.002065646475075473
-0.0005532153548119425
0.0010884013786339906
0.0015641141533566361
0.005694951125225423
0.008880602325347542
0.014798383387403184
0.025589654726458213
0.0457709109003073
0.07432943434241629
0.08648516844532594
0.04290479985723289
0.022110369295693134
0.0006891002488811487
-0.0006851548911681333
-0.0007102165918621092
-0.0022932851857840894
-0.0018467091773389354
0.000799760211446572
0.0013507793460754696
0.0034001597384296007
0.00576481748734339
0.011198486546388265
0.016608210739542398
0.027106610208428288
0.037130383882453065
0.0345507222857938
0.027611586752748416
0.011473921302233568
0.005232749485222852
0.0006726853003807008
-0.0012176189136633945
-0.001171409128112964
-0.0024742545513021753
-0.0010453001758701545
0.0014563003332948357
0.002688171494326011
0.0026880458865041184
0.005325320287606149
0.010307470354028469
0.014999145377974485
0.017076822639017823
0.018772694462391354
0.012833816818160976
0.008426888571348014
0.002150113019686457
1.4722627337377574e-5
-0.000760499124769534
-0.0009493001307371618
-0.0002238712819501104
-0.001127406211634264
-0.0001749444604885104
0.00102768233610095
0.0017803430496643236
0.0026725306489674256
0.006889833069917627
0.007387942087970656
0.008173231150562451
0.007425679860381258
0.0054315923407118535
0.0032226105624676873
0.001996163298477958
-0.0008194135468346149
-0.00019119959837176267
-0.00014836493480659336
-0.0014046049913822912
-0.0011625657861900575
-0.0008785069922658231
0.0006897578222447105
0.0021537420958743438
0.0013408093110888089
0.0007195466906512847
0.002613859392065888
0.003386680064760727
0.004648646080819825
0.0011799673919989824
0.0016799899114500676
6.279314699656103e-5
-0.001739594113130299
0.0008093560418332465
0.00047015852809724435
0.0005004105192463594
0.0006415352554487671
-0.0009288855582865708
-0.0009073657206397529
0.0006405668800570478
-0.0003680869118027121
0.0012126076621066899
-0.0008535195661103663
0.00095152026285442
0.0018647954174583602
0.00026365163844466893
-0.0011640711698838843
-0.0011047647992191937
-0.0016351444681634657
-0.0027597938127089747
-0.002659338888483051
-0.00230076696278742
-0.0017239508575277332
-0.0027398294707375835
-0.0012403113702416685
0.00027987538679333116
-0.00021768853628253607
-0.0002924160692842667
0.0006863306287706447
-0.00023322776526643637
-0.0017616693700489195
-0.001757917313076719
-0.0013578373658869047
-0.0021579381788840546
-0.0044222382141215644
-0.004485088876183233
-0.0049355500521088055
-0.00475697171385945
-0.004231896200377826
-0.003293504248406156
-0.003831849490527534
-0.003164022313395102
-0.0033649715586489284
-0.0023345578582154914
-0.002581942877148584
-0.0031062336406420515
-0.0032197842440757378
-0.0035797042277709687
-0.004125810329616142
-0.004715729900313743
-0.006701883537906554
-0.007126951561712027
-0.006897738298416592
-0.006946936202056334
-0.005529428622924713
-0.004349894799070685
-0.004438463552710299
-0.003617147104078735
-0.0030038476969931043
-0.0028297171346428965
-0.003030303600354462
-0.00435948016337603
-0.004269312482058282
-0.004239250274917064
-0.004882383762426115
-0.005422759115373707
-0.00735026016699002
-0.010887491101131689
-0.010719542092827813
-0.00976326661255329
-0.007619259660575378
-0.006582385294807071
-0.0042749637673747546
-0.004228082707734098
-0.0029581135264038997
-0.0025499761489144682
-0.003008486081150892
-0.00453662327864624
-0.004690613721215315
-0.003981449855731564
-0.004096533841984975
-0.005544506942344725
-0.008847765671024757
-0.017696485304083673
-0.017450113807128093
-0.01248036470755622
-0.00927483365653414
-0.0073096968609178865
-0.004909614740776447
-0.003458223360953869
-0.0024144439232794378
-0.00283735364190457
-0.003061944960226005
-0.003758916462681381
-0.0041758078406241355
-0.005044238994012404
-0.0052474423690869795
-0.00801863182106068
-0.009056724580488859
-0.033855663106540576
-0.03202868204975868
-0.01607980397712641
-0.01034280979038946
-0.007071525096306177
-0.004988513544472329
-0.0035952363339601867
-0.00221654608282568
-0.0032467863545197883
-0.0038698652386841333
-0.003900639717069837
-0.004224919253743337
-0.005185689082468479
-0.008276385060603013
-0.014203437375228643
-1.0067578193526954
-0.1400925153363796
-0.048052247114746045
-0.023868700725347386
-0.009409278447272965
-0.006548347705859309
-0.0040740004835393825
-0.0030982964425582925
-0.002137930220057079
-0.0031453073994154473
-0.003680655463010544
-0.003541007756629619
-0.0038060219198746076
-0.004448743509298806
-0.0083822453383784
-0.02695757507500307
0.75480458657391
1.2478285025902942
-0.04775434697312395
-0.00782393834060063
-0.0035345547948967544
-0.003558586598660661
-0.0030945574599792005
-0.0031564101514454535
-0.0033023411693433166
-0.0035558551990399283
-0.002516230428968606
-0.003526852344879268
-0.00437176913221703
-0.006496219334536484
-0.017040607828167256
-0.03226317165526068
-0.005761617289536917
0.07006362497431018
0.03157346324462828
0.012636739878715931
0.0015812007309942804
-0.0012398668489300509
-0.0026913852646123474
-0.0026179493639706696
-0.0028914799917947355
-0.002961179080010688
-0.0026184831374093252
-0.0033677129304721352
-0.0030454375115399833
-0.004439906974171832
-0.003425149592021109
-0.018667128632946475
-0.0006220719186165647
0.03593521211278468
0.023315678106823147
0.010223708292644462
0.0029243456437791924
-0.00011779855843899672
-0.0017541967183995508
-0.0028135452304442017
-0.00238062092771858
-0.0022450246462493335
-0.002940422572642717
-0.0027108613525494087
-0.002854980265319603
-0.0029618465551577125
-0.003637762012073643
-0.003031683151881822
0.0027333663146856895
0.013480168548496967
0.009401348153979104
0.0062151585396787445
0.0021780409303444135
4.8767618777538285e-5
-0.0006368192224471607
-0.002597646016866272
-0.0024883001157734604
-0.0023515217488012416
-0.0025889319499053927
-0.002007760859292228
-0.0025987127050053757
-0.0024054266261019177
-0.0019513949628662457
-0.0015398194072429583
0.003057190109507759
0.004692272822406986
0.004458622608748176
0.0029287344274330452
0.0011039745234120524
-0.000548148818642078
-0.0013972639120699035
-0.002065170694657041
-0.002448091493066939
-0.002047190410591325
-0.002746799794108284
-0.003049217627707008
-0.0033185929127012197
-0.002000486989108123
-0.001498055281402393
-0.0008177774555660742
0.0006362346148429518
0.001190791302039018
0.0020278178262316117
0.001421216291340078
0.0004841800897677921
-0.000756033981973255
-0.001020084206788614
-0.0009920104547665744
-0.0024050983002143356
-0.0028715257096290575
-0.003166737903331584
-0.002142594337954385
-0.0015537661172230941
-0.0013977536513764396
-0.0007271117603699102
-0.00010329297616963929
4.297161491523076e-5
0.00020380528216057815
-5.613296334621565e-5
-1.2041114776841801e-5
-0.0008968735091383513
-0.0012668497368727772
-0.0016854143319554001
-0.0007922711299162941
-0.0015721416625968606
-0.00250814545697914
-0.0023084366217162966
-0.002086760155927985
-0.0013638498961854955
-0.0013383359196265713
-0.0015571684373973421
-0.0002440705089701651
-0.001286374294627081
-0.0008209650003879479
-0.001766833660947171
-0.0016578371074827164
-0.0019330098823405733
-0.0018923637281383888
-0.0013412417979711442
-0.000685869158375211
-0.0011998979130062846
-0.0022002508925385317
-0.002686187627577595
-0.002396230018718471
-0.001577945301530294
-0.0011348642093861805
-0.001663892794682442
-0.0011148701862788149
-0.0026589697365063314
-0.0015921909578115933
-0.0026109624982670575
-0.003075229058259781
-0.002709234091695191
-0.00322317593654117
-0.0019330971398564096
-0.0015538479898159784
-0.0026375156263316085
-0.002114920338724912
-0.0027452001153333906
-0.0026678038198682356
-0.0014338773778473477
-0.0017137067936700643
-0.002366615641415895
-0.0021781658449912126
-0.0038713574073257744
-0.003263980699911582
-0.0034500215532182964
-0.0038344503196091734
-0.0033919140636429037
-0.003330361219953489
-0.002879218289214739
-0.002205731693098605
-0.002881792393120327
-0.0020896493559507154
-0.002822685866344676
-0.0025480895611913958
-0.0022846420533440266
-0.0024805272841449217
-0.0033796877386785074
-0.003966580033452486
0.0024878434881622576
0.0012783995329007218
0.0014821708360612884
-0.0017758345914990084
-0.005846097471181119
-0.01912241575184159
-0.030831613612419085
-0.06163539012055926
-0.050038040241823546
-0.04032414857554262
-0.010442663648893083
-0.011187470064331118
-0.003768420606686654
-0.001669729286475392
0.0014394949330356122
0.0014140629549344455
0.0033179811157580505
0.0027125120425162035
0.0005819689942603917
-0.001680832286040443
-0.004058639725922716
-0.007331316808359123
-0.01729773504805984
-0.019890762222046023
-0.02473965788542272
-0.012672966627428247
-0.00978750573082436
-0.003151344554820215
-0.003105227943906409
0.0009711037520696109
0.0017729352908423361
0.003045979548332651
0.0026987149777989157
0.0023743483044898718
0.0015327951789527064
0.000856348275558001
-0.0008867982688166815
-0.003874457486423578
-0.005896616427772234
-0.009162564512933442
-0.008263076969447782
-0.0076570689768172195
-0.002327498097302324
-0.0013958663409885648
-0.00031290690451782517
0.0005470419472331893
0.0025623307008454193
0.0015105562703767637
0.0017261174070348647
0.0029346319289387883
0.0020494212177549005
0.002713472880786146
0.001460372173708333
-5.388987265419478e-5
-0.0017777720958086266
-0.0013548318846860216
-0.003131357314306616
-0.0011786193336731404
-0.0009134926235949781
0.001590289164116498
0.00026771038428392705
0.003312459727620881
0.003427422085189254
0.0038163994220113697
0.002531074259636652
0.0029154798096904665
0.002628179586863632
0.002934582567953262
0.0030244374394136505
0.0003953342842022959
0.0017879287870024058
0.000236752502213882
0.00042165888313671555
0.0006482772654441057
0.0019241763899597306
0.0005329652012375852
0.0030480096116432434
0.003325316441636887
0.004086237836210141
0.002970372604990364
0.003687380503870016
0.0035919481226870877
0.0028539288171214377
0.0037981956432574086
0.00407006758521472
0.003306500591604255
0.0029435805314480482
0.0024705835641709003
0.0011575393832905468
0.003488654577059325
0.001893387952930059
0.0021110617005680723
0.0029845891524449145
0.004780979035608532
0.004747152719227593
0.004323039213035512
0.0048925538817644176
0.0036703548817007604
0.004746484111305342
0.0056760503677684
0.00576300620501047
0.0048226495105065225
0.005290984997609956
0.0032022190461641884
0.0037590531495325145
0.0034279151871686006
0.002650636935670014
0.0027712062597816094
0.0031755296211652293
0.0032340547354793065
0.003766297514397035
0.003985761245996627
0.005284518429355427
0.0038435887020350874
0.0034916580537639815
0.005045651923419646
0.00597008911694532
0.004408349005170361
0.004130038503683649
0.0027663306566381484
0.003685514422824214
0.003342416670983896
0.0021228584048488142
0.003389686249761693
0.002282263811484615
0.0028688602290617518
0.0038128163852256232
0.003744116505105251
0.004825722205907139
0.003857804522064821
0.003649868817750988
0.004122402545747897
0.005524966825688615
0.005087710367797851
0.00507766840745642
0.0041178245141790665
0.004564245501724279
0.0007376093883645004
0.0032200309067428744
0.002382897373448251
0.003200080235766119
0.002089494100908997
0.0026003444084424497
0.0033432257270607645
0.004167634039462734
0.004184930563647155
0.002473855254332989
0.0035737571263965064
0.004352147883293085
0.005666003084739538
0.003972170423129499
0.005623558953266293
0.003899365985721276
0.003671366099336174
0.0008108588148678792
0.0008260577919189325
0.0011121187926601676
0.0025066816702965225
0.0015164512056226312
0.004374355985266178
0.0031992672712414065
0.0033830483459136407
0.003333089981346372
0.0024076679830520946
0.003621842516679511
0.004374085355697833
0.00577781908863771
0.004582709835815112
0.010969213078261335
0.0009650250584307249
0.0029090052990855954
-0.0012551161093740542
0.0009169546307385853
0.00187412064827545
0.0012453350541390218
0.00198719455276994
0.0024581289767439674
0.003556154187608137
0.00313825882935384
0.0026098028340099185
0.0010281734511225326
0.002001394867288259
-0.0003966376499000137
0.007015373018616055
0.013717370048715689
0.006102540482883837
-0.0060218852599332835
-0.002119155679484248
-0.004070312677731323
-0.0003681742595627063
0.0005408011142302454
0.0024652382506177117
0.0026961472960161962
0.001467913578884536
0.001804125021977657
0.001035243335419714
-0.001049156346006517
-0.0075591002650996905
-0.008271645195628842
-0.011960779975322392
0.053477837761227554
-0.0180128924224939
-0.016544829743091398
-0.013372694618160284
-0.006274316115176855
-0.00264215992231298
0.0013545030088326555
0.0024080723030497223
0.002436653294972417
0.0031339294157141486
0.0012534092237929428
0.0009895015435616532
-0.006105491955951902
-0.012755598778703416
-0.04141627214993479
-0.054420221946329964
0.5888258986282364
-0.08141965043084075
-0.07693206679139888
-0.018521501708795882
-0.010641743291037628
-0.002332567402454569
-0.00016080163294854917
0.0031057291891720654
0.0028104230780682383
0.0029357391062792594
0.0004193931209955139
-0.0024530539701584538
-0.008332007039576058
-0.035425137328388145
-0.07572393726563768
-0.28173702793286626
-0.3716204825506349
1.2498604682370718
-0.03921428598139823
-0.029386200907757967
-0.006827622550506784
-0.006190180419232994
-0.0003865180029961709
0.0016555000100749104
0.0030298066367959384
0.002657348154824163
0.000670299760530388
-0.0014995291571760503
-0.010257333406630362
-0.025362406610003354
-0.07068095355795398
-0.11360819501209071
-0.22816060439546507
-0.05385421606313392
-0.03538118825238117
-0.010445686407819852
-0.008804851120815764
-0.002745565250345563
0.0009100773988020123
0.0016877730131285502
0.006419888674465357
0.017840676524908394
0.03386965375580876
0.08486041423212569
0.1329141081313872
-0.6127842413447555
-0.054383697410748305
-0.014530571224330617
0.007643094759126017
0.004199668252790814
0.005552529318145613
0.002103665258441318
-0.0008591391861705811
-0.0001956877721156084
0.0007669291616819039
0.0029826350221987944
0.010581023903112502
0.02168290956156507
0.06932181066542441
0.1438884063997917
0.3986776925791248
-1.7754241239984556
-0.36436211182613926
0.06459933429005865
0.02004642500348655
0.010422397829336155
0.006198871270682185
0.0022821900584228424
0.001121647093220979
-0.0008040513444055391
-0.00018493659232525115
0.00405056347759562
0.010020200004927288
0.02531638878495791
0.05041268990538716
0.13288481621182438
0.22480015480768897
0.3547221189237832
0.18712658771470142
0.06522917854756057
0.02684831504479458
0.011934711176698965
0.006125794907801339
0.0010400625562416283
0.0012852202735402411
-0.0006179401758315274
0.0013822961494409799
0.00595287361258451
0.008734849323868596
0.017464816022933677
0.03936412789965441
0.06244033391984147
0.12204312988980325
0.09841093214885059
0.0828425354594861
0.03890070138529012
0.021726981323099248
0.009999035003283611
0.005776149451600436
0.0020678047565728134
0.002404257288046549
0.0007157950532439871
0.0029329363809755113
0.0032061163041724942
0.006254032939554334
0.01330374602400712
0.019588981042004135
0.03743038289868676
0.04537365150151767
0.04662853963586641
0.0356645874446173
0.024089613642374302
0.01292894599066213
0.008203935229633946
0.0018040660059182006
0.0007361624791686436
-0.00010871802560803355
-0.00021924370559428015
0.00044712260375199403
0.0018163731713942883
0.003603069161431346
0.005806985019629791
0.010467091826212508
0.01603909995171511
0.020618144153706556
0.019809447804325607
0.018568648828494502
0.011848899355548748
0.007594115038356372
0.004890102161682314
0.0028466996403346267
-0.00012332126230398237
-0.0009423701249750946
-0.0024323556227799745
0.0002416806069827118
0.001943844054619971
-0.0001351792671265228
0.0006036570199801553
0.004076002541481629
0.00636358506439814
0.007049384646222663
0.008211931108915391
0.00632681805453741
0.004868333581937002
0.0019122125451493384
0.002904075052413818
0.0003065753210853831
-0.0006487665212482642
-0.0018805807163660726
-0.0005309744176056757
-0.0008623197159063479
-0.000366575906806553
-0.0001398206506069828
-0.001183603775587599
0.0009079805706632542
0.0007920472672432735
0.0023569103607762204
0.0026796890395897207
0.001915726481539488
0.0004911782349667155
0.0015155671371829488
-0.0007785462522117868
-0.0006957066071193704
-0.0006918020336418214
-0.0028781967117198467
-0.0010613921411237288
-0.0017335437518123217
-0.001190343663495567
-0.002462691230058832
-0.0030487562192637774
-0.001810590159772047
-0.002318637106975473
0.0007965358087237447
0.0018417658639070765
-7.228971011035562e-5
0.0008931904216280304
0.0005503014083628619
-0.0016744196258843941
-0.0004244466171332619
-0.0005998471967958911
-0.0024461170562542836
-0.0021889192890580337
-0.0024504596458703558
-0.0016871361455078314
-0.004828852648611831
-0.004909669400554404
-0.002286494796302771
-0.0022956420350164837
-0.0008342317689298924
-0.0018696289518630375
-0.001302835430021389
0.001575461324365491
-3.688808087186368e-5
-0.0004858523547774324
-0.0011353628644666892
-0.0031350412488223693
-0.0027740790288728764
-0.0034000877076529514
-0.003335765258706575
-0.003379579274061571
-0.004775564970657736
-0.003897512924371812
-0.0023020932899826783
-0.0025043092096485894
-0.0012453330883632576
-0.0018485936764323675
-0.0025024311550902356
0.0002898270914442723
-0.0010552961374529486
-1.977625326212199e-5
-0.0010416992617421415
-0.0030672328460161417
-0.0020432927875103325
-0.0026317314423796594
-0.002492566649994161
-0.0027113153847253928
-0.0019342089358549595
-0.0036406040954387216
-0.003191278919818464
-0.0022768656989169914
-0.0015585355876027757
-0.0032980308770488138
-0.0007292676867300904
-0.001493937130901541
-0.000819494247347121
-0.0008541540868339433
0.0004869753528027561
-0.0004986870774746658
-0.001348408090243479
-0.003347072138717479
-0.0025793049521415728
-0.001021720773843133
-0.0015126370731651107
-0.00047277373242889944
-0.002370013126412117
-0.0012626507164676766
-0.002112184875685301
-0.004898664731961431
-0.003669299565860316
-0.0011297724804210899
0.001147439342929371
-0.0011500875251350801
1.2345430044329822e-5
0.0007831458984348598
-0.0006923839294346061
-0.0014080650753895193
-0.002657227368984342
-0.0022850850761490134
0.0013776398091406765
4.858440742979878e-5
-0.0005301396473735074
-0.0015054112103651959
-0.0029087128740810596
-0.01576810804539997
-0.00791369960567329
-0.002228960847027779
0.0002520943759574482
-0.00033071527754087037
-0.00015281232382377557
0.00040372314705286976
-0.0005928868296570409
-0.0014721303625919427
-0.0020686703473168804
6.039011677863527e-5
0.0018525851961372149
0.005725860121672825
0.003524068315124353
0.006570393550583482
-0.0033178735685739577
-0.032775082171518956
-0.020395082891719898
-0.0057454539218118415
-0.0019145840075605175
0.0015326205535106273
0.0011675296835412052
0.0006144465530357435
0.0014636174251115128
-0.0005915068076619038
-0.0014920447355397123
0.0011938331425961476
0.00501364710714712
0.009567245304964243
0.02074386531286733
0.026068275300126138
0.029782776979366647
-0.07978206556177325
-0.06773404238534005
-0.003437721934897899
1.3770515712015598e-5
0.004518094043613362
0.003845497702910284
0.0013137494055104261
-0.0009878114352628116
-0.0010254062337282726
0.0002582870838004957
0.002808600898955733
1.896617268208738
-2.033761457663147
0.059680708620619666
0.0025233593123411375
-0.004871770565038175
-0.0017521175291224861
-0.0018406670994735072
-0.0013984542267213452
-0.0012002716404009113
-0.0007244990364412207
-0.0013832559331076312
0.000183471022274772
0.0012686386895480505
0.00181092022935998
0.012605758108543863
0.003544268226773653
-0.04956987028638673
-0.2184712322568921
-0.10395148966652774
-0.04877424557112098
-0.017051877164936148
-0.009493415738727288
-0.004095497783058297
-0.0029697665303905474
-0.002049093107769195
-0.0024299408167702155
-0.001826836669299113
-0.0019093457548123513
-0.002498669494038385
-0.00337741094917579
-0.010448796479302393
-0.015957647855897882
-0.040843139550670336
-0.11349715059055644
-0.0782392369358115
-0.040067773828770484
-0.020652045453631543
-0.01087166822393483
-0.0064605978487367955
-0.0024928043065565305
-0.002540938126617885
-0.003099422287082182
-0.0013419315428778947
-0.0027067981445812834
-0.0048411707635327185
-0.007492778166310457
-0.011396829608812355
-0.02154804509844264
-0.027419738810664396
-0.05121965242667762
-0.03864011612951125
-0.028655771523709832
-0.01715504914969455
-0.010338717892500841
-0.008438401807955315
-0.004840570612610965
-0.002788836578076294
-0.003882138714069577
-0.0030983960896444293
-0.004470160170634576
-0.005360383905229812
-0.008111313174469285
-0.011409491816438045
-0.017918528456034116
-0.02210011495924127
-0.02715691446041974
-0.025000700706656637
-0.019017782292147185
-0.013853185375705531
-0.008829178160954935
-0.006353628536837552
-0.004855386628743554
-0.0028910649120151882
-0.003947093574290325
-0.0033725748987283575
-0.004423382166177018
-0.00384679198714862
-0.0074039643834116825
-0.01010607141242498
-0.013272866908697372
-0.01397826080928846
-0.016274098933353815
-0.015688196602835
-0.013630138323926486
-0.010933171853674503
-0.007663849420671942
-0.005953076605175496
-0.0057413565955688065
-0.004004036214235559
-0.002923339888329407
-0.002671482226558616
-0.004943232258365973
-0.005141602932861162
-0.006473000290260629
-0.008028289146716347
-0.010608522974071102
-0.009640701097314627
-0.010415000306685483
-0.009558363997322445
-0.009527332372722123
-0.006613905333042465
-0.005270319429008362
-0.003907769233339299
-0.00437775763938778
-0.003982464011720621
-0.0027346713614607556
-0.0024626356718649477
-0.003263187129401356
-0.004433648671888818
-0.0056264359479861956
-0.006038219374791072
-0.008533806212228547
-0.004282048166765988
-0.006026884535328897
-0.0046248646586824135
-0.004941052364737413
-0.003718759661941843
-0.003469933204820257
-0.0033758918106490884
-0.0034589918500025183
-0.003076569573210775
-0.0033449830542938244
-0.00223371576912973
-0.001818918158179446
-0.0033844690924853173
-0.004601933161430988
-0.004170524215049287
-0.005341346733115486
-0.0013928111459339493
-0.003319257390091315
-0.0022506993539943287
-0.0007862992947417776
-0.001314220451397323
-0.0009446668973977755
-0.001136606846605464
-0.002115647965020719
-0.001401445110488938
-0.0022019267944191484
-0.0016570229320316582
-0.0006169047569679346
-0.0027709562407236066
-0.002605289403898283
-0.0016331463317681054
-0.0020515230486585646
0.0015335901389997657
0.0009255593794213758
0.0006317978284684369
0.0019939808707816627
0.001195446715790958
0.00022253205868015034
0.0003719015523894129
-0.0011535105060878615
-0.00040083267201056314
-0.0016657853150077338
-0.0005902858169922646
0.0003121093928226096
-0.00038714806267935273
0.00039096471447531587
0.0010857704504745858
0.0019653754191507893
0.005438933217511626
0.004734504103728404
0.004720016804591798
0.004062187525830421
0.003026767013028456
0.0014023132402113591
0.0009855978544744738
0.0011858270800993223
0.001263580709383563
-0.0003205234970749452
-0.00010946413746740688
0.0003552753442893339
0.0017065669192985675
0.002163589994467504
0.00316686076294357
0.005583985557913087
0.0111765767458368
0.011420244835308757
0.009836991202681064
0.007831513837253824
0.005353143728849345
0.0030861937896521025
0.00225659109924032
0.002076023829514323
0.0015740988415931943
-0.0004112853130546238
0.0005242483452571855
0.0022302408945418023
0.003363128726647832
0.004269312482232743
0.005962478471477523
0.008281437155160753
0.017770011935903975
0.021716179710502027
0.018256686665418517
0.01399424830847564
0.009181557134585539
0.006464095571101191
0.0026727761546388134
0.0034737706227800616
0.0009528969975825788
0.0004194831436203553
0.0007346541319013504
0.0029495497285019936
0.005001230268298708
0.006081094505363472
0.008017243378139846
0.01320902280731642
0.03081133424246433
0.039027333446264696
0.030951526599385687
0.019557496513209757
0.011984209593406124
0.007496314281891945
0.003989651227974308
0.0016967605751783894
-0.00017003525276216305
0.0007886100309955052
0.0008672309395418537
0.0026221324511157503
0.005443671786659887
0.008307959024814376
0.012446339077187021
0.021108410598618538
0.0547677480785402
0.0772161462616213
0.057453468071648126
0.02464548792429884
0.013567093720389268
0.006527350732455928
0.0038655720163842965
0.000897404810944437
-0.0009717401737071025
0.0008945321494844969
0.001400169992764579
0.0031371285983479583
0.004761130515089869
0.009327436129321241
0.016677928064022237
0.03726891748879062
0.36775187524993713
0.26770457552235577
0.08914121535634825
0.03749116141681393
0.009829704623880341
0.0048870948829671974
0.0017956573978626367
-0.0001756602239921465
-0.001135858122417312
-0.00048142460423552055
0.0006499431971088601
0.002104945851458878
0.004034470744361384
0.008103452827489255
0.016651814213409576
0.05151411084313912
0.01824248715674683
0.043023023656247786
0.06255531346984271
0.2086972699184959
2.8475023975392126
-0.19201945066656861
-0.09184404949376437
-0.05386839000845682
-0.025092717298006745
-0.011486619518834883
-0.002588149707014325
0.0011268591767094084
0.003064511500490338
0.007144587496346018
0.00848374020153403
0.014829364750512854
0.011173366620193404
-0.010250651709569021
-0.03586135027239015
-0.4395494101097455
-1.0460067049933612
-0.45000497278373663
-0.1409346545659131
-0.057892385466599375
-0.026225794212644784
-0.011544240619795719
-0.002519140769974467
0.0007220784030599781
0.0017040311902590882
0.006411531470801807
0.007378042395596264
0.006021273845139061
-0.004524745925365468
-0.013506554690669737
-0.05363507945943357
-0.18888454440672653
-0.40687362378479286
-0.22865507440558813
-0.10056414122390692
-0.043026713537081075
-0.020329758839873518
-0.009023532685788944
-0.0009620192076527281
0.0019355377270163423
0.003088523008196314
0.008912828673928634
0.005058706298359426
0.0029535464504334826
-0.003981730553580005
-0.0167419553704763
-0.03835145752381841
-0.08044630360788964
-0.14194878820093088
-0.10181562036896191
-0.05391693636375258
-0.032089180915435
-0.01633489489385534
-0.008955685746018549
-0.0009340461730761077
0.0012168696672967025
0.005026814467036124
0.007754774839543978
0.007664629404242494
0.001774030645026821
-0.002004550958033319
-0.0065473565429377935
-0.02182867192739939
-0.03947201878755641
-0.050202065454800104
-0.04068528170603267
-0.029116176533710042
-0.017700873540243772
-0.01083197084219392
-0.0024536746206236314
-0.0001648846376279536
0.002038405989020043
0.004097202747749426
0.006117124873113319
0.007817777482071573
0.0030778084461951347
0.0013501631796240376
-0.003876298158823075
-0.010154008592969473
-0.017058993102378617
-0.02081648244508062
-0.021225431205023418
-0.01423885006471527
-0.008936687105660748
-0.004900719625509532
-0.003540456163940841
0.003701535421455074
0.003308176218940509
0.004341645989906242
0.0058830066840347165
0.004815887803024294
0.003225695643862151
0.003734893800878237
0.0012981425113662423
-0.004594177031289818
-0.006020225148739232
-0.009397003278771228
-0.0070435772989462676
-0.0073912520070141775
-0.0042938815380391794
-0.0032901268249866562
-0.0003095240305141043
0.004833154658505887
0.006320673803374375
0.00509667074733888
0.005142197918163111
0.0038016265720927974
0.006741487044453867
0.006297857506341351
0.0037178124039422508
0.0013804462173419131
0.002478523846493209
-0.0009733712724890362
-0.0016939380573207504
0.00012987346968914199
-0.001082131690706129
0.003114992588954862
0.0007161392946812611
0.006169303841447928
0.00906659159101424
0.006460825452342929
0.006046459859080228
0.005835742169401965
0.006523613738379132
0.005050107095731801
0.008004707915426106
0.005076531909506961
0.004234280541553036
-0.0010072287025727456
0.0026854070388642286
0.0024197302436695465
0.002219124492196954
0.004488586255618387
0.0021976319340675553
0.006873412482021324
0.010603043243380503
0.007305892679914043
0.006250528736562062
0.006036819090409858
0.006739233210087889
0.00831604434445347
0.011077949218168265
0.007695738358862606
0.004455164245852574
0.0028349416763604357
0.003902691226001819
0.003099082917320193
0.0005060990605504775
0.002680679583508198
0.0027043745432843757
0.008984298751845492
0.009288953987078739
0.00861571483857359
0.008950391016773602
0.008437066144974373
0.009196566513947221
0.010422960302334387
0.011431901397094857
0.009240252839752602
0.007662439162845393
0.00399290813355364
0.005472247322984214
0.0023780220365032293
0.0024123331245319507
0.0017064748181332486
0.0031549462531029137
0.008032306537593827
0.008232437658302344
0.0070341143169163345
0.007732972790934024
0.008790600547766793
0.012754540479691157
0.013178741405106357
0.007982299325456325
0.01260456009411257
0.009409575330684566
0.009895601027033366
0.0017894379691889245
0.0019569864066029154
0.0002598916614011482
-0.001499130672127627
0.0005871744085241612
0.003945836054310505
0.006179357588006111
0.0065005043108459365
0.009172493887246926
0.008504476107601236
0.011236110204749798
0.011985078026156283
0.013543101760433263
0.011401063920152167
0.017102290164299937
0.006313231010578929
0.006258628986631801
-0.0010927063806722762
-0.002938017925959439
-0.0024469848161403317
0.0011562992482856331
0.0010844755542405477
0.004125097513691433
0.004421142740976074
0.009333874832439805
0.010368705301288193
0.011055014655577051
0.017052245999201802
0.014571204804576469
0.026782922614140645
0.023987955530807962
0.02614951146071969
-0.0012942929222607093
-0.003814332217349833
-0.005825596519111012
-0.0028361357610374584
-0.003410829927344496
-0.0013361282136367485
0.004877592129089756
0.006872360749169683
0.008522827506126025
0.00995932663109751
0.008962302182254658
0.013725584905965843
0.03033565130141928
0.03756181458757856
0.05108279246894827
0.050489637760552396
-0.009312518102568298
-0.020367082396651515
-0.015014896479579192
-0.009290559788321455
-0.005188902638481815
-0.0013066745473293965
0.003582437731724033
0.007392380487512914
0.010819284694579762
0.009137113137928761
0.015274984643619021
0.02208060203861178
0.024149806856398334
0.04291082343248864
0.15236616190426733
0.06530928170779501
-0.023075624754349995
-0.06352535145383337
-0.028447534859202008
-0.020887570680880072
-0.008399616231740657
-0.0011347236937356434
-0.00022840122640375215
0.005221867366703153
0.0062696940036571355
0.009577117102787245
0.011810386284788841
0.003224107097418708
0.0020352937979649824
0.004758990909350117
0.0026558839597156762
0.0036145174508371977
0.0018803080038912285
0.0009534016069782671
-0.00022853511374129262
0.0004677893900547591
-9.24840502198329e-5
7.003098633756543e-5
-0.0007125442878510439
0.0012729055893331588
0.001484404347552843
0.00272227670785036
0.002259945863248894
0.0004652664587950855
0.002770258290319377
0.00179625268195471
0.00048674210105349974
0.0015428266708767302
0.0017892635940702179
-0.00012115436550003491
-0.0002318217644565698
-0.0003883361261614402
0.00048317955342024423
-0.00013117277435399058
0.0006194430211586177
-0.0012824141692449448
1.2348097575086816e-6
-0.0014201886115010735
0.0009134697843098033
-0.0016605240911184594
-0.0005065371534364411
0.0016541061770533978
-0.0004488515012740162
0.0012118463159654386
0.000554638881525563
0.0009510524484658048
-0.0014618122294670411
-0.002404799545845416
-0.0014507271992703242
-0.0017775189849773133
-0.00239568561233315
-0.004011651140180991
-0.002396953325035878
-0.001715000218307742
-0.0016725205129781843
-0.002486784678845159
-0.0012035844764694387
-0.0005395342081069252
-0.0004865088637747741
-0.0018944781495064435
-0.0011697102867194178
-0.0014309975982006032
-0.0016644903876624707
-0.0021319255383105353
-0.0035546862051563247
-0.004715927497268959
-0.004598895658968244
-0.007412526938808744
-0.005107435638674926
-0.006884515648865875
-0.003586514459572363
-0.004746870005511171
-0.003959279166888875
-0.0013407000270461717
-0.0009666420216545848
-0.0004608998833200823
-0.0017637192604956276
-0.0014508664463046162
-0.0032893774196331473
-0.004212133053284732
-0.0057017728617236915
-0.005628016356579365
-0.009610686137540096
-0.008634559481637914
-0.013055358913226412
-0.007990087617898234
-0.008486773649086725
-0.00994527261352559
-0.0024351020337583097
-0.003079819919179665
-0.00011682490279442458
-0.0017717103028092162
-0.0004603790793676481
-0.0015381185585701263
-0.0021754304774082756
-0.005544393769436405
-0.005734396023870717
-0.0094445935401806
-0.011763266517471626
-0.01776196549076877
-0.01724987844485509
-0.024292925288634217
-0.010793942169679771
-0.004261864507002003
-0.0017513808651325755
0.0005792099911851998
0.0003614132146856899
0.0024369266083009984
0.0011984496252453395
-0.0017795274733677705
-0.0030706448968548508
-0.0044715076280292055
-0.007074235327627172
-0.00976422732405711
-0.02134570702390755
-0.025289129718983817
-0.046295370538080374
-0.036657076510958835
-0.028123567247720156
-0.005811470362524221
0.0066742748870231355
0.004042432589124509
0.005098339961659656
0.003177522564975258
0.002976777527141181
-0.0016996251289549294
-0.002981531481806178
-0.005515788936629415
-0.005863699113086255
-0.016256325246866175
-0.02171467079629135
-0.055697238339189444
-0.06873544470627274
-0.12139872183672083
-0.03931681153279388
0.0202766736061264
0.01628660016182502
0.013834113024196749
0.00826364031602339
0.006404215553325064
0.0027573855918048475
0.0012034201297714132
-0.002556553493781998
-0.0035129016840399927
-0.009361587505669287
-0.013404540617393547
-0.03839364453427695
-0.062331529735879826
-0.1312773086716499
-0.2778345998355879
-0.08302179496744734
0.09447854224356202
0.05575318751355257
0.021417656779009548
0.013995168575941467
0.00502630634133382
0.002995439064887994
0.0010037077896058854
0.00028984752639228467
-0.0038412484647313344
-0.006778515833012092
-0.01772047335474457
-0.03214987362983511
-0.09340747632059801
-0.2876240310626935
-0.5536549101076494
0.35631720610946094
0.15443219942303993
0.05441469795899467
0.02937842962247094
0.011381260179699666
0.006549802930567359
0.002426204064952418
0.000902338938153959
-0.000838609170535774
-0.002362031438793201
-0.005784334132323264
-0.008464455088430667
-0.02180833037288428
-0.024119643307630324
-0.04957379531145163
0.28484704033551395
0.2752461099990081
0.08040272385228338
0.05045319408121465
0.022630836495069705
0.012942305809682572
0.004378030334558086
0.003502484868215328
0.0007018643565039413
-0.0004454120221902344
-0.002868947477609086
-0.002500198050568798
-0.005149639463221912
-0.0016468290594184348
-0.002053633886677224
0.03451618098411855
0.10086963228047374
0.16084685838778526
0.050874323697748414
0.02735818436243366
0.01943931873828073
0.009886006100743711
0.006805560355109588
0.0028436459601348064
0.0024221769242785303
-0.0008008540529514715
-0.0018148234797287733
-0.0025375028704766054
-0.00011403043846110373
-0.001679956372989082
0.008099337025013647
0.01866844954262946
0.05689346757159078
0.05210661568977523
0.023312167797857736
0.01973904437004965
0.01092616065785355
0.008322911164071993
0.004054488426926041
0.00274120988036252
0.002405098326898629
0.0005908116635622603
-0.0015653908917811195
-0.003188804324269445
-0.0011709612793594786
0.0014514525798899726
0.0035661205373185368
0.015273125018590936
0.022934274578871476
0.02906792380287405
0.014291527622605273
0.010483443823760418
0.009179867484346602
0.005384117556886192
0.0044736423409098575
0.0022491284867163495
0.0023360802814498187
0.0004883243044507171
0.0007726038263736754
-0.001667554833154222
0.0019095183817594375
0.0008827569596161536
0.004406011923410613
0.0073847789703220985
0.01289352028535796
0.012836585691629552
0.006062375692671783
0.0058675882074162205
0.004615108519665419
0.0034844766406544525
0.0023476817334052765
0.0011444432542424895
-3.0453481088753634e-5
-0.0008350045961911873
0.0010960643414778242
0.0008291245144701542
0.0002109427355064112
0.0014211987132290028
0.0016170689372103327
0.005425191474022557
0.0054131171622960675
0.007355008054369131
