0.0013294759982058796
0.0009306979715393371
-0.01579436472146879
-0.018688728840732194
-0.023499366535873034
-0.03383485539511338
-0.03150954070510145
-0.05043773354125435
-0.03179035137287316
-0.03420743400406557
-0.024782045212726814
-0.02009815426245307
-0.014721058069933162
-0.01336226263260985
-0.012208490347538655
-0.012516839767413128
-0.013495163268968595
-0.015048851471523126
-0.01784000220174736
-0.020171239086485108
-0.027475241796164344
-0.02481446897434718
-0.023709471912009228
-0.03135213576869204
-0.023407551122947054
-0.023470655051326422
-0.027556920789680795
-0.022148785858665924
-0.01838628234330291
-0.013468935290626748
-0.012000345868139098
-0.012025233667544283
-0.013041709976883222
-0.014935851795958003
-0.017244480900592257
-0.023254011831250657
-0.026569663793340543
-0.027196042967118847
0.1225255256024172
3.500151916350019
0.11868618303997258
-0.025422996508527612
-0.024031906105087864
-0.023539916658480316
-0.018036606927597842
-0.015390795080972958
-0.013470596108344226
-0.01321720995676619
-0.013195193680219207
-0.015199440546275268
-0.0170084615777759
-0.019510048515795363
-0.028808132063659408
-0.05313811084325815
-0.45084538916313194
1.720861862624052
-0.45130376287694474
-0.05333536900896993
-0.0303416855459166
-0.018849708294410107
-0.01572294080002856
-0.013169674371140064
-0.01276468135609136
-0.0133893408728437
-0.013518740806851138
-0.013963677461590879
-0.015981033723611735
-0.01825530888194523
-0.02154445073981983
-0.033213594655802516
-0.07453460882392278
-0.250403813872005
-0.0736071401045775
-0.035046143165957194
-0.020974100954821003
-0.018345835291494677
-0.015124728106517982
-0.013810044130217303
-0.013128738315124809
-0.01334232525581591
-0.012205931100357394
-0.014282065034362017
-0.013398984970662223
-0.014340766974340594
-0.020094792370299625
-0.022256991852471777
-0.04574405326799769
-0.05637669499296307
-0.04560620162109937
-0.024438311538687144
-0.02242236555384739
-0.01792432974881814
-0.01506370047974213
-0.012130889870116146
-0.012391201763256294
-0.012882400301224095
-0.01251053396410316
-0.012222129768906995
-0.01094412496513793
-0.014461440082341986
-0.0174241180772303
-0.019959018750473553
-0.02393932048625819
-0.0339809878889882
-0.02439828562459723
-0.021050154666082857
-0.01589359307554738
-0.014968748696734197
-0.012704706117568918
-0.012206947684911729
-0.011524069630178943
-0.011201064166147273
-0.010731617118778689
-0.00957732228145918
-0.010390465125476872
-0.012478034850938478
-0.015106892934240508
-0.01713641497627047
-0.018683241600487788
-0.019433877929689224
-0.019275770321308
-0.01602044034256142
-0.012359673138377889
-0.010905619557280036
-0.009214790438602426
-0.010401537743451815
-0.010994351182729149
-0.011233692778161402
-0.011017941959886006
-0.010612888753278718
-0.009263711627060989
-0.01187869292803243
-0.014298799691492468
-0.013114807181957584
-0.013862842243444527
-0.014293381778285251
-0.01347531628872085
-0.013532440084898114
-0.012323244781669677
-0.010771986936091184
-0.010113394842919463
-0.01136174152690768
-0.011010580819203333
-0.009321648380528878
-0.009247729537458041
-0.009822498749501262
-0.010073704448855384
-0.009316361685301177
-0.012188793631634578
-0.011732703397855431
-0.013324022153252296
-0.012839960673399152
-0.013327925048408372
-0.01270582755324585
-0.01154793884946083
-0.011974490692541835
-0.012084647752879134
-0.010252204292935378
-0.009835391098691625
-0.008596558950205682
-0.009174840352690457
-0.010908345989315478
-0.009449452795031163
-0.011199934901982409
-0.011865249794039983
-0.010593573103275892
-0.012180128915656027
-0.01298793987850784
-0.012711820333424629
-0.012741071830412093
-0.010560585792935943
-0.010149132511487538
-0.010251726188523358
-0.010304328046180268
-0.01081767763790137
-0.010957999351862108
-0.009493555315273147
-0.010721034862803394
-0.00820755854524468
-0.009096937422946916
-0.010840475786931982
-0.011494917761315105
-0.011699002876095432
-0.01277342061165149
-0.013743684157323459
-0.012729866662648465
-0.011371894685441362
-0.01120095842220783
-0.011462444243007066
-0.011965655133775857
-0.009886779262264658
-0.008730076650525529
-0.009992918424290412
-0.009531942448022737
-0.010980624942376407
-0.011243901321743917
-0.012653330114241424
-0.01478956606010184
-0.013857745969204945
-0.015122550453673144
-0.01511666603863788
-0.014157340409220398
-0.013565630954962295
-0.012668582805429842
-0.011685114245840301
-0.011869046830883117
-0.010345953406552208
-0.009168753666559549
-0.008718505614519903
-0.011236133578356547
-0.01079672511842229
-0.011281587968370322
-0.014286093788869527
-0.0153364710737432
-0.015879715765366544
-0.015250048394487702
-0.01610579406820434
-0.014828118320776514
-0.01358905274969617
-0.012322441575353772
-0.011812515539667393
-0.013118699288948597
-0.011855592970321153
-0.0093665360942491
-0.009645308021762656
-0.011040052235887375
-0.013483940384231001
-0.013799202116153798
-0.01668771785660812
-0.019892906977687228
-0.021045330624287314
-0.022398063939159992
-0.019879829301713153
-0.018728526868617524
-0.015585188259869954
-0.014888262236927303
-0.012962271894272416
-0.012140749179581675
-0.011000941840142832
-0.009265657525776065
-0.009714524887382244
-0.011322577812962602
-0.013967756247614477
-0.014706114617829289
-0.020154326676907766
-0.024603627435028225
-0.029499221752890027
-0.028173309096846438
-0.030072092932260278
-0.024181264732463816
-0.02075113260536631
-0.016612202795870543
-0.015190945471599956
-0.01213744684583292
-0.011790306874353113
-0.010460258413566743
-0.01259084749664788
-0.013880453916460877
-0.15686134007210478
-0.10640211968388746
-0.06296496951873042
-0.04020036525552373
-0.0255735464816502
-0.018832241127665753
-0.013518183073026708
-0.014462874863217139
-0.014670939661834607
-0.018169370693486654
-0.02278700870958408
-0.03514515938212705
-0.06084547148045236
-0.10745275801697826
-0.1563562604603588
-0.13004781354957634
-0.08749572655360614
-0.06698846356671252
-0.04514072020787012
-0.03148799124021078
-0.023229771341629714
-0.0188367038046294
-0.01397829481038527
-0.01165650379432652
-0.012839530985312899
-0.016098796569380673
-0.02262830953086529
-0.03207066383461705
-0.0459188924205014
-0.0691239469139117
-0.08900046691713678
-0.09563403992579517
-0.05281040673374012
-0.04331370662956233
-0.033506156898439644
-0.02262026810496667
-0.01805299850320571
-0.015320696520059233
-0.011015329415834968
-0.01072569934751259
-0.013348997963554057
-0.013906615298054828
-0.017196536661555354
-0.023979361498214277
-0.03212740769094041
-0.04503982830684419
-0.05201618538205043
-0.05766170434417767
-0.035645511562840244
-0.02935010837572281
-0.024317625912880704
-0.019837222748409832
-0.015439215607127065
-0.01170892189905949
-0.009745840651008846
-0.007425833613496698
-0.006735422349138752
-0.010542870118857628
-0.013758678693539307
-0.016509055939571252
-0.023322963786725343
-0.02811590441450913
-0.03242297908193106
-0.03732704628637978
-0.02197970067397631
-0.017279053479762985
-0.015661920968774192
-0.013247456404528724
-0.010596729019809925
-0.005948018269100759
-0.005771238268598038
-0.006836858196648687
-0.006474175202682242
-0.008004452371002805
-0.011666741327850054
-0.01170388855925332
-0.013390496743314769
-0.01775592467593489
-0.020985144380714197
-0.022120922189465462
-0.014857911046159362
-0.012654232420819244
-0.011687670233862546
-0.01016373944228224
-0.007400653738978411
-0.007190518497704369
-0.005605898520609517
-0.006453352247375521
-0.005549143550917769
-0.004081155240526868
-0.008451572553741954
-0.01030058340112534
-0.013720162440868062
-0.015023961118680295
-0.013885350890159352
-0.015852210475448766
-0.011064144653542319
-0.009026314770121908
-0.0077303912922222166
-0.0065296120183205835
-0.005625727191425893
-0.005880204477808628
-0.004282073116458424
-0.0029360607219783025
-0.0033846972038185175
-0.0026892668146710785
-0.006976615485968739
-0.007516920851625767
-0.008272097525923956
-0.00876998883766214
-0.007321491124115256
-0.00889082284962057
-0.004911200452335416
-0.0043384870231946045
-0.0033476762776936337
-0.006022717637693693
-0.0038311579376940014
-0.0038685717226041357
-0.004696043338767272
-0.004380357089157147
-0.0038872629609116556
-0.0040640612070554395
-0.005821678778527736
-0.0057748577320755196
-0.006415099490277442
-0.0067080801157890875
-0.006309550104028642
-0.0052413975166470134
-0.004032294809153021
-0.0055291170563550925
-0.005095648314966657
-0.005155584382071041
-0.004465189730915486
-0.0036327636059947594
-0.005349950150288803
-0.0052674775494915985
-0.005762981516149498
-0.005315462973924595
-0.005405198044291896
-0.0061833199933619
-0.0055804063037519
-0.00506058338838636
-0.0047467365037977445
-0.0037879442156482177
-0.0017402268715602028
-0.0031695119247802266
-0.004255533196549331
-0.007576489747801369
-0.006751210843948639
-0.003561026384094176
-0.005244736757098732
-0.006021853690806389
-0.004757623825214522
-0.005282490726127732
-0.007405746893878029
-0.0075690080416155065
-0.005681435779668557
-0.003218614162722729
0.0013686518268733131
0.0009293046692803953
0.002505385828867929
0.0004781451019242938
-0.006333213992977837
-0.006421161242273917
-0.009207137099063609
-0.008161690550797901
-0.004936698522886563
-0.007632551408955107
-0.007831726995643384
-0.005079306211255706
-0.006447459528916299
-0.008342723124586435
-0.005657333253283242
0.0004892660270773428
0.004278680708521091
0.014589473630922641
0.028934835757295014
0.0029691095620850466
-0.00523322465432239
-0.010846313964063034
-0.009005142131750004
-0.009911358285753718
-0.007866140592444578
-0.008256400817266599
-0.0063955490488909845
-0.005790655810490369
-0.007921572494007066
-0.009679903870662324
-0.004590745355549996
0.00296091931235834
0.026439429128863642
0.03343059598033499
0.05419082316406759
0.015729829064246616
-0.011983264073909256
-0.016681637530787857
-0.016234037059575025
-0.011452260493318291
-0.011279086558637892
-0.0076149132243611434
-0.01022865517894679
-0.009695776342958182
-0.013534667670529297
-0.013065355346436767
-0.012017055642725174
0.015664467929342226
0.05330902279053314
0.18220393773078777
0.20727019292350463
-0.0038046467829796686
-0.022370606530884178
-0.02406911088997975
-0.017852812168361314
-0.015208830267197028
-0.013531139286031276
-0.012622319903704696
-0.012173794889874374
-0.012981765819152342
-0.016863049622173127
-0.02289940930171792
-0.020902010378225668
-0.0017957573133855738
0.21021334016149168
1.7438731886309877
-0.42659326861664904
-0.1283170325185285
-0.06205077352059055
-0.032585075957394544
-0.022848396007653298
-0.016110948017037944
-0.011664696383386677
-0.01276911673951934
-0.016414214413748084
-0.017284366688154213
-0.02329283414326985
-0.03400410489813918
-0.06284603444662797
-0.1279155425717785
-0.42404620183220676
7.232968195924105
-0.11872578862729193
-0.14480292211181536
-0.07113692693544008
-0.04373117888678143
-0.027797518791921196
-0.02101180023280229
-0.015798610854894337
-0.013181351319424597
-0.014586039200081813
-0.019275434769989098
-0.024508031239232682
-0.03924065822177573
-0.07061971208323217
-0.14436192142340035
-0.11632773573404417
-4.002850599216877
