-0.006439606367275543
0.0003776627401128388
-0.0003680239258507148
0.00562716895334953
0.004880612795970782
-0.003598450653104994
0.010784380293430701
0.018222425010044174
0.022206339932462214
0.015652121267190407
0.026099007664602568
0.023854135750497954
0.025459210387200757
0.009152178962270083
0.023138567889032246
0.010275963784158822
0.02373773403791635
0.013433975856992037
0.0010626583723059848
-0.005490902528139414
-0.01971173771887512
-0.0020433097819275757
0.0011260185099866457
0.014229154266525575
0.01180285740527359
0.02551052839985077
0.01554356301703904
0.021942485959497812
0.021761071484138302
0.019688050399804126
0.014785819275346508
0.012532971170378835
0.014294543700993435
0.008181240684744306
-0.00555546170923057
-0.033885018937815585
-0.029127227750086606
-0.023327065508748406
-0.013507947591747706
0.0011892145074005054
0.0031684399477537105
0.007949892433941761
0.018309885928452927
0.013758380601130606
0.012995258781746063
0.013601084174479904
0.011242443508362135
0.003987746565412413
0.00568391099001884
-0.011088042329753071
-0.01090454139479171
-0.04057411561363613
-0.07707592464128749
-0.030481727902850888
-0.027288893634669235
-0.010967407992810084
0.0055436700131857395
0.012187526460927077
0.012346327047110054
0.020664440109116052
0.018606486022903553
0.009885700263003366
0.008674200187968668
0.007940751491097506
-0.020907912092071212
-0.022093243213360654
-0.04290049325606546
-0.22558941411715608
-0.0036876940756028894
-0.11438011646653469
-0.041335099774465
-0.032104197922690286
-0.007353988360090494
0.0011892897848519257
0.015702272664771207
0.013497528891122112
0.017091370132368708
0.009342812415931476
0.004664775102511056
0.0036751791989028428
-0.00503788976542604
-0.04460678130028051
-0.0648841301470718
-0.43971140146407917
-0.5230922120473666
-0.04951833440221354
-0.0959476835204568
-0.033891527103708255
-0.011824643519245625
-0.011692869388759405
0.012032093982883487
0.009725854986947374
0.020994602113901455
0.02648306325188316
0.013961683551231242
0.009084923843457264
-0.024092827503218905
-0.01760358824198489
-0.15441275206324764
4.426133809355777
-0.5712637247321976
-0.32840649103603803
-0.092376445288456
-0.06023954590251682
-0.02052581947967257
-0.00290334725346126
0.003273038937628629
0.012181531922115662
0.020544875006265093
0.014204934400570385
0.014795892099217393
0.0028647152653499064
-0.006357390948689397
-0.045143457954484836
-0.9702364935775968
-0.7799792150509076
-0.3814092648144473
-0.14882935181887416
-0.09067610959128482
-0.03972039178559476
-0.022824476416828846
-0.010872223266964968
0.0007703911057096592
0.017488938981173995
0.011076165980562058
0.028392075782531206
0.0035519132226888746
0.001221477098356839
-0.024134183201379094
-0.12562719513130763
-0.028702698837857015
-0.14344820034607403
-0.1002260235118531
-0.10167864614379674
-0.045688058561275155
-0.03040745999756921
0.002436216271969953
0.008121366863819717
0.010093917423306047
0.013222817692801668
0.014434415271767378
0.013971395285473982
0.01401489987209408
0.005653245903959696
-0.010639068082412875
-0.03345792462293955
-0.1681144836820906
-0.0570632509295038
-0.07213009285685473
-0.03071927814944969
-0.01643364691580893
-0.007688679922173524
0.0021837662549321793
0.019414686793416798
0.012797253013990935
0.014089072127218832
0.017577366315685346
0.016178305071909704
0.005252939291491643
0.01063573847408831
-0.00788832817483822
-0.02103482187294368
-0.03900196128541828
-0.02182389330864621
-0.020037408082943846
-0.01642718016969857
-0.006976018720446349
0.005290051760660603
0.014667691553928134
0.01753774308302674
0.02443337817112092
0.02345382291410382
0.01891558295031804
0.023356017813669847
0.022740052654016962
0.006992955234015841
0.01445273068352844
-0.0033956421237319005
0.0001903254891935549
0.002541172391598057
-0.0035968413695288224
-0.004365225545054807
-0.004073052371027671
0.010380961898957946
0.015606235223191961
0.021318314565474124
0.02079992894533925
0.023218666312737342
0.025527761356537115
0.01312391041028032
0.01944454812107011
0.010755526983218522
0.010465667790886717
0.009228004674373574
0.012024442163434255
0.004545156809039366
0.015819516585513487
0.004017034771362801
0.003928294878671047
0.02032453696863538
0.015149466270287442
0.033759873861514786
0.02092495911010547
0.020985021152541285
0.017896097428745854
0.024882411216356624
0.017383625319558497
0.010851431011388635
0.016631913225833583
0.0212138931486151
0.012880004553277372
0.01568020740352279
0.022080752728180695
0.0017200081451815223
0.007940958391279724
0.017196113624475304
0.019854136207700906
0.017878097927852245
0.0151473012436412
0.02190545590633319
0.024863734247410695
0.025414645866051216
0.014025497692530817
0.01305922512445699
0.02248873825516168
0.01930229760544439
0.01944548801972383
0.013366938708805417
0.011001248082972441
0.01233116720801564
0.01824002311365873
0.015305046885219761
0.02013107683659147
0.01215448573343915
0.018608007298358167
0.0236158844115363
0.028155563492247862
0.033870643065049104
0.022469329703002642
0.021425074857557017
0.01854735757015178
0.01887106070156349
0.020265032576139402
0.00900408020239556
0.003303206676745501
0.011386854271621038
0.009168373076472806
0.02372961260022049
0.025744894330693456
0.019580600483373508
0.019065818751022923
0.02636727986871316
0.03121206357015503
0.026596882498251487
0.020049739132134512
0.02057796932089826
0.024044534702046053
0.028210932341724507
0.0025346625919776167
-0.01565613820458294
-0.015049281838151103
-0.014796450609099917
-0.014176410003275823
-0.014277848250592995
-0.012573161451086204
-0.01388134403603846
-0.01325272702566832
-0.0140532448841615
-0.012902543506801012
-0.014893494317867413
-0.015156762981430212
-0.01685440936721396
-0.015679228959432197
-0.015930735838264133
-0.015942526523758216
-0.01020974493050841
-0.01110815771994156
-0.010687228568998324
-0.01196246610730925
-0.012066168237605925
-0.01149285612631722
-0.012526657228196616
-0.012812498930564844
-0.01257623449758834
-0.010946870552240277
-0.011103633665128197
-0.01288384474368975
-0.011957596997435262
-0.0117257402138987
-0.010127375164966645
-0.011386379038763052
-0.006157915789138275
-0.007167753873442179
-0.007998031667843948
-0.010327595669586928
-0.010781501069001097
-0.010416224560607036
-0.011520515090102585
-0.012107152426392844
-0.010516630189528453
-0.008852061409260138
-0.008435980668463247
-0.006909690456953929
-0.006790968211535381
-0.0050167904923368225
-0.004710554795370843
-0.0030977061699988236
-0.00010393607588918597
-0.003567555285771265
-0.005079368296992928
-0.009272918638805226
-0.00941821312448127
-0.01022668914165065
-0.00983711955519725
-0.010774938647544221
-0.009737247526389714
-0.007659301178254874
-0.004953012351227519
-0.00393445315447715
0.0008187946267701628
0.0023012920446858166
0.00457707765439463
0.0013674876569596222
0.006212099326221097
0.002164311120030236
-0.004527127082672662
-0.007049144087184908
-0.00853398139059263
-0.010207074202072371
-0.010979681914398185
-0.009870881422848754
-0.009642620990553108
-0.005611488991251071
-0.0033522122025666286
0.002263657382445286
0.006936539311541967
0.014603568348783607
0.013562435829055693
0.013737235955932956
0.019482047657988506
0.004216024132006892
3.00466462655453e-6
-0.006398951410988971
-0.008130013634275342
-0.009132951704256546
-0.009869259008968725
-0.009101635769745944
-0.007401354980128933
-0.005327912511335092
-7.120270713818644e-5
0.005547003727025625
0.01932769707906209
0.027631597860901146
0.043673641974230334
0.026261307556683055
0.026916333905379723
0.012622695716148226
-0.0003256905042363442
-0.003899282811140134
-0.0090451585209493
-0.009171719809259087
-0.011163333053572795
-0.009296833154875348
-0.009182636375970115
-0.004026607791058615
-0.0007426906157948904
0.013686394595276615
0.025681431678376748
0.06853360003620712
0.0793218593523858
0.0682510750573234
0.048921120060040374
0.0075252545030503855
-0.0007884745786100027
-0.007334649954646274
-0.007717919865185309
-0.011539506142395118
-0.009379828400778294
-0.010129393609659337
-0.009547202469097205
-0.007482261685446098
0.0004771243313310301
0.008706551139267353
0.04943437193245257
0.09123439921204536
0.2721171204529655
0.09583239401576113
0.013499192847050877
0.005734081907024078
-0.010492596423639694
-0.009750242131445569
-0.013485474532280864
-0.012057848170572106
-0.012205029748574753
-0.01112022205354143
-0.012042279388689908
-0.009502565574918086
-0.010003500627129052
0.004199427787694558
0.012132055011681948
0.19218997198253934
1.1685200001323395
0.1933040377418154
-0.037341436186166595
-0.03166669256555587
-0.01639166939940988
-0.014612313408658881
-0.014081224292393934
-0.013966918999515793
-0.013084512935724718
-0.014166730069036288
-0.014385217637917773
-0.0168893480176278
-0.01594363456053717
-0.033155646211255003
-0.03826477060766897
-0.22669319179243982
2.141124571808928
-0.22345502441133752
-0.07512004492457515
-0.034245769620052005
-0.02611719618737535
-0.01845025731262872
-0.016944575472415693
-0.014965888086609966
-0.015656988756028733
-0.015648440939169523
-0.016425512926468995
-0.01845762014621596
-0.026047482012453847
-0.03511946163506692
-0.07490023649953927
-0.11865207547223393
-0.3033732603628725
-0.11931069986888249
-0.05185980821000457
-0.03990376718255017
-0.025542447985516366
-0.02177224074723627
-0.017485584521368763
-0.016911953080120196
-0.01525344228731084
-0.017240935360947146
-0.01692276210131442
-0.021866773731486544
-0.025904397604813084
-0.03938085287285939
-0.05309122413007852
-0.09774493382815698
-0.10730487643535166
-0.0961861031123422
-0.0448618030377393
-0.0313413802593801
-0.026347448249192308
-0.020743357580432463
-0.020295746022693077
-0.017439503534645105
-0.016326129668970596
-0.01650841176534329
-0.01915786118008655
-0.020311351202684798
-0.027005902166334285
-0.03146691791499764
-0.04705495114586403
-0.05469278806014136
-0.07178311532578054
-0.054148381270534146
-0.03201106243440954
-0.028046729047847444
-0.02237531211826183
-0.01995427650793884
-0.018011945779229255
-0.017107028646105207
-0.015935150810560208
-0.01697917055941464
-0.017817176371387567
-0.020538970203261352
-0.023022762049598983
-0.028156932718219476
-0.03336899123757351
-0.04094482244812104
-0.040575471062806324
-0.040057401422461315
-0.02600027169193933
-0.021826773235665703
-0.0191404826110252
-0.017539251609162147
-0.01738537125443258
-0.015756759590598
-0.016410856579510188
-0.016174761673772214
-0.01675721132610078
-0.017603458579702885
-0.02077350400238541
-0.023500841520752366
-0.02705281581438179
-0.026887149280149483
-0.030634760078571903
-0.027508879260863834
-0.020503047446596333
-0.019453485058510446
-0.017260584029204665
-0.016863350759471683
-0.015258479395173795
-0.01504600325239901
-0.015059672958078441
-0.014710432610842305
-0.015175135255702528
-0.016886270554518152
-0.016994771642467384
-0.019907841238325286
-0.019434860316414473
-0.02220085292954355
-0.02046831487341622
-0.022119418231970386
-0.011644900544852036
-0.011767054266149143
-0.011832273372959246
-0.014677614131402061
-0.014354472093236498
-0.017593448786257196
-0.018323489130879802
-0.020168131297681458
-0.01969916468494179
-0.019558351692625063
-0.019067487797148057
-0.017764108312516128
-0.01637373989536215
-0.014869496417350471
-0.012552682280501734
-0.013016673476376412
-0.013133611353940101
-0.012080906681305176
-0.013036389472747635
-0.013209524981738018
-0.015926565060783583
-0.016893447963506177
-0.018503458060880214
-0.0194270911943704
-0.019456811998849542
-0.018299716925255227
-0.019059544433556966
-0.01784308608282086
-0.016106093941264707
-0.014617594792708445
-0.01395245054958584
-0.01328001503345907
-0.01149843490907785
-0.01246001808731302
-0.011803126122845266
-0.013142526302408704
-0.0142188448480796
-0.016669730968615192
-0.018345560951959616
-0.019394006991049977
-0.01966278995077028
-0.019729713411157552
-0.018360352683177626
-0.017874581673946274
-0.016115169883656626
-0.015782885879388617
-0.013447975582094365
-0.012116066722364136
-0.010670523571997128
-0.009967827032773855
-0.01119881272713486
-0.011139734262532097
-0.015136766124194042
-0.016798673081921674
-0.02065952659604541
-0.020531043080505674
-0.021322078587801253
-0.02019404425033589
-0.019475826439641228
-0.017449539680017907
-0.01667181205150923
-0.015035113337485586
-0.014150391303588186
-0.01266838334698789
-0.00830778890960121
-0.00814218847792151
-0.005985545176009334
-0.009166640970263817
-0.01185632118133133
-0.019906788960118035
-0.022084239439682005
-0.02431484976359868
-0.02296938961962669
-0.022680762635251952
-0.020574310909033295
-0.019105209945272508
-0.016196367605838223
-0.015823260626568407
-0.012840721576599795
-0.011236843538750372
-0.006451776419517923
-0.0019058356555650261
-0.0021086145058936724
-0.002185603795525582
-0.012835275804796648
-0.018826894851837143
-0.02920202339140394
-0.027575902747837774
-0.029852231317637052
-0.024363509553939358
-0.02293290845923902
-0.019893833750514022
-0.01727985723455213
-0.0141648100476022
-0.011575432567857993
-0.0075691571235724465
-0.0001154951453453039
0.002755958376067206
0.01116124455713231
0.005751457372285784
0.0023159134428705225
-0.033784873497324015
-0.035725528434995574
-0.04192819833043732
-0.034243339889156746
-0.03082552059371052
-0.02505539099259685
-0.021573329879912354
-0.016598791256050287
-0.013768151769753918
-0.010268616506505266
-0.0068721554618834425
0.0034526426339863588
0.015550551314524434
0.022235993955149254
0.045310852006554145
0.008036233245579458
-0.04002075806769965
-0.07496306187513412
-0.05423900496622852
-0.04722016989952767
-0.03484580501125251
-0.029482449218695153
-0.022102210781323017
-0.018373397401664323
-0.012837552205982043
-0.008448276945479696
-0.0018022194533201935
0.012569677496702602
0.02378887098419795
0.06526992707143182
0.08742873649852734
0.18954885999911608
-0.21998247523567332
-0.12130045846247907
-0.09742908867580458
-0.055022856214207216
-0.04322956402613872
-0.02994508841156212
-0.024263207258437
-0.017492523487335987
-0.012326235429685245
-0.0071874214112325014
-8.994531283429164e-5
0.01245621472542483
0.04227253458446756
0.077080545395686
0.2708611787147566
1.4890104550727272
2.473040180641253
-0.3046455065695963
-0.10925600045283107
-0.07290624565707271
-0.042905535953353564
-0.03308169302397272
-0.024126378374399793
-0.0184754160848212
-0.012567996208630125
-0.0071538055079027035
0.0024091463872623446
0.011740268156812093
0.02727400959969064
0.06918088347521625
0.09295096270170744
0.20013208034704066
-0.23119931673409871
-0.12508709815613384
-0.09952081292503212
-0.05696051437622807
-0.04315596144928552
-0.031018343044742155
-0.024139986989746048
-0.017392496987287877
-0.013192821336383567
-0.006736532383721823
-0.0005107533476057404
0.00374025668802133
0.017026288106394376
0.02313942656508261
0.047518909983794565
0.008721815221430507
-0.040850663964735495
-0.078608111843268
-0.055338039542808706
-0.04851251414390518
-0.03520359091170511
-0.029978315054016186
-0.02207573216721999
-0.017584833468809652
-0.012339712646596081
-0.008922829911233146
-0.0016194590678746813
-3.218419239599512e-5
0.003185494742944986
0.010903178124748794
0.005972877397230587
0.003851596011597242
-0.033636182639614036
-0.03751739913915
-0.04154968156949618
-0.03360144319166614
-0.03174291103099613
-0.024753953369750135
-0.02130833043929874
-0.01651438873459543
-0.013685155190273092
-0.009602245886026897
-0.006751028754234374
-0.006015697155262897
-0.0014287960659403456
-0.0030261875747397754
-0.0020941840237613564
-0.011764921167025617
-0.01813496191837118
-0.029354289308111892
-0.028752331856507007
-0.029794311430443907
-0.026094014125699
-0.024241158787486707
-0.019790992765026563
-0.01685308698835439
-0.013323753441119282
-0.01148828137489906
-0.0078881584051073
-0.008380038868499275
-0.007104892809673164
-0.006370665168901819
-0.009770903313793015
-0.011505159699554977
-0.018274404228205594
-0.021256507341918168
-0.02390980576872932
-0.023683687838502443
-0.022570692485037114
-0.021670503669632385
-0.019653793088605133
-0.017639090035994013
-0.015075302384904066
-0.01242087774881783
-0.011237932130038755
-0.011079317724382105
-0.009146776581522034
-0.010986520081790607
-0.011233167812634294
-0.014577067188958818
-0.016959766179046914
-0.020153475272311917
-0.020411438105064187
-0.021715727272949018
-0.021036870968064135
-0.020396700134173103
-0.01816222875255537
-0.016701450959360126
-0.014521697305168009
-0.013135436297439924
-0.011636935658861336
