0.0013288969067060787
-0.0031106692943917574
-0.011578754392024437
-0.011262752993433265
-0.011760634858690635
-0.011282704427423147
-0.01117660453100864
-0.012757110383664009
-0.011628717685334987
-0.011180631241136245
-0.01190263213051653
-0.010579271223960216
-0.010620202308324996
-0.010897415132775893
-0.011379171852557966
-0.011718397929413796
-0.012189550932359957
-0.012095160284303031
-0.011935074398318642
-0.011504189449758988
-0.012023719315354174
-0.011797022198364728
-0.011184755961913885
-0.00990776521823164
-0.009742774450247781
-0.01029237324781047
-0.009914268103547352
-0.009744950564207062
-0.010069435725029696
-0.010567421455226543
-0.01025848290124619
-0.009599524909435048
-0.009851156307440115
-0.011416754279839647
-0.012027429864480516
-0.012547841224447758
-0.012513907260464996
-0.012131768658922076
-0.010146129439818418
-0.010925566026719076
-0.010308027433035757
-0.009134005253166412
-0.008237259880048716
-0.006830565788755813
-0.007520436220510935
-0.008123100900346982
-0.009432427058981837
-0.008433191770626658
-0.0096621635870093
-0.009367344578308885
-0.010158084802687564
-0.011158492056129656
-0.011284031651963157
-0.011197134363237144
-0.01223736398545531
-0.011240243620602719
-0.011004502638011676
-0.008991403511530195
-0.00914316921693536
-0.007479977732518448
-0.006212581418308055
-0.005310365844331918
-0.0038727740769625256
-0.0049417650488608415
-0.006029831292569105
-0.007412697423167009
-0.008303730053681652
-0.010689486414582285
-0.009639453480762096
-0.010424222522430656
-0.010145238651775251
-0.01071145766857197
-0.011483726820911672
-0.011537272091589909
-0.010776575553654903
-0.010014328326593885
-0.008165520144620917
-0.006611424985848769
-0.004541497124415098
0.0008915242520847646
0.00030916880622635983
0.0007073016566661968
-0.004572309379749579
-0.006043163704034826
-0.008076628184857099
-0.009244456423804554
-0.0094218923600373
-0.009694506916039502
-0.00945652339384418
-0.009821514659073062
-0.011476150780919172
-0.011393127138406818
-0.01096849046707164
-0.010061551487711233
-0.007834964794667798
-0.005783261092029954
0.0017668234311534969
0.006098498276451589
0.016007728712447853
0.007702834670444477
0.0022898548562694204
-0.004513751765585311
-0.007297299978262127
-0.009680802555778235
-0.00994387286610848
-0.010647904339193161
-0.010173268199425836
-0.010087905671473782
-0.01055226700921439
-0.01073773709640047
-0.011469322960778938
-0.009767088714565454
-0.008477897971024523
-0.0021735869614677656
0.005465587905772547
0.03210582978348226
0.03476208095066498
0.03203966943125111
0.006741414996353257
-0.0009022936453246917
-0.007550710898407392
-0.009348402441359658
-0.01145087225147255
-0.01171562694564217
-0.01116472491303781
-0.011767720840086801
-0.011644980638693313
-0.011316528191523512
-0.011298506506670001
-0.011012764783148714
-0.008793641961293936
-0.004315806212781004
0.02448516688710997
0.05228675116523646
0.1455792915403639
0.04399920280106958
0.025612699379317094
-0.0042314357704384825
-0.008505921828314602
-0.01222555530442401
-0.012324951151826519
-0.012434039830048368
-0.013860126375612321
-0.01345718358865292
-0.011982103669139262
-0.01196984626223213
-0.012854188437213837
-0.012739573743625098
-0.014402825260268053
-0.005966615531081545
0.018913178666282896
0.10426597361933757
2.2224401669446894
0.09757874188626493
0.014305462596433182
-0.007456384194267972
-0.01462467375303888
-0.013246901324476966
-0.013551070256829605
-0.012226204445244436
-0.012316692565417254
-0.012841131607908644
-0.012716808674211577
-0.012085947653702125
-0.01389708126858814
-0.0163258500232821
-0.01970367204063228
-0.03432129764978128
-0.057819877530932005
-0.30627973885291204
2.7827939895400475
-0.2578238346093426
-0.057247042535067454
-0.035565305537558815
-0.020649712044970684
-0.01677526021727245
-0.01321461618534573
-0.012997745092434006
-0.012952226283498354
-0.01416930331040964
-0.01379687430748282
-0.014141562120486765
-0.015681984415698156
-0.016903314264832135
-0.02368236450142555
-0.03483888902956959
-0.0689602483037261
-0.13044351665862478
-0.2901756825369661
-0.13116641452533212
-0.07144737437543686
-0.036889391320933836
-0.024926182759366013
-0.019656184108784575
-0.014796978892996294
-0.013381898589922912
-0.013688064913373635
-0.012391865772694736
-0.012917581536588715
-0.014393615241188222
-0.015448990250184669
-0.01769871842871249
-0.02138474724792505
-0.032534372072946634
-0.04649463051088938
-0.07376929686985878
-0.08691414348331829
-0.0761160656577373
-0.046356247063977285
-0.03277703139431485
-0.021953753688899104
-0.01947375071055073
-0.016680578487095032
-0.013860734238393813
-0.012759464367486867
-0.013999707701173408
-0.013461872003932705
-0.014834561543326357
-0.015102493258720411
-0.017031614391372032
-0.020377204746631298
-0.0259499232000657
-0.03551618809469673
-0.04214609028788877
-0.05227119338461753
-0.04226324777916871
-0.0346807537542081
-0.025902458157305026
-0.021087755005304236
-0.017705493022849128
-0.015094255871268844
-0.013945414276176425
-0.01285586453850491
-0.014009973259287562
-0.01329956277783771
-0.014014950643201003
-0.014355270817921713
-0.015833672006571806
-0.01753705913037845
-0.022051536220260244
-0.02587991213724665
-0.03083703058705954
-0.03214477238738836
-0.03081742518259007
-0.024733912275195617
-0.02212724668068997
-0.019283284007923295
-0.016551231025178526
-0.014254444826833352
-0.014041548022891374
-0.012575642097758551
-0.01281292683751098
-0.013213355819910913
-0.014256800269615615
-0.014732015941929907
-0.015419344395968919
-0.016887556577413216
-0.017623911617731598
-0.02072040255533154
-0.021731456285508665
-0.022448133153926395
-0.021905478688403448
-0.020519918294885746
-0.018900818655269058
-0.017066699437696994
-0.014791985782263055
-0.014205542016939214
-0.01330961828258128
-0.013397707922176861
-0.013109274429489854
-0.01387400288092338
-0.015258047116775482
-0.012497280832255745
-0.013696809585953268
-0.014874973103346602
-0.015493675434995784
-0.016577577355120027
-0.016350050849319134
-0.018312085603280428
-0.018536558814400268
-0.018175112422066236
-0.01624261027932514
-0.014496206653406932
-0.013688392754860931
-0.014987094338810385
-0.012684898681592748
-0.011979245246501584
-0.01175336929116421
-0.013465727053762314
-0.013387052751416446
-0.012599173986534958
-0.013343277798096716
-0.014387735222174796
-0.015165074664783389
-0.01595048994463198
-0.014408161112546466
-0.01627112830050194
-0.014239443870028741
-0.015257738597834324
-0.013089119819096549
-0.01258776355023168
-0.012468043523661819
-0.013498261326427565
-0.012731520674051311
-0.012224115430693863
-0.012721098204630181
-0.013770625474561317
-0.013378341784356016
-0.012880030301144405
-0.01172019583043314
-0.013639628247998236
-0.013154494816639635
-0.012557446512978939
-0.01320191355146907
-0.013533917910754222
-0.012942057345618738
-0.013144126421427104
-0.01230873582222457
-0.012357852942341875
-0.012135501861012402
-0.011898620537670478
-0.012334330380733725
-0.011959966430750042
-0.012069795417922292
-0.011339096651592624
-0.012623850366917688
-0.012440380285178526
-0.014221123334340738
-0.01295618949869009
-0.012363077250907732
-0.012046195616921412
-0.0094967546968373
-0.005706895204980825
0.0017890520889213357
0.0009549585213981982
0.002673026187146434
0.007402982558161794
0.008261392374831698
0.0054022694991749404
5.617109062775599e-5
-0.006056474238754658
-0.008102993984201324
-0.010529405056394318
-0.011230334011471712
-0.008410775891675515
-0.012560576991764058
-0.010116537957875581
-0.009584784524597455
-0.00679770582792105
-0.0048223282713290225
-0.0018543487259982526
0.006531356250188877
0.009137739996860142
0.01529426484960856
0.023067802709956224
0.022714125365808545
0.02018277765289085
0.008616961154767549
0.0014302258246168592
-0.004591408083437254
-0.0059299877024522685
-0.007361493668776507
-0.009283045310289832
-0.01235977615587497
-0.00826826230160269
-0.00880705356318597
-0.0065992553913336634
-0.003862152701129043
0.00462696823266288
0.01396489717539797
0.02160653146876574
0.0351636391033963
0.04678170531100669
0.058680820129411886
0.04328547381894242
0.022359661815592884
0.0051293859053358724
-0.0029487176841698666
-0.005178515629114562
-0.008324528899969135
-0.008300484405652387
-0.010436456648385141
-0.008792540101525087
-0.010802426316836429
-0.005055015280923214
-0.0009007768500334259
0.0119552191108741
0.019997274905082275
0.03763342737206977
0.06011431444783629
0.09852393479087235
0.12732950474577598
0.14976707273962472
0.0360303335587971
0.005658296738584
-0.0034123412427818174
-0.003099597755080025
-0.006494591111747987
-0.005897959046692897
-0.010740392359330891
-0.009495585485020427
-0.006862979044301943
-0.0016430206788546728
0.0032576342256113453
0.012879230304613534
0.027920704565697334
0.05219798876077074
0.1006839569108216
0.18692102823050058
0.3293745989382018
0.3440694093305152
-0.01362276619212068
-0.0168244774509167
-0.012076343771778289
-0.005481664999153885
-0.00508871780948021
-0.009294350319321486
-0.010849270913754504
-0.008845207397487394
-0.007404732365951598
-0.0026227401543268483
0.006213884141036203
0.017480437930370636
0.03141174794694658
0.06714752438880132
0.12838018153465539
0.3071478234802629
0.8563393357835043
-4.4790210343504215
-0.5433749779196441
-0.07532093262420576
-0.018309680019993377
-0.008989407232170581
-0.005263908375555145
-0.007137111346077573
-0.008194372153438791
-0.010815413076565146
-0.006797580379559073
-0.0021523416108659875
0.004945182033618398
0.01051188509666284
0.028434913353639197
0.05416296754856193
0.1069364671146284
0.1945397926955952
0.311537621510102
2.18998870275298
0.005419592199159859
-0.0015243538504956166
-0.0051384952481565065
-0.0037472352631400733
-0.006335631698258503
-0.012876528053966422
-0.0077834890066080485
-0.0080652111352215
-0.005405687359463862
-0.005579880030510369
0.0013169482006988912
0.00868643171072077
0.020519380693875294
0.03794556160132528
0.06286665096646393
0.10326673764862868
0.11012583379474024
0.08429990242675768
0.027080978943624132
0.008941708414136697
-0.0014662780293773496
-0.004137214182838184
-0.007519686661877085
-0.011568505521009784
-0.009204549991526005
-0.00944897981350075
-0.00930071435101602
-0.006954943404703947
-0.00020380402715995975
0.003938728938773903
0.013288374717236312
0.022869009965950707
0.03755119897212359
0.0460231129979839
0.05829806951545382
0.04145050711865601
0.02103194421327082
0.0037331891841591693
-0.0022595417845167427
-0.005290447711092088
-0.01087737884405975
-0.010945576878480412
-0.01320423324319201
-0.01249015887529003
-0.01015508779329427
-0.008640045680222488
-0.004220303795285047
-0.0021409020007857765
0.002689232873012807
0.010230437100072204
0.0167601829940257
0.021450091118530513
0.022361338984250318
0.017692990989101903
0.006758940021585305
0.0003943900216880296
-0.00417562382671735
-0.00663437387936986
-0.012933038373136616
-0.01321130437949934
-0.013063892995258517
-0.012449411885120129
-0.011107526787140687
-0.009948362235468265
-0.007774927416817013
-0.004632982317847058
-0.001759558946824052
0.0030796592845133306
0.006972559877736265
0.008181007691808026
0.008638277472943729
0.003603196304079381
0.00030352377132927095
-0.004656500280576572
-0.005538877626026746
-0.00920626646748853
-0.015315012540058142
-0.016076340549050543
-0.018291901106783685
-0.014691532242655852
-0.01554242610651167
-0.011988979471600538
-0.011101024412982882
-0.008157388166411681
-0.0052979548368434016
-0.003129433934742305
-0.0003643005505235485
0.0012129532161070417
0.003503791320070652
-0.0006713839688986066
-0.0049037081001401936
-0.008228144667918463
-0.008354764596981305
-0.01234385614970007
-0.012632326270493559
-0.013781816437952748
-0.017575817595695865
-0.014777380590712014
-0.014527226367138477
-0.014824452419144216
-0.014138684841891661
-0.009849334835435384
-0.007742841055854657
-0.007899058232193557
-0.004904222341156668
-0.005978165363291777
-0.005103390291954908
-0.00806311939914187
-0.008552629069457893
-0.012039984301499915
-0.010893753014154576
-0.012576676858974217
-0.013105528776098437
-0.017200236891214134
-0.016128021121158024
-0.013554550868135283
-0.016915623810181784
-0.017602974839040574
-0.014968871484374405
-0.010400019528992206
-0.007378879602519731
-0.009586414517058859
-0.00921347725098981
-0.006725648726429146
-0.008152953309014506
-0.009487738222324677
-0.01150939328770247
-0.011182104424537296
-0.012760706631163082
-0.016220799505675412
-0.014271205407676752
-0.015090132452286952
-0.0152876381828421
-0.016224972318479143
-0.015704177541042613
-0.014933261649942006
-0.01482818429150045
-0.013548239284225041
-0.01105099188138033
-0.010408621558425611
-0.011142794809557979
-0.01024756072328666
-0.008155029548699316
-0.010150909591821864
-0.013347931812002072
-0.011859168090644377
-0.011470921292137623
-0.014370505035988402
-0.015384797042325088
-0.017219983136025796
-0.015889638868368094
-0.013492755434235407
-0.01479313825957882
-0.017398804425620827
-0.014004992020502044
-0.011221306083594743
-0.01217501992737932
-0.008300781461904017
-0.00866565856857777
-0.009523462335899562
-0.00821484814012941
-0.009707373593897388
-0.01029245437409634
-0.013295924948242272
-0.013245134788661895
-0.014644454542944536
-0.016881264565340743
-0.014999018922995622
-0.014988298287976765
-0.016140915506419603
-0.015406979005870685
-0.015250664533703754
-0.010533307271519963
-0.012789982214516457
-0.010895741060112808
-0.008504452204267916
-0.007484870066172055
-0.005256422045267468
-0.005051753239845853
-0.006653064609856801
-0.008292058428301507
-0.011472857255336968
-0.013184024865211086
-0.0127429270115202
-0.014227506647801843
-0.013025013949680904
-0.014784211067176097
-0.015479105342024319
-0.01133737494795556
-0.01256506280503438
-0.007283581633581618
-0.008518931329632889
-0.005809465901246377
-0.003975020393343748
-0.004042563905236696
-0.0014424727436966017
-0.0020479652107400995
-0.004358525078284771
-0.008526982770253929
-0.009846032028663477
-0.010459646732898257
-0.011524915429666802
-0.013824507613528608
