-0.00045906116925876464
0.0036661370071744003
0.0005341656246411963
0.018878767684771498
0.018472920888406217
0.017555774622912877
0.0161017734547535
0.015616260557953185
0.015696866696837383
0.01466175043982853
0.014549383622159701
0.012690082063707983
0.012195394780476378
0.012434778729066204
0.01312626433109524
0.013071401325064838
0.015885776445333205
0.016300866708885985
0.018490176214127928
0.01887758923053992
0.01921959712484595
0.017649895201057978
0.018197690321763684
0.01802573618898347
0.016381711503317943
0.015897235665841888
0.015268441591997185
0.01469110255416651
0.014109372185892316
0.012623545024936232
0.013194127887777827
0.013251755041280726
0.014869681296200487
0.014892478185057297
0.015600158307758084
0.01696754924880004
0.017689056253384596
0.01888329708261792
0.01867600705667921
0.018345469028387778
0.01822922139197764
0.018614604034849977
0.016236714899663402
0.016796891434726416
0.016083360622908893
0.01420597438343199
0.013320245908899596
0.013335151254846089
0.01419278947062664
0.012144674254861708
0.013350425731756188
0.013789074434013263
0.01537435878913506
0.016963983759552773
0.018523799716715514
0.018232627901487275
0.018764971808775247
0.019235643125992984
0.017633040495664574
0.017802395141962156
0.01685252134709631
0.016696693770478627
0.014692219867888656
0.013656461082040728
0.013460574702918173
0.012133083979189833
0.012165883651210794
0.012349032649214182
0.01193930053691394
0.014429769210524815
0.015364727955156376
0.0172557532244723
0.01825344529087182
0.019048797537070047
0.019094120638678106
0.020002114779634077
0.01892099402712027
0.01843951721930983
0.01759290272552712
0.01548229066565619
0.015525242982737086
0.014963231344332884
0.013192707030040532
0.012313703657322813
0.011937521393576988
0.01058294165871524
0.012166883562279723
0.012977261594911771
0.016053056740412852
0.017018515090985877
0.01989425744559999
0.020676315841427373
0.021390677243158258
0.02214004807630923
0.019980400753353063
0.019523704462591586
0.018439921645325544
0.016851061920639704
0.014163169933160524
0.012895894551987674
0.01201455363893719
0.010510389516245824
0.00925448303396343
0.008367358549891915
0.007803591294057717
0.011262260903112196
0.01297395100455275
0.020215139611065115
0.021213338649837158
0.02447148652989996
0.022878008907515058
0.02366111515058705
0.023425403115568393
0.020721852058876555
0.018866893416282393
0.016598084041271104
0.014662285787723512
0.01261609175244132
0.011236374497674036
0.00684438557307261
0.006959182452297798
0.004126346154814381
0.006010403386396204
0.004276395320545491
0.013282824756453263
0.018194070582160517
0.028347241805836813
0.02669249699001315
0.026753884111709886
0.0289787450327858
0.024883402980650143
0.023130676865811033
0.019909346924538808
0.017593160338691183
0.015113652771071535
0.012467009729057805
0.009132572938818143
0.007737643197934743
0.002010034657860868
0.0004756270905143262
-0.0051252367293932715
0.00015771171324356495
-0.0014698515421483693
0.03379606620515423
0.033855420532236565
0.038755957109477324
0.030873848683245626
0.03206074682128188
0.028495863611645175
0.023239264271599322
0.020459450730247224
0.01683292616178603
0.015201307367315465
0.011786881617815381
0.008423916601768645
0.004065057353853154
2.421858132684306e-5
-0.011761896134782495
-0.014921135494251885
-0.04136850099980229
-0.011519050312199346
0.040689978216050686
0.07056320293112876
0.047638640075767805
0.04305069458846873
0.03968440623262344
0.02923602692475242
0.02479339627224484
0.021313397582413934
0.017814611281556914
0.013895264844729168
0.011201395372863007
0.006306481616549526
0.0021598173537192553
-0.008414943462010186
-0.017305924331312346
-0.05176866194599234
-0.055416181984912334
-0.10296840575236901
0.24021498076684517
0.09640312770183522
0.08449922653573498
0.05070672640922758
0.04052710508479846
0.03211017606633273
0.024429849843534978
0.02091849393375755
0.017759666856385418
0.015444184317557971
0.011005456951949379
0.006713026143396608
-0.00022554213116630548
-0.008570050646006388
-0.033737038266082146
-0.05790456804557889
-0.21260820448978826
-2.370905144486616
-3.150329967123766
0.2736590296097989
0.0942031337611305
0.06635625697787084
0.04159818791096791
0.030313755907543396
0.025160194373657192
0.020365911154171388
0.017385451630448353
0.014035790703082677
0.010545687953603446
0.006002094645434054
0.0031602678524281303
-0.00833323123954013
-0.018944105958552778
-0.05421904662372714
-0.06824979912942115
-0.16577174564357697
0.3021015560284454
0.11691144358962009
0.09417582777348374
0.05326368567706951
0.03407464146738974
0.02983647390831172
0.023543173161146267
0.019601420634270617
0.01658256012642659
0.015181503304455952
0.01153358016939656
0.007128718139101821
0.003078377151334128
-0.001273733950443162
-0.011794882251140058
-0.017720376136708085
-0.039679313967114195
-0.011692712720992081
0.05459339133520534
0.08058843069461545
0.05701936571042281
0.04649822962487874
0.030555655262528236
0.0255009463818804
0.023320186631884617
0.019974640322335587
0.01724960115253595
0.01358242806628215
0.012325443224575891
0.008638730150585848
0.00704562013000507
0.0014667331724109217
-0.00014180195832305217
-0.006778836806824435
-0.0009997014715064558
0.0012836303974227451
0.039147591101778366
0.04070423514608245
0.04245070734531937
0.033765071321256376
0.02575015560278257
0.023610560564224812
0.021527106301448183
0.018778443496447243
0.017028537694641133
0.015547821654971757
0.01295239696340197
0.011252300074446947
0.007942354467486338
0.006667297598226034
0.0037120578246715805
0.004749559265708403
0.0040389543284171
0.015664124096859442
0.021159566412845807
0.030560446256459477
0.028054898811530306
0.02961247567993949
0.022792448334909236
0.02066218657628748
0.020616127689693682
0.01902862528962673
0.01665615970788304
0.014201641005360746
0.013947999041499761
0.011961282899690435
0.010812410695781328
0.009352970113401967
0.009311094911808582
0.008800228653228407
0.01122380692704897
0.013822513833375672
0.02031440907547725
0.021881762954005266
0.025213686238440204
0.021901734987869903
0.020323848940657807
0.019816413356130252
0.018576913534354884
0.017215248368581522
0.01605673426905988
0.015157934763299154
0.01404740635132194
0.012602965270991069
0.011298532927640997
0.011268964057793686
0.010199698627350364
0.011889441919969669
0.012012713348100038
0.013954712067520199
0.016407372153299033
0.018517942580363003
0.020289787019595353
0.020321233489528117
0.020489897550986846
0.018758542888438205
0.017489207548513745
0.016336867894487725
0.01593698079715649
0.01511171135190835
0.015025294142471326
0.014074106563410082
0.013681834728290546
0.012115191503467423
0.011772277520287247
0.01146207749565843
0.01382913103814782
0.014949940846998822
0.01712397473813234
0.01760047649505833
0.02046876724284186
0.019749791324399503
0.19289694038421343
0.13531456179690704
0.08320407232251421
0.044681646969573226
0.015859361740906918
0.0014903496640565098
-0.006631034220467848
-0.006978412252174241
-0.007844908410765218
-0.012984959149978057
-0.013839240176404121
-0.008444392482879919
-0.001095969421154261
0.012682473066405289
0.03934153085849481
0.08927254353253072
0.13487831724201138
0.2002679712160651
0.0987224087878729
0.06928959366003086
0.04402587659342179
0.030682420766191997
0.016308202434196218
0.005394314855562662
-0.002789954835336981
-0.013930173818429974
-0.012601448292565612
-0.01750041890141142
-0.015685341915476395
-0.010917865649802752
-0.0015399347920190668
0.00916515288860493
0.03395701831352385
0.05549877213533165
0.0864787659482135
0.09872592527703274
0.053529707977913475
0.04566438937747103
0.029829291416933367
0.016953782613916914
0.008572275217973421
-0.0013781692778633
-0.007132802918282377
-0.01575136735528405
-0.01169945137342313
-0.013829305501420783
-0.008481799999498482
-0.005503142783885829
0.005970790223212813
0.0012905985351719194
0.014182050805682375
0.02955300978620455
0.03881188818993097
0.05391138555466452
0.02669268535783001
0.011050798202906848
0.015529234032441656
0.0009946896856314526
0.0025538474860753516
-0.0063384216829576595
-0.0070216777228290506
-0.009918065125966088
-0.013040017046908797
-0.008366624062341885
-0.009833273212159703
-0.007403993935995694
-0.0023525364588679893
-0.0025145465347508112
0.010598694847793837
0.016092915723222224
0.025237570583557092
0.021902121903952024
0.0147096965613969
0.0071628135872548225
0.00844143189500116
0.0005900781187008165
0.006530702259022351
-0.003220253827300123
-0.009626804612664165
-0.015278117104366988
-0.020147948139696843
-0.014484084730167518
-0.010577506539923526
-0.007006418346349855
-0.00895006448479219
-0.004360864659966852
-0.0006438489803091256
0.0014309774072323788
0.005220713448666401
0.005001700166487086
0.0016353679668791132
0.00617897652454312
0.0038332559221969306
-0.006171722167597128
-0.010837803316131711
-0.012484399754481842
-0.011564139881615842
-0.009274891981177726
-0.018176867154523005
-0.0201288730756145
-0.01836050325399665
-0.010450620545401523
-0.01206652114013785
-0.012273092625927321
-0.007975773369502382
-0.009484829553182682
-0.004150509731866128
-0.005709607172534513
-0.004329871571983621
-0.005572478708462327
-0.006990607362101674
-0.006656385159100172
-0.008573658046157635
-0.010389858010239693
-0.01382474554090752
-0.017586102002090265
-0.017618562259008444
-0.018111528958066454
-0.02083388130357141
-0.021926911908983486
-0.019144641969746187
-0.016578219982965728
-0.01353750178536312
-0.010757928600795406
-0.007844915064028268
-0.0060967491534969515
-0.007617976911087751
-0.004076472358121744
-0.009510978444383856
-0.011259881403287757
-0.012720473054472815
-0.020187330819037484
-0.015151974739582628
-0.01560873022316221
-0.016295652449042086
-0.025383891172364562
-0.020574786808447654
-0.01823189046396478
-0.014305798499487349
-0.014206228672537798
-0.02033215014792321
-0.01858374480283247
-0.011499616870620986
-0.004870495584689584
-0.009988279520134792
-0.010772887473145011
-0.014729120407578077
-0.015912248091950035
-0.014190469579952182
-0.022236358505468366
-0.022213185592103914
-0.01974168329730226
-0.01306937721873267
-0.01790859028405761
-0.021832119442250664
-0.024017912118381807
-0.02910693108645481
-0.018679669763700422
-0.019155347162450282
-0.012829068223142025
-0.016587556413787473
-0.007609079561538035
-0.018780955457308193
-0.017628742506414826
-0.018724103358902122
-0.013719637216867076
-0.018760123897320055
-0.01917522760406413
-0.017506409519500086
-0.023084937121942317
-0.020174962647778603
-0.020367881083238733
-0.01929371573586568
-0.017355925125134983
-0.02144851881956552
-0.012603037830546029
-0.01642346598738224
-0.004882769465608934
-0.013774035292753964
-0.01123210268485019
-0.01622826337059052
-0.019600979187379287
-0.013738536019280264
-0.01024061075206683
-0.023077246331066236
-0.01744817051716503
-0.02026869271192129
-0.01721396342791344
-0.01800152545124767
-0.011941245050412197
-0.01864666892053786
-0.018072972871603907
-0.018098397054379853
-0.013924513632667484
-0.016639938722485773
-0.019617962269981457
-0.021784341588949624
-0.02046785383332391
-0.03597329392057096
-0.024826520978450794
-0.021007711970845964
-0.00924773640574943
-0.010843245020701987
-0.00888375124593987
-0.010163745434070764
-0.010370310901280159
-0.016595983680469842
-0.01268429434153649
-0.019911918030118558
-0.01952063678021579
-0.01733660087224629
-0.01480341092863756
-0.009751384272224784
-0.015232594049910071
-0.024478026935052806
-0.029203712097906925
-0.04532247501457828
-0.03396142819689704
-0.01045452052992408
-0.005261589061642605
-0.0047520690325355925
-0.008648930749420546
-0.00935675720374439
-0.012620174709620197
-0.018857347275890633
-0.01758649377584751
-0.013224468388180428
-0.011564681594361173
-0.00951972039714952
-0.016098955332542273
-0.02268411267018768
-0.022537544555020855
-0.04407119701789052
-0.06242799906378757
-0.13797496423317562
-0.02265336312803073
-0.006596148129793636
-1.4246093039228542e-5
0.002277361108251822
-0.0035602087792165537
-0.010337768035811847
-0.012096093751242945
-0.01937319507168227
-0.01927363812187125
-0.015280089892271463
-0.013651331953238094
-0.009364062255694158
-0.010906989315929287
-0.010270322494302556
0.012920730311489975
-0.08046177432765654
-0.07449137873095571
-0.2420942354760342
0.04034326086581062
0.04588160382628568
0.023080009100559015
0.004903606033674281
0.0031907809471818
-0.005308482198049969
-0.011035837621991946
-0.011943797746843053
-0.018285321325901324
-0.011943351631062351
-0.0081146317591319
-0.011003228817952924
-0.005601498603732554
-0.018320682281294562
0.04450874746741227
0.16264509595740584
0.09549799496852067
1.0425000678393777
0.044675042178921695
0.13570111416308453
0.055717733749745535
0.014870278307471056
0.0026662185136918804
-0.007483334251714645
-0.012861708620341875
-0.012828784751594388
-0.009272572878636896
-0.00730327200976652
-0.006944476672215173
-0.0010122787050630907
-0.010944914104073913
-0.038060116408429934
0.10873258884927699
-0.014436037366272312
-4.439376588049654
1.1085986960431338
0.25377053146720696
0.13875539528869216
0.059569851683358196
0.027136666148700403
0.004417560837587946
-0.002945265808927458
-0.0033142974787946566
-0.01267597047820251
-0.011468229182830718
-0.012775202613482608
-0.011088433941301644
0.0024131352755173982
0.009769704135762258
0.024627018640509847
0.09565242089421028
0.4105478281210055
0.36275032505485527
0.42089819179627386
0.17111687062154693
0.11184776092379436
0.05510112543500332
0.02325234454877333
0.007832728011274551
-0.0014333251082010627
-0.004178738479333976
-0.0075395621153333345
-0.011862256990577986
-0.008273179258042943
-0.008330800600100639
-0.0006413312602453016
0.020188455492571495
0.05606720940290758
0.11374581290667761
0.2825257808630505
0.3222756032191628
-0.029454659334590752
-0.022552997728220545
-0.00965880169836485
-0.0037839611315124994
0.0018172481183417813
0.003945714648614617
0.006088186275219978
0.0061225431224755265
0.006606202296997923
0.007051219419924635
0.006440262541814756
0.004302829467012351
0.0034357925180745464
-0.0024247165574583333
-0.00764496852056721
-0.018859930656837696
-0.024720099825983714
-0.04178407328536261
-0.0725985055323532
-0.03270632140860399
-0.018946020827723745
-0.003828056363291887
0.0009784074182776089
0.005012397834822485
0.00707421763811846
0.007586625461768806
0.006865707332076393
0.006734473311219507
0.005985407537459913
0.006328938242360707
0.00241052063704298
-0.00043060997287075204
-0.01186489629225937
-0.024461731742277382
-0.0625516868852064
-0.07282613321318923
-0.10423241560340206
-0.05455092746251845
-0.016738285965950898
-0.005763730412659099
0.002450693455565358
0.005068220176965808
0.00808095097964336
0.007331083022940506
0.007636225826230021
0.007691099121758305
0.008072995329933283
0.006363997938259768
0.004923351818339142
-0.0017278330456101034
-0.007924788440052769
-0.0437173320202506
-0.07057640221133464
-0.2070377621029515
-0.28109392528187727
-0.034599315125331515
-0.01289775298898303
0.0024184329299404223
0.00475418869332682
0.00862175009781358
0.008201298412922553
0.00907742582162679
0.008466606885297014
0.009669593503855147
0.008713052394791797
0.00833798476186834
0.006929417613356007
0.007870959678431412
-0.006494364267582167
-0.010688597234295457
-0.14017474041762312
-0.9948315669424649
-3.7800278946725117
-0.005784082833546703
0.028426676901181582
0.010566079680115801
0.012114907191498442
0.01016738850905359
0.009912012781283406
0.009638738298579254
0.010155266967470438
0.01018521958863284
0.01012939293755914
0.009998378376284867
0.013318727631273748
0.013267721820485788
0.026040713220645773
0.03405092634580784
0.19205698872774954
1.791422959807939
0.11376922462582767
0.07105029696171994
0.032762999625121796
0.02166217634599974
0.015065919213416483
0.012879446215895526
0.011638988542881524
0.011670505322217977
0.010999815006067892
0.012058297330435388
0.01215950753590982
0.013869243453468625
0.01495777517015469
0.022359239537303666
0.029365893672509823
0.06515029127913535
0.09193331610120169
0.31646135372878953
0.10023251742839628
0.054763209252979
0.0373627349748119
0.023557028111562756
0.01800361516341313
0.012658281766759644
0.012836350792006372
0.012286192864555316
0.012167717370634778
0.012630599009182297
0.012758904097034935
0.013690127008821263
0.017484180943866195
0.02109111008102146
0.03492694967426356
0.04593199635647878
0.08586583695515464
0.10991951918116796
0.05470722928764739
0.04337753388527193
0.029139070513409072
0.025109788268652778
0.018179322687436963
0.014651926552400283
0.013137965314956144
0.012122541885658533
0.011835653838460752
0.012782059780027439
0.01212948943881097
0.015013090908821207
0.01641663556201704
0.022822180991433863
0.02936411791624058
0.04124898420848865
0.05046757785415984
0.06893696264030374
0.03808059533324421
0.03215158647033284
0.0272717472720793
0.01985343480447073
0.015583844438472997
0.014224469196653189
0.014038847312675226
0.013350022256248095
0.011709063129458581
0.011600694108790726
0.012615517258536598
0.014610042669748184
0.01684030059753602
0.02002905730404347
0.025043887482862563
0.03004304292643664
0.038071436262303346
0.037990715762830446
0.026036468905306975
0.025859104893178577
0.020018750085384247
0.01900434755521443
0.014905112552175248
0.01402678570446017
0.013187385414163826
0.012058650987624677
0.010762476521472391
0.011132770847806091
0.01206478608249156
0.013875806231116283
0.013385507639404427
0.016923486377249875
0.019525725898219583
0.02378889895064867
0.02630615676141918
0.02876496656752032
0.02111058793618361
0.01855468382864836
0.017594227882033107
0.016350146342534563
0.01625689595381759
0.013472986862948903
0.011667830871714368
0.009817283234511911
0.0103838436016454
0.011546141184809157
0.011367920928135133
0.01031838388248927
0.01357582756541564
0.01440170731613793
0.017100835721991774
0.017609257383029202
0.01999158787168757
0.020627578465805926
0.014354545351356891
0.013524090283597936
0.012884384429635123
0.012821207884391847
0.012637526355584296
0.011505405697790787
0.011547266356038095
0.011809924660037796
0.011172481901816975
0.011136870204055955
0.010889460341986179
0.01085915567864088
0.011249544526620869
0.01183152575324712
0.013602406474786076
0.014938303418499138
0.014284450892644941
0.015385703051938409
0.012748571355689825
0.010676647235428431
0.01063755275313227
0.010546434058872357
0.010024644483042987
0.009655125702561801
0.010522360483516256
0.010423329260593308
0.010280667896579755
0.008619093164637742
0.009106655064067961
0.0087478015119014
0.00948411856127104
0.009318022490763177
0.011550344709162925
0.010596948395662652
0.01099810765147703
0.011340981580895498
0.0077575210575715915
0.00790964092508768
0.007872834316662516
0.009296382542799598
0.009776601544058463
0.00912463902453326
0.009912046247577362
0.01063452717483995
0.010273994865394756
0.009050012053614777
0.008607208770600281
0.008040174180863606
0.009407918334131
0.009079324322062841
0.007983928521044768
0.007708394570595776
0.008300532964978747
0.00744330884161681
0.004214960437430927
0.004662842470106313
0.006184483940876589
0.006077198539675069
0.007414163191078509
0.006742262367261983
0.007578642713849131
0.008814947710237418
0.009137179476053173
0.007376874105759269
0.008415084058912427
0.007752869948741984
0.007839675645919378
0.005054939752823763
0.0052533273770202235
0.004746847492029964
0.005000945513323122
0.004317570251520272
-0.0001308706809468955
0.0006167114209850251
0.002945569542605898
0.005371407368221531
0.0050693749209999965
0.0055005809736818545
0.006618277325647914
0.008005563851457393
0.006809572281078915
0.006623148928391283
0.007922679278859724
0.007117183369571637
0.006217037781725076
0.004871327350156811
0.0026731745719350197
0.0018371765195546958
-0.0006440366257086473
-1.3125198210169802e-5
-0.006723537727427099
-0.004903466830837529
-0.0007372060627153973
0.0004165252952140402
0.004038031906572099
0.005131230556904922
0.00655134986434116
0.006051054756060317
0.007370504066906827
0.007132828333083775
0.005765859349927782
0.005095939599606325
0.004485554599571851
0.0030031937038698595
0.0005398080574811428
-0.004376605172674487
-0.005759948894575348
-0.009564111221359318
-0.01886323302438657
-0.010225170193819211
-0.005329638235844129
-0.001226140743510176
0.0013551581206642078
0.004982844974832887
0.006598588902232802
0.006823723355975193
0.007197839285365127
0.0075458862099607085
0.00602601769910455
0.004843583731792738
0.002827560952690521
0.0005362049194978609
-0.005141108525273861
-0.0075344095150938475
-0.015815262034828245
-0.01627041235567118
