-0.0006479288998194905
0.0002786293068739966
-0.0002650524623550571
-0.000904184798067252
-0.0001238889965100257
0.0005622198541689223
0.0006305856469145697
0.0005481455780340298
-0.0007292753524006969
3.5908592584518696e-5
0.0009260894906132657
-0.003059097295815221
0.0006359128582092436
0.001005472136907797
-0.0008267350376024221
-0.0003224919827161303
0.0019270551344269433
-0.00877193428213015
0.00320341283304447
0.011427731967943638
0.017340603114452693
0.0008419110269558306
0.006439398490959479
0.008411769204040031
-0.0031898755320383617
0.02621100828303931
0.010602220708441785
0.011816429310491388
0.02670280845768448
0.026375541605258835
0.0486398132393812
0.013073179355240919
0.018757895597169748
0.014806208009146303
0.020030247711231196
0.014395032510236331
0.5369567510091869
-0.009099903101685892
-0.004614559688927757
0.00028047104973126654
5.771001741955678e-5
0.08183151634947552
-0.2524926176833537
-0.6692436682420637
-0.05910090524251533
-0.024421936187087847
-0.013335559906408136
0.013431436929860435
0.10006786341701125
0.052998293655160546
-0.00505711552922547
-0.010998233629408615
0.009502514050382958
0.00566112302384911
0.05946889797832247
0.04558659880733026
0.06906621043730354
-0.01471300524125578
-0.05169046486958017
0.007475536630291512
0.0036126836770228607
0.015288141428349347
-0.06961826191651582
-0.07238811326025454
-0.0711347428741485
-0.02951538450297858
0.026990209051265375
-0.027149909665692567
-0.28238365505607926
-0.1933008184354232
-0.10428269227955324
0.030291522550949062
0.08469055797582328
0.26542967224313413
-0.6862132587461666
-0.24293727613721797
-0.0052512012439196116
0.025770457529913377
0.1455185266886689
0.20904493304801924
0.4535605597651011
-0.08754549635635364
-0.0016431353433618316
0.05282022148474932
0.07375091519916058
0.17926550393891644
0.13469397881876732
0.061478651647040604
-0.03210899711717805
-0.010183788300091786
0.022820178887522906
0.03910187959537076
0.019333070498021968
-0.020556380590994665
0.02186663625731647
0.0035595332250069225
0.024759856722040917
0.03519039067894374
-0.0006148983033126474
-0.06751047967069042
0.30337761942147096
-0.9498994624233783
0.020033592339095393
0.024750359010088412
-0.05344695758266885
-0.08921528285782439
1.3340175138391972
-0.20880921703332894
0.07192322029830453
0.016430132459253673
-0.05222375365708752
-0.13845589724141788
-0.12159581861136194
-0.03693879141822557
-0.004868012378245399
0.02275308689060142
-0.022383201994951498
-0.0662047665433909
-0.013818588455644092
-0.02854717346841612
0.015112675836702531
0.022737252668063906
0.008990637034749832
-0.017276168111672437
-0.028644483208580426
-0.06680297632574503
-0.0566637455824626
-0.01722552066181378
0.06473126892424702
0.02536664144806827
-0.023307538223272646
-0.06538811165085016
-0.08825957238643435
0.05250664660806291
0.2704620414907215
0.2182049294998037
0.08061123689249894
-0.018353908660029183
-0.040371675514835705
0.046131084051413127
0.6437231283441636
0.35202926220972197
0.0910055845371912
0.028704943014222193
0.0006735783476383999
-0.04470103104008658
-1.9589964046967752
0.13685763072765864
0.06663466213438823
0.017834321943881366
0.005683950427762776
0.009502831144893833
0.06989689890642697
0.15122028392291173
0.007088357326629927
-0.031548892539188
-0.014077039339060826
-0.003512320962138602
0.07439873281928529
0.05378520588786086
0.06257822631048396
0.1005058253933865
0.047019194741434844
0.01263187345477189
0.03146560446160118
0.025138171556070888
0.04549775629921857
0.06577998396875427
0.024151030183574555
0.03233432738046622
0.02999903384024099
0.04545190017793218
0.04436022942700028
0.04561777599410446
0.017843884820934165
0.016947545401523018
0.03991215524518039
0.026932373272364356
-0.04186885335875139
-0.8021583693188364
-0.08336929121917529
-0.0004185104158098297
0.013312639470542658
0.013608739604527135
-0.44666002270275457
0.7005729761239964
-0.35040753840332167
-0.04090706312248093
0.008693428241866804
-0.041549450996064614
0.04421601674694388
0.27127019599342156
0.036020717934654396
0.0033974503886196137
0.007669039049894853
0.021811004014341252
-0.06798204365092368
0.025927030624316835
0.10385958867393869
-0.5205671527768404
-0.0622659453233517
-0.06489148104216477
-0.07702836221039985
-0.013155964227832708
0.06358841842026577
0.4145322228343182
1.2347821317149568
-0.2603238288288374
-0.0950324925160118
-0.003668347173452515
0.029389598391054907
0.05135254670703249
-0.19375764257425343
-0.13927666789778392
-0.048451832572270356
-0.035044790075730914
0.010485565990545783
-0.011529223585590135
-0.0625468802862869
-0.09634750871674988
-0.046588373265918984
-0.004584894064649391
0.010608287311884288
0.02002573568727222
-0.04775261810298904
-0.04658717752865351
-0.027509498017114886
-0.005487785801090806
0.041147405843915755
0.0813517866579066
-0.04394494121368764
-0.05422486736770454
0.29737481475779937
0.03884107602731817
-0.05429065797959601
-0.030621581327067975
0.006559468814326309
0.14499828253979583
0.07920420616920419
0.0037449321032994344
-0.03212373433463503
-0.012214462591478707
0.004270671508350181
0.040735474975860386
0.01209718938492789
-0.021211317494092517
-0.02077653849886802
-0.01769779767550113
-0.0035852146169366847
0.005571420821522307
0.009535945951932044
-0.0285758532896916
-0.03441323516690419
-0.014974892924406385
-0.011593970110717418
0.005778403800763069
0.41970091042588614
-0.061766272662870124
-0.061522838922410394
-0.0379521190918987
-0.02530507969420953
0.050096022767274324
0.533379890066195
-0.28755841898528234
-0.11578448566960114
-0.04653990886982459
-0.06683712471333571
-0.6480432054264779
0.07361925017665594
0.0610159202843915
-0.1605861812140924
-0.09536931737855629
-0.00916644624463456
0.040930153357623414
0.026001713143017142
0.011242300871551385
-0.02609141492216671
-0.033849720440134234
0.004487181632215835
0.012312541565491641
-0.0001876721886425352
-0.0008819313284168958
-0.01696186490410283
-0.003622392457814923
-0.004692135245179073
0.007812313674476127
-0.012304947474186983
-0.03912879358484729
0.006918034988395409
-0.0016279559608610508
0.0020121229040855984
-0.00734352690445188
-0.0024544833754080514
0.03990561494369327
0.41383317806057957
0.009600828049589059
-0.01718805855269838
0.015314811536826298
0.12532794482056156
0.5177182390446972
-0.6145860126061213
-0.37115334713331094
-0.004312010233741141
0.03635606307754212
-0.07738403046790823
0.06616003036606823
0.10186631031341849
0.29793101353303797
-0.8120123382305047
-0.3018980251755418
-0.04608618262964588
-0.008860493655058418
0.04264240659151948
-0.021333032573879036
-0.33716502626956474
-0.20179768244017043
-0.03388314545044926
0.01273752323930062
0.005471724507972976
0.012951754833568084
-0.06513885962345387
-0.055804747818522855
0.02428929522860699
0.015407774153281515
0.0528260783880596
0.03718513683213085
0.05611948608241611
-0.005012528397377694
0.014239705392995865
0.06488272502066889
0.0667689848201068
0.16648364326204212
0.11311259964045238
0.06559330041769483
0.028562706403851862
0.05453443249380232
0.168348052645625
0.21958087831694467
0.3248154337189923
-0.07053490347245368
0.00843557689569151
0.009311114183669467
-0.019183698648178527
0.013086083041442275
0.025910828284517625
0.047311081939881705
0.05342994384702194
0.006792656077715981
0.005087683184355339
0.042214910058589857
0.17876494206267524
0.11111179062009173
0.022219139893752324
0.023457801107354768
-0.03709887184392224
0.5075449003301824
0.673329583085131
0.20282431349447508
-0.04006111522211049
-0.05157984479478164
-0.06310889181065867
-0.137601353234213
-0.6317529233557366
-0.2510873612745088
-0.05279538125393393
-0.029558136015370138
-0.06442497717470085
-0.10356024542917955
-0.2225025702718423
-0.09457813325165822
-0.0017522227542729346
-0.021985238714153782
-0.023554546789675366
-0.05733324413560912
-0.02644912718152622
-0.03446446493588807
0.08302333910723161
-1.4395029308856215
0.5800241244888792
0.1179228787551385
0.01301235584002369
0.08315362657501621
0.13216064434210162
0.5338287864019847
-0.5574150883877541
-0.16695541951674026
-0.004493063764971061
0.03568769346691683
0.07255263171036805
0.1043066662859969
-0.17723486276512054
-0.07489031032011614
-0.038238881037675455
0.051902041821425667
0.05903785469112664
0.017200935456101293
0.0006532217844878645
-0.038466699297947125
0.017010510746579475
0.018206720843536896
0.03735201864905212
0.05381638845873654
0.018963070816532868
0.03563804405451697
0.01133535831729194
0.04665046054341288
0.05975083304249225
0.048771337897824854
0.13831741652537569
0.06092287062967654
0.04299340643176416
0.03640201828459511
0.0002647326590571973
-0.06714944907072119
-0.017070272191914412
-0.024690032251649213
-0.04264612888440261
0.28478268090503106
-0.11660204826515137
-0.011030581354687189
-0.016393668104358865
-0.04379989547837948
-0.09718309923087785
-0.19237579569297114
-0.01210222318540086
0.03049696447905634
0.015132428821781386
-0.01733718775045702
-0.037078302317468524
-0.0669975250542368
0.13458372600247778
0.10021821143045502
0.04716260245521909
0.02806704336515946
0.03311952801901268
0.08322877215264199
0.3968013461928575
0.14187114801112827
0.09248551119986377
0.06223411501811763
0.11918344702372778
0.2366422814158115
-1.9035171281064296
0.19632996506573827
0.08432481308331666
0.057452383876266014
0.1523013326347569
0.393090303301416
0.1157933403990463
0.05128971713133481
-0.6320317199366887
0.0008819561933814962
-0.021148732844395144
0.06094140178174366
0.1455247062862556
-0.7427595379274939
0.2669715439358057
-0.12491715513214437
-0.025948009829784853
0.04945311246943041
0.08831831222086507
0.23358460835021855
0.05332552030513706
0.02061571782792734
-0.01725351852238141
0.03551481893172299
0.04606550639534898
0.0443252087941816
0.04626978922236292
0.0004144587073479124
-0.01008873220818726
0.013015169635278833
0.0373340887571311
0.05969976761725384
0.031476705840636714
-0.0013933315647726154
-0.017810680783103553
0.001195748827809412
0.09967583540534668
0.05985466523175451
0.054574016950020905
-0.013114402612356335
-0.014387361462391616
0.016637465636934707
0.08920446834007885
0.2174015145489141
-0.28353168054696465
-0.13842736380972973
-0.04525491505900079
0.037446863923303014
0.03898250607198544
0.011941126632549091
-0.08336907417242016
-0.08070337167858094
-0.022226700172288488
0.0021574784419539765
0.01643441466083123
0.02026448154033862
-0.03687340997163453
-0.028740396692920053
-0.01835171899077487
0.007560385374333568
0.04510021539458274
0.06413593615615663
-0.02485679498388465
-0.03831994735800199
0.0016929119081584522
0.01129340551109705
0.09636578080193746
0.2853909626343364
-0.3122777254629523
-0.08006664962727336
-0.012446951150787092
0.040854538130457786
0.2526703129042943
0.8846247516590785
-0.7071729191548786
-0.23209895593989435
-0.025375481272997182
0.05287200146734215
-0.13788667686191033
-0.15736532747386672
0.12566743841400382
0.08041960892998962
0.003546126401702426
-0.07704636252490767
-0.09513132158197862
-0.08176900279222908
0.00846988571339974
0.019771638993481316
-0.019072970592921765
-0.05522195857562739
-0.10954659608501868
-0.12173722848193881
-0.01808608505692181
-0.0017022672034633147
-0.03194726705724706
-0.06612546440038714
-0.1571227155973627
-0.23336423511843762
0.06977214379437148
0.03458368407813652
-0.03060144726986278
-0.08711280035911399
-0.2557840642409956
1.0637436492874013
0.5158407146377645
0.15970718963434516
-0.006963711783475157
-0.09843952961164906
-0.25749119259623393
-0.6825100573881403
0.5559610091936418
0.1919772154737527
0.012863818520317698
-0.09439584042536744
0.13630481409504078
0.09795946660676595
0.11448937511408286
0.18960387106041834
0.28520984556205564
0.2606322658189612
0.06957203475335345
0.055553251801915164
0.06743318272191202
0.08636546619759586
0.08660750622059138
0.09666543972309474
0.006839900124888589
0.01750895987595029
0.023530493894416877
0.011342693255748397
-0.014864572759713352
-0.0121433092716505
-0.04266667763254705
-0.011403621991083418
-0.0022308429516299604
-0.05957065646700499
-0.1573167629589498
-0.13359064812341917
-0.056993877452778834
0.00030624582048622537
0.007163013494992629
-0.13175726098640617
-0.6124947648071731
-0.3948881288241373
0.16730730649936773
0.09258605472738533
0.12800258087922767
0.20801352446314839
-1.0338727415847333
0.46999657307709725
