-0.00021875364349251277
-0.014210717722298668
0.00011711606158463261
0.013901265490678175
0.01752121405173699
0.020719198491271476
0.019139989070895362
0.019143466380519107
0.01620400388139818
0.01456387106769356
0.013536107624461837
0.012688976056595254
0.01073217988939155
0.009163027891209003
0.00825388432689846
0.0074194503431500095
0.0057971616343368785
0.0038356281031549
0.0017215897094526563
0.0018782433622111247
0.0019033668194584014
0.005307947999346575
0.00752728620828467
0.011027310332467993
0.015218611307274407
0.015788424663562367
0.016840021486014274
0.015458846722979045
0.01532186646947444
0.013026400266204273
0.011592375136350716
0.011510675385029812
0.010977315257763671
0.010021420611053582
0.009068110069942983
0.008110466533399403
0.007913112668819257
0.0058019464958814874
0.0055122799366180445
0.00549272792191909
0.006286057395801337
0.00664207257635439
0.009264068357588931
0.011552794617020622
0.013144781865906997
0.01507842615965454
0.01485329272921573
0.014629041978397931
0.014611391403184376
0.01296205918795161
0.011965766518525671
0.011485890641964413
0.01124867195396582
0.01040606751031479
0.00971546176281561
0.008851928080445493
0.007671940611630756
0.007618935412576315
0.0076737238934785935
0.007811983430642435
0.006845248931453162
0.008704703649484717
0.009562540857444748
0.011023130961323027
0.012190905570715999
0.013031886500470899
0.013191536070676453
0.014695989029276088
0.013203491288712978
0.012211028974040227
0.012094785449267684
0.011011543675273556
0.011568834914260197
0.009901323226614984
0.009544941348263775
0.008535146983202888
0.007394032280991152
0.006870558079496369
0.007436217157228755
0.008175093293930324
0.008972660051998963
0.009457065162823774
0.011122397600578019
0.010501735161503458
0.012235564207603616
0.013241438480147777
0.012569963540429673
0.013054422327803586
0.013175974732015953
0.012583422310697827
0.011415877503645583
0.010778160716409297
0.01036783394774328
0.01162818400000528
0.009314836145231063
0.00794204772556852
0.008162341841861667
0.00864180067136863
0.007722623621617907
0.008421619364123466
0.009546901829341103
0.010291363600187493
0.010472782751952812
0.011163832094164015
0.01246225143157248
0.013087776075293257
0.013232435608049164
0.012789353910205945
0.013591778789877525
0.0127753449468766
0.012082182187791892
0.01176071847531033
0.011410516103554091
0.011616310953628903
0.00906308930177025
0.009390474515128712
0.009288296417938503
0.009457804365493287
0.008642951746521967
0.007941981481874087
0.008870486351659152
0.009752694721637891
0.01064456350467012
0.010157344358916826
0.010476541331380197
0.012342518816237272
0.013012878873519098
0.01325686779416167
0.013203532507983244
0.012860837962212828
0.01195325516607721
0.012623357936876736
0.011194885855180336
0.010973195468778184
0.010028936892827358
0.00940117506229447
0.008696983995789257
0.008028490233150136
0.008289892505494278
0.009510068049710043
0.0085766216346214
0.009961072813600565
0.010036270914374566
0.010424584409222799
0.012047245849545718
0.013626324963087775
0.015321877308067564
0.013634857136552011
0.013454471658065233
0.013490998041995536
0.012783554258564754
0.011903633866393414
0.01189832200875982
0.010202617674667293
0.00867824054836844
0.00858347103281203
0.008145931895439901
0.00748028592514033
0.008043957916059073
0.007661431861695247
0.00905164312418448
0.008778807085393584
0.010877863175749581
0.011519711580422197
0.012415992231265589
0.014044123567666099
0.01509706404125989
0.014758980344938246
0.014267293397477393
0.014542018305973224
0.013384767423139246
0.012093431475145003
0.011283815577092154
0.010799405895936736
0.00862810722560871
0.007650014312176859
0.007368027659707017
0.008669675080918293
0.006548874810131711
0.007204557928099813
0.008314723395955372
0.009284729345242299
0.009930121005776053
0.0109444382415639
0.015245260415359741
0.015764865976590752
0.016995593890089162
0.014996872927817161
0.016370737336182602
0.014108407523350444
0.01282383295486774
0.012638278022310635
0.011757472337985653
0.009803033396917193
0.00939864682488141
0.006472665346483742
0.007996306999844646
0.0058718593014839655
0.005339250037289919
0.0045216148058658985
0.007011290936404349
0.006257665828824619
0.00948756931820238
0.014297931631302068
0.017241984251603646
0.021042667238154296
0.018790661406688548
0.01829801529038388
0.017026286889495642
0.015441975921838533
0.014317942515240762
0.012806304854734793
0.01139802421673004
0.010353818385862083
0.009160421713612029
0.006589317682731488
0.006380884569906047
0.005475501201750011
0.0038873321176347633
0.00235459540613764
0.002356101436344957
0.005267105098596067
0.007425464342091459
0.013940056377105464
0.024262165019944375
0.02438900128017593
0.02445313065522547
0.021647106566964353
0.020342439451794307
0.017908055559267604
0.015918569704457628
0.013390537168821324
0.01214632688951062
0.00965891030067824
0.007966152509791624
0.005948358519543826
0.005350460438482615
0.001977650981630296
-0.0006074992678745069
-0.003787721826545585
-0.0025289145748384023
-0.003829420953998969
0.006788756993156179
0.02906160312008294
0.033789097420143535
0.03818892536221482
0.030098693281904204
0.027688430357762424
0.023548783485813504
0.01960980087710596
0.015708372440481535
0.014056231503797374
0.011707249431655398
0.009905454938621444
0.0074592807838234345
0.00587726365910154
0.0023285118323529766
-0.0002081929758228131
-0.006136325091259339
-0.007936411977110723
-0.016569000818793707
-0.010509128764505611
-0.00846269781207284
0.0361472177340176
0.0749882383990934
0.05136820499182523
0.045495199672173914
0.031819915707587486
0.025706246356208273
0.020191070269933567
0.017290203541108398
0.01494107327840626
0.012403186214252227
0.00892196152206862
0.006090794691952041
0.0041485337100321705
0.0006989615427939849
-0.005622345169232908
-0.010199618812644841
-0.0215604317475327
-0.027724422204940452
-0.05258972943128646
-0.014274135654395424
0.22603046239971053
0.11840899330977361
0.09537407933856895
0.05399270899132945
0.04099505451958952
0.02841276476328964
0.022653149737410776
0.018204544522370573
0.016077851852820513
0.012459299719261501
0.010210729465840389
0.006537502991493881
0.0042268546919147585
-0.0015625031384979464
-0.007195228573362382
-0.0191002688553103
-0.032183180063877236
-0.07355018784206986
-0.09578265536097418
-0.19923555079844754
-2.591330364874302
0.3001534221052326
0.10454945586156865
0.06974223459457213
0.03928092568211373
0.031218250470564566
0.022191557995886194
0.019148553802317232
0.015806989220730372
0.012696546141808311
0.009775368713144357
0.006558217793234173
0.002408084334710727
-0.0009459514946429947
-0.009290130415408044
-0.019266459771188352
-0.04787303566229007
-0.08217489682572833
-0.27556376206996713
-1.600194191741884
0.21660387367520517
0.11489371816890068
0.09264686773655517
0.05248519859040483
0.03990011057248514
0.027655623639487138
0.02369199447954814
0.018455203295225965
0.01518672661235609
0.011412825586199576
0.009261739105027578
0.007515479101314697
0.0038142685230522478
-0.0014797499027134127
-0.00789953949300474
-0.01907562273210588
-0.03138700173847287
-0.07304297039543045
-0.09558129880495857
-0.19562117819172173
0.0351491816750793
0.07251777403610894
0.04921322870346908
0.04363256518837204
0.03161038311192285
0.0261880975612747
0.02130396566244787
0.01754902926878591
0.01448280512417663
0.011904302895084866
0.007735035121484699
0.006302509173280237
0.004162876189362411
0.0007255010093752105
-0.0047051043379878225
-0.009611589425954546
-0.023945096512696076
-0.029863502436808072
-0.05096549797189062
-0.014047496851456835
0.02930414086916588
0.03156630854768404
0.03682546592779596
0.02968666515682257
0.027525002134365224
0.022161947098946047
0.019183383638404754
0.015893117184317164
0.014141365966703916
0.011446621537558668
0.00887436982129195
0.007269708382623068
0.00457431395769521
0.0007603632561465683
-0.0005689091866831507
-0.006659446572783628
-0.009307135750616159
-0.016265197343984593
-0.010019896067771202
-0.008432354601669962
0.013703023767129565
0.025354717660787892
0.02373644192144732
0.02451876300848385
0.021413962904734758
0.01971604264113779
0.01647323410349083
0.015663777168123796
0.012667028529850107
0.010948829446033424
0.00885151564485825
0.007296313383216335
0.004289557477454213
0.0036401138640376088
0.001093719601807297
-0.0008972897484957458
-0.003712909678842428
-0.0034066688257579354
-0.003092264371199018
0.0070104027915605565
-0.005434491882955068
0.015807055945957438
0.012589135451925894
0.051474448594880706
0.03406627811525466
0.059495916092572716
0.1853462499459479
0.09020925001834093
0.04139573971038578
0.02834299452602064
0.007898701073198577
0.0021552669600876802
-0.011236486693596934
-0.018974082618715638
-0.02222413618840063
-0.016517317855861625
-0.016861801399717293
-0.011726910505628735
-0.016629800581457944
-0.005082053308976139
0.0062158346035506165
0.004772087611422436
0.04272606177701174
0.05687576697913162
0.11902360860816652
0.7344364615620579
0.14600043944662602
0.2203020896364941
0.07848536324151012
0.029438625439329166
0.013631891126843022
-0.008483754341323261
-0.0013496227160291138
-0.01967469626304255
-0.02699906045086478
-0.02063875618894441
-0.0054808533577111775
-0.018339952370966816
-0.008590691512929141
0.0012494432825246337
0.01101356292220746
0.033054991485569014
0.00740286124077066
0.16243953039231238
0.3747276223485143
-4.5592685664060735
1.2955155025785678
0.23529762166068044
0.11216864920353055
0.04429914186445239
0.01286638901217161
-0.004074574306933334
-0.010890393061886553
-0.007534189730117509
-0.01785121251644935
-0.012786603629493852
-0.010183513017706407
-0.012360643263156366
-0.0025830236170160032
0.00949798153487705
0.01289617021367905
0.02150070634686384
0.058462031892028976
-0.029844644379969316
0.41313218666440527
0.5140740113726162
0.45413063485795835
0.13708375834736236
0.09871005840305569
0.04764527165979822
0.02275537813492744
-0.003166264387539081
-0.0032253964689353855
-0.003670491156976462
-0.020620014806071306
-0.006521439489318891
3.0448306331265235e-5
-0.004108844726315712
-0.009151924786137305
0.009356464756326253
0.003395163148180634
0.01848546834004634
0.030776223483881385
0.07576529375782577
0.0024994910467974855
0.3296182296264306
0.15795472716841794
0.11963166791290433
0.059487563733863935
0.031460716492439283
0.017805273780493396
0.0037213104661366495
0.00043699346514007044
-0.01063023338311023
-0.010031488206043718
-0.00901810291426327
-0.0043072472087343746
-0.00462971860213866
-0.00495089631245218
-0.00466791679880133
-0.0017925533317900263
0.006173416869098721
0.03544739883614286
0.024538132766731138
0.07304157812051942
0.07570137023284984
0.09699555457576856
0.056816400550811885
0.05162649673071373
0.022415764449082207
0.021166754438705884
0.0029283469243171515
-0.0015983275693421996
-0.0006158738730249313
-0.01880516904002114
-0.02329608933361205
-0.006941328039668003
-0.0074260856865054695
-0.0025799826952404704
-0.009766219605133188
-0.014935993612514546
0.007756544559895611
0.013519954256126166
0.02033146501975224
0.0189294710426647
0.04446268739942577
0.042357829455344456
0.04710890984155149
0.022100515096885986
0.019432861947603196
-0.0026353941881590674
0.0002760868824652306
-0.012827996973210331
-0.01544216544392511
-0.015419182256463266
-0.02012224187583452
-0.023039959412429416
-0.0019480804085074887
-0.0008271832988850712
-0.01013723016537261
-0.009275794500727373
-0.01058037813394415
0.012006293405738049
0.005127592507743951
0.010487422381768967
0.00993197413420371
0.02380942703207924
0.025027260639656407
0.010767513457381429
-0.0014021473230512583
-0.006068226889889122
-0.005828880080627722
-0.011198109946604215
-0.01237294432058873
-0.018599914669952478
-0.023287013712771955
-0.014815161936237251
-0.009585206263004705
-0.013653697871238345
-0.008214369751065886
-0.010384005117986157
-0.008518212327378328
-0.004058943866781865
-0.002258402044653436
0.006671866428374867
0.008795686507592212
0.006905958236430603
0.0012502861439746245
-0.005921543663649963
0.004099503478523731
-0.00638859593228629
-0.019153515176894703
-0.019690811037617294
-0.007987611884370988
-0.011375908073687402
-0.019743861884744692
-0.029595283616477334
-0.02796918261148559
-0.02197067077090498
-0.024862574707135824
-0.012187779460797382
-0.01787238547157798
-0.013296874925687728
-0.005036341023271946
-0.0070842564861467346
-0.0037716863819197066
-0.008919221113672078
-0.00190105288116542
-0.015509864884612694
-0.0027537838256013864
-0.012296465156483917
-0.012461877394175518
-0.011800130573178018
-0.006622917736137222
-0.02323099300428042
-0.0178887186498589
-0.013734512083067344
-0.016242563564213924
-0.010238101720230028
-0.02179034018929075
-0.014613443767805389
-0.018166413148774055
-0.016933999654113956
-0.00967784220680873
-0.010473010465268965
-0.007425621867528758
-0.010484699821799092
-0.013138462363596684
-0.021810981516108784
-0.009058024476332418
-0.022252332490315052
-0.014878641976878644
-0.019406650895926334
-0.012751315406830393
-0.019736468581684003
-0.01173229105958984
-0.023993715598626533
-0.019714090144197338
-0.019475284781733045
-0.017741840171826537
-0.007040629217911857
-0.0054767469160520305
-0.009003730697550318
-0.012594101918797267
-0.0027196837512214653
-0.015288195451914892
-0.014971390970401715
-0.02296178059018817
-0.010453245262900314
-0.01524868300891373
-0.02807301679543076
-0.025776861972686863
-0.011154871598630541
-0.01869164864674215
-0.01168304382857258
-0.02253913965566614
-0.027911792798464126
-0.01666790639429905
-0.012878999351932353
-0.019061170918738
-0.01521361421476931
-0.009367277313019114
-0.01174488962576297
-0.013827674264289823
-0.00846735780681859
-0.013239173684991848
-0.02007974343444415
-0.015119255273049376
-0.019762618801184174
-0.020904371919226897
-0.020370477999983372
-0.017426416683614238
-0.017178845676924712
-0.0171921258175061
-0.018419413435639628
-0.02157441431362239
-0.0221460754073945
-0.024134904707001893
-0.02171125563843894
-0.02069667095138962
-0.006024386251610046
-0.016832147895144107
-0.01866346609104675
-0.006117177619835943
-0.010140379799560431
-0.009191931907161737
-0.02133038215798676
-0.01465897776715273
-0.019471013953282625
-0.0252451505553166
-0.02581255666521015
-0.016208649271327303
-0.02421123458161946
-0.023433873820643793
-0.012015796986119796
-0.021379563591188578
-0.02954449934290112
-0.020160402814248562
-0.025736386928850385
-0.010615471989115041
-0.009510711738330442
-0.020094467343857
-0.004424886068955466
-0.00807314986796608
-0.009305113695748879
-0.01178512970981435
-0.010472190335976808
-0.012422117785474744
-0.01088505438431038
-0.010260026293086368
-0.01685896369869581
-0.015624165843710123
-0.017410674644792897
-0.01868971832614263
-0.01574202135199504
-0.027718365336648083
-0.01865999781303819
-0.02471964036770625
-0.01657497868831095
-0.018212919973953585
-0.016215065912002245
-0.021820606205653528
-0.004021053991468327
-0.014362857331873861
-0.0010331775528714564
-0.008144979847139591
-0.003990064641312464
-0.009997678306690759
-0.0037403996964644063
-0.007740135371657394
-0.015395468278231227
-0.009888388019755253
-0.024668612029339322
-0.02162504258608282
-0.024417020687961456
-0.020997589355392567
-0.013069841160918078
-0.026998996185653237
-0.02041429884759957
-0.01934903039313624
-0.017587605164971022
-0.018885089917168793
-0.004925681779545324
-0.0013493678442454598
-0.006762314554312341
-0.0021307434674275173
-0.0069915621516804015
0.0008076128551772646
-0.005193107970704686
-0.005352172945503315
-0.013634660516819944
-0.0020937283354110258
-0.010336539126180506
-0.0068022472044734494
-0.007206976355003989
-0.015921993577648758
-0.023725937151250546
-0.023421962768341402
-0.010503865653175064
-0.006349039796433839
-0.009127966987101105
-0.006013264932610387
-0.0038688956597598767
-0.013857658938705804
0.0012899137331557208
0.011922849610242564
0.014041244003485429
0.0062956184197682525
-0.004330939668553713
0.0046142642515764835
-0.004125028998784168
-0.014790559875635878
-0.013079257119717084
-0.022210513359114274
-0.01805493796102311
-0.01007394796909364
-0.013854911062339294
-0.019114391020581326
-0.015879505690994358
-0.016256141357243865
-0.004058814793684846
-0.008945371727274139
-0.0014456787345529507
0.0001036663363830014
0.007517100298026496
0.03142576125464897
0.033284969961246365
0.026022105698656022
0.007527057261094671
0.0021847801782275862
0.007965575613270354
-0.005152266410349323
-0.022404881639238063
-0.024736196989035973
-0.008429333643519237
-0.01124755121982713
-0.015353330418261172
-0.011870188922167235
-0.012329997349209875
-0.01450355613362865
-0.014243299763759175
-0.00402223821898207
0.0046188676469065115
0.01574267820389833
0.04084826508984545
0.043715014348089755
0.06297773113597673
0.046220016692022484
0.020013448142917636
0.013122336300519635
0.007613071623309789
-0.0019270442846068174
-0.013752219221208586
-0.018291405545683488
-0.02084504040613343
-0.007623660789852933
-0.010289467409508153
-0.02626613070540478
-0.01554494323462524
-0.013778833049954893
-0.006137211275194775
-0.006959378032749495
-0.0067918393999552296
-0.00664675583600797
-0.00812231920459991
-0.006935049434851025
-0.007248153712176189
-0.007601067722276382
-0.00778309630338337
-0.007667775282372082
-0.007624970644500038
-0.007189650587603023
-0.006385995732011861
-0.007701653962331425
-0.0067820161327886135
-0.00674158107121643
-0.00635453758509719
-0.00741891870598215
-0.0070907910365580135
-0.007505453151658555
-0.008520840181768467
-0.00752944229819588
-0.007041228905630488
-0.007657645287304125
-0.008200450409405468
-0.007143646770740655
-0.008348908183490416
-0.008420049900926674
-0.007245870121223384
-0.007313912569916858
-0.008950704329944966
-0.00876845653706241
-0.00901493312195068
-0.00966732315722117
-0.009471221427733798
-0.009042276392509584
-0.009804949548912815
-0.009997555038518036
-0.009143473477291055
-0.008463415410356612
-0.010485558077377805
-0.009650147771444927
-0.009394854741780544
-0.009369728373051223
-0.008282109340801383
-0.008163686167697437
-0.008325981668745696
-0.0072396650261381135
-0.008792098471046563
-0.008609526795942284
-0.009670404864554743
-0.00967643600999016
-0.010517343844694134
-0.01215153899193869
-0.011455765596555569
-0.011124077610361074
-0.012600676698492188
-0.012095797782855596
-0.011502685144118048
-0.01114013431986949
-0.013258157357605752
-0.010855656540064696
-0.009541095716882284
-0.009679303039337415
-0.00896304634581404
-0.00861361397948996
-0.00837903090388478
-0.008253931011734297
-0.008874984671889043
-0.00948053044322159
-0.010919791084433866
-0.011783666978004615
-0.013347883830504585
-0.01366497494432465
-0.013792336120328052
-0.013954888094130393
-0.016294511231234533
-0.01534972922637756
-0.014321352698692058
-0.01256093324608919
-0.013468261914056059
-0.012966008104072679
-0.010993366824011303
-0.010224476771465443
-0.009455913716583586
-0.009988251250974654
-0.00874943245695629
-0.00923260930748236
-0.009739870193877821
-0.01089743579174565
-0.011983231321470044
-0.014054485827618831
-0.01515930629052647
-0.016091184555852407
-0.016747328729341558
-0.01959867441181492
-0.018863919395919252
-0.020057683978315234
-0.016807888036636447
-0.015879439380907336
-0.01675369750175953
-0.01466342872141726
-0.013726156868342491
-0.010732265871751084
-0.009681287641212217
-0.009651631009762856
-0.009477683061490811
-0.009029500760252171
-0.010555136161484617
-0.011309171857506482
-0.013204061535840056
-0.014108141845224747
-0.017663121964351634
-0.018385845772021743
-0.022459137319113368
-0.024344561198357068
-0.027701814960917958
-0.02588132958402361
-0.02214097649696354
-0.01822722166901033
-0.018848978497671556
-0.016030840856523846
-0.012964246348843746
-0.010476316328047422
-0.00985950210994375
-0.010094181622893866
-0.009479532524740495
-0.010056501562387216
-0.01073217771914431
-0.012252105378736954
-0.014063386227813557
-0.016151302875489826
-0.018407900905092953
-0.024023442004876727
-0.02890978973167629
-0.037240000116148315
-0.03669792798235465
-0.03666697031543218
-0.028501339373077715
-0.024659764269952682
-0.022700672736633624
-0.01618848806310434
-0.013970697382221606
-0.010926292862065456
-0.010086702531701415
-0.009505602799780929
-0.01033488758520569
-0.010288602221088865
-0.010623856747850892
-0.010622954658579705
-0.014432937931540563
-0.016129689066800977
-0.02273475551160586
-0.02744950238604196
-0.04163824442127808
-0.04926274464836662
-0.0661650404095254
-0.04918794803610959
-0.04196290532468529
-0.027548356599701902
-0.02157718211958933
-0.01735266760070325
-0.013948102605652822
-0.012470323501169611
-0.01036636739805703
-0.009867598653990572
-0.008691240294393773
-0.009854634608589782
-0.011024197588198966
-0.011357033631860879
-0.012747247977785828
-0.017082011408756627
-0.02041023376025813
-0.0345848888761869
-0.047013155078595215
-0.09111329473319872
-0.10156180084750321
-0.0910967770206956
-0.048537949636551815
-0.03442571789950462
-0.022115393290308292
-0.013767849752068052
-0.011612267743539921
-0.009848060226804756
-0.01005933874301953
-0.009016998703690934
-0.008816160969970913
-0.009674233608533523
-0.00863419329106667
-0.009930722192591009
-0.01286049562133096
-0.012569213813592823
-0.021537985866494764
-0.029363604802661026
-0.07053490840371167
-0.11311856488239369
-0.29804712111682263
-0.11480646692145484
-0.07146821760516456
-0.030298231434676862
-0.01103933818464229
-0.010369464540200268
-0.008703170727830568
-0.009145676332163125
-0.008344059143061218
-0.009085696502069255
-0.007300515531645248
-0.009784804762639739
-0.008045953376755385
-0.009524137049963348
-0.008852173923713274
-0.011113458746279427
-0.012025083359827222
-0.02740408656726535
-0.032001679018296474
-0.21718061864796506
2.156394928837712
-0.22187823319187996
-0.03148279108023847
-0.027099402952703935
-0.004674045776301347
-0.004099428009012797
-0.007725051142313509
-0.007142458790192919
-0.008369350052780338
-0.008011572086816158
-0.007166330863848366
-0.00793678736496098
-0.008174816476905754
-0.006014681623931636
-0.007146839353839796
-0.00445167552864337
-0.003778912297001537
0.010033219732378489
0.01770000334056972
0.19706246792811546
1.184509546808755
0.20202706356026845
0.018056021014391764
0.011689195800890643
0.006219499217285122
-0.0021576876009742653
-0.0036713161103906094
-0.006044399129679518
-0.0055282004430223675
-0.00710307561192237
-0.00672284792853042
-0.0065702522867254545
-0.006800715335277708
-0.005326601473136651
-0.003728316301077242
-0.0024023564161126257
0.0052705740693463265
0.012447831188273188
0.05385186897447963
0.09758661039285657
0.2758163820593969
0.09997030404550246
0.05507065081880241
0.013723250212263895
0.004444334640049369
0.0013122486023053356
-0.0026505634376627033
-0.00419358364368729
-0.00631686774882506
-0.0063571836836530445
-0.007086178998461371
-0.005716229374123397
-0.006427696255996149
-0.003962350615117205
-0.0035491588889007297
0.0011180589319093907
0.0042297387985622695
0.017794299905665587
0.0314206457977431
0.073568323348327
0.08466300916833955
0.07388919483777512
0.03187106611250355
0.018314003359666056
0.00604267961255313
0.0006328507076720125
-0.0004655783522229743
-0.004280322680945917
-0.0048273779641707995
-0.005729431599211796
-0.006244375132708096
-0.005881816650793922
-0.005565869605257738
-0.004729540043418769
-0.0020236592001891393
-0.00015167827627455166
0.005703926177083947
0.0107940451886616
0.02466195143855652
0.03369028243811844
0.049166083553700196
0.03308796740013308
0.025365766024703168
0.011095707497771255
0.003744323774550326
-0.00022423989263148754
-0.0014492707969113493
-0.004068613279114095
-0.005654271189398054
-0.005031200615363955
-0.00480462326330779
-0.004947409269822071
-0.005508033630111102
-0.0034793608596399308
-0.0028857887401370673
-0.00018799807009870918
0.002160904864587604
0.008805262220338728
0.012428690195067489
0.020548761093493087
0.02006869456174032
0.019880221489297984
0.012588379021125322
0.009315975898342417
0.0019089105381936385
-0.0019639278857796175
-0.002265395850644125
-0.00399142426371768
-0.004891050032260502
-0.004995896596376767
-0.005544664271244797
-0.0052670508758375645
-0.005764094875283192
-0.005332673908730942
-0.003657077649172338
-0.0024934232899087587
0.0012599876802028417
0.004758628469722583
0.006948879744033714
0.009136434372380112
0.011217177024923976
0.009174400326134435
0.008149886485553388
0.003931318852037632
-0.0009921981737621177
-0.0024858194410238075
-0.002627012576894152
-0.00389842442679074
-0.003577742625928372
-0.004890549516493885
-0.005792882072358721
-0.0059081548401067425
-0.006657763026648345
-0.005082868959816473
-0.004020176258318291
-0.002826982076160669
-0.0020708956200385467
0.0012529537587195163
0.001668570372052023
0.0035794726584907816
0.004183088487153146
0.004734245178439506
0.0021405012730099783
0.0011506129721811243
-0.003565118894931609
-0.004187539912441789
-0.004120616576115467
-0.0052086108414606215
-0.005449682783319653
-0.0061502878689645105
-0.0059310399999733645
-0.005617669726129706
-0.006254241543528153
-0.005873212514020044
-0.0050908850768859905
-0.005380448030475832
-0.0036141519186651035
-0.0032658706259303897
-0.000837028220393025
-0.0002789154800355015
0.00036512164786675817
0.0001770655906767295
-0.0003572477753304656
-0.001959824976386425
-0.004983654430843718
-0.0055601283007953705
-0.005851886491082995
-0.006262802042909479
-0.006878701221468615
-0.0076547024510348356
-0.008089240487824684
-0.006598283953396611
-0.006967214419015666
-0.006225684917295078
-0.005705347790741389
-0.0058689141971743596
-0.004748433423114402
-0.0047227485845402675
-0.004755285503868055
-0.0031730706654068044
-0.004015813835214144
-0.0038333852438889237
-0.005211138760000209
-0.00473211412511416
