0.00014075406045515503
-1.0604580584623315e-5
-0.003502544518962658
-0.005956176798340394
-0.00782873826283249
-0.008347059208094658
-0.008139125849941248
-0.008018375136524694
-0.0075235485581129245
-0.006814187533237929
-0.008968562989928743
-0.00725227960769536
-0.008351185013702717
-0.007774490491535411
-0.006419855303616197
-0.006301561436013297
-0.003761293583468498
-0.001261153403231613
0.008132211989926523
0.01159904086928626
0.019663894956859447
0.01049145246694941
0.007759043199646037
-0.0012502381995916415
-0.005466342412026852
-0.005863874579273331
-0.006824403320480958
-0.0071060354200025485
-0.007292484618467405
-0.007368451656812974
-0.007512007735947945
-0.008446066485078424
-0.008933047890140506
-0.008170612068814607
-0.008685257089056504
-0.00782764615033166
-0.006877700916833161
-0.005898881192544861
-0.0055753062385941864
-0.0017113790759332441
0.0017161256849787783
0.004291838561491166
0.004549645683505701
0.0036670039737868214
0.0009034255867032994
-0.0019947666828919386
-0.005474272080452386
-0.006584380245093285
-0.005705456124021597
-0.00699523752235204
-0.007486316234204643
-0.007945044892399321
-0.007859643861002496
-0.008948472875851661
-0.008361214476869694
-0.008825356513869839
-0.008414525517699173
-0.007371934609141279
-0.006890515746505958
-0.007123151912606197
-0.005110112142230144
-0.005076949976793433
-0.0016017368303931213
-0.0016518785674702562
-0.00038378019125175284
-0.0013056188917255807
-0.0008660181542995612
-0.0042231102607213486
-0.005538388792514377
-0.005041488157758391
-0.006391247029203671
-0.007043386349301978
-0.009156299263014138
-0.007244189230456313
-0.007206545081366881
-0.008227672916466748
-0.007571966685441588
-0.007826526638930872
-0.007881176047405144
-0.008073277518463274
-0.007171859265210872
-0.0076639011735359286
-0.00728615832162248
-0.006950677606966079
-0.005961271397648843
-0.004193566566107462
-0.0032459121057184528
-0.004044578482059251
-0.005283305279415056
-0.0059555907005561515
-0.006681485783805185
-0.005793886592534301
-0.006968984392956753
-0.007498540034945998
-0.008742907502464741
-0.007785148059745076
-0.007222404120090342
-0.007397005878799832
-0.008493726195172652
-0.008097300532555298
-0.006457745973262524
-0.007849244075945427
-0.007987556000024513
-0.008026220138350876
-0.007890890208183418
-0.0049404527150153955
-0.007029843703422744
-0.0066162750143008466
-0.0053563220647211045
-0.005243179896186686
-0.005381844421845961
-0.00674997547099725
-0.007094227502001607
-0.007989186485953184
-0.007797375535060704
-0.007953881044019912
-0.006796190208305456
-0.007065046937448901
-0.007370308941829875
-0.006909125558892471
-0.007663023383683102
-0.008204116346921255
-0.007271187639483016
-0.008875952666261087
-0.009194515452038383
-0.007541873409888619
-0.0071436386065487495
-0.0070340363242522115
-0.0067717425104985565
-0.006504029827753178
-0.007072152959797309
-0.006026624931990801
-0.006143851899300993
-0.005787723498717869
-0.0069367208339228565
-0.008984354687654744
-0.007132336513982759
-0.008442699034392792
-0.007483700831252222
-0.007773668801002532
-0.007809517556178979
-0.008307380834976761
-0.008766889218137721
-0.007775387907040562
-0.008530524839160593
-0.007593160618770908
-0.0062519063749466785
-0.0070573663597831345
-0.0077869731432370914
-0.007972395715956137
-0.007421686426262252
-0.008210127785421392
-0.007338541995703111
-0.0072287714581442085
-0.0063723449225528955
-0.00632460106523147
-0.007005870072476409
-0.008367819739477745
-0.008488333499969528
-0.008294736043423042
-0.008283735798988142
-0.007996286288291528
-0.007719034291019903
-0.009031492210962395
-0.00855875443631582
-0.008666522979065557
-0.008079259987084256
-0.006547274217969414
-0.007331886940714591
-0.00697934822537033
-0.008422514975404242
-0.008703520431569916
-0.007681547589329593
-0.0077169022894002706
-0.007542010591514722
-0.008190285157620545
-0.007666969933739681
-0.007288759818846781
-0.0076529652263683965
-0.008216508745318965
-0.009305982094809317
-0.008740133886330295
-0.00800236597660356
-0.007718515873368872
-0.0076841567872583385
-0.008319742190925478
-0.00733433000465529
-0.00768268209477425
-0.007672325496080595
-0.007754425900123107
-0.008981438463917782
-0.009004672666943322
-0.008983071313970404
-0.00866672535524285
-0.007826317366432531
-0.008407969481795166
-0.008432596731988685
-0.008826332358037288
-0.00891331522226383
-0.008392724405489306
-0.007954490262500254
-0.008704120040188657
-0.010010903801316674
-0.009172346271777702
-0.007827756520180635
-0.008954390255783727
-0.009584849029870562
-0.008612275784837394
-0.007288036541996457
-0.008459560925390157
-0.008496755462781775
-0.008686638425379438
-0.01023863353717148
-0.009086449490448126
-0.008144564291658163
-0.00892924165700634
-0.008014214304271992
-0.008505273259006933
-0.010281355302043483
-0.009138319892303378
-0.01047782795755459
-0.00924624447261933
-0.009294388975676367
-0.009710262099759035
-0.010192817186196475
-0.009265283328545336
-0.008719683171534584
-0.008433092747543785
-0.009696862081750883
-0.008298697511653248
-0.00848007718272034
-0.009298593853007594
-0.007637158748876931
-0.008018556062925645
-0.008853680606105748
-0.008425010440582656
-0.009698567492013763
-0.009846180385239664
-0.009954690309511295
-0.010734583426874346
-0.011903798951478172
-0.011262226891721098
-0.009625952941500584
-0.010101809207705158
-0.011279976432762942
-0.010063979468693399
-0.010616684721643838
-0.009397039340443924
-0.009026787569948791
-0.008326657984076478
-0.009625653187845608
-0.007808593422782006
-0.008384068173866135
-0.007600561043427798
-0.007995071951055806
-0.010139485567108829
-0.009552295197417184
-0.011050496533158722
-0.010780131240299666
-0.01252208007909578
-0.012997698234114445
-0.01203789100752048
-0.014272891639161156
-0.013825101720228638
-0.010585606027743185
-0.010965161619610104
-0.012319762767998899
-0.01193276586933123
-0.010231094507444463
-0.009338093473615779
-0.009652476124963115
-0.009206067502662894
-0.00929605932962214
-0.008741007155703156
-0.00883097855126471
-0.009402178164209947
-0.007366080312394456
-0.010106185705411344
-0.009267918950812894
-0.011487615803335663
-0.01091247577486685
-0.012949281204215731
-0.013947839543913173
-0.015091148019197495
-0.015780827877486504
-0.015827559346410777
-0.01384715286014277
-0.011936219385522901
-0.014000335677384155
-0.012189304316933063
-0.011267506863499728
-0.009985820181841649
-0.00909398174872632
-0.009339507041703794
-0.008793500412558511
-0.009633280518025379
-0.00814341722398692
-0.008952265277483136
-0.007791527454909116
-0.009234218002215385
-0.009665704832804198
-0.011563166156009913
-0.013588374238903047
-0.015998570963126048
-0.016879902092652596
-0.020069086749506717
-0.02026453029875302
-0.019168607887873213
-0.018531833290877108
-0.01460131151476875
-0.015746823040307986
-0.012697505920533383
-0.011846180513048157
-0.009783925215733161
-0.008664729469168022
-0.008379461591509324
-0.009011987389394467
-0.00884885739309903
-0.009108504283186613
-0.009392879637981808
-0.009489226250775145
-0.00962740820624074
-0.010960228096364886
-0.013621574374973036
-0.0152012451450941
-0.020085845717619726
-0.022010697749871737
-0.026742741172466493
-0.02709123756543089
-0.027665297770446323
-0.02277785844585918
-0.019079278313558982
-0.018819887051473406
-0.014929253554653663
-0.0130838792139263
-0.009949293630661174
-0.009287404670890866
-0.009626497001720878
-0.010328584334211018
-0.008171161402681804
-0.008441154168106925
-0.007343506381645563
-0.010075457929457401
-0.010620334942350184
-0.011932204221763791
-0.013650636280754786
-0.01715096985286477
-0.02351115300999492
-0.03244933748547644
-0.040333050970261616
-0.04886018778684585
-0.039552121108765936
-0.032496113976363865
-0.023404102768176074
-0.01987691154291555
-0.01529320152388639
-0.011263909050045628
-0.01070529729395431
-0.009498901018217858
-0.009401914795160674
-0.009050166033295901
-0.008527476756416665
-0.009294080915055415
-0.007826776708342592
-0.009143952001976088
-0.009760490480337721
-0.011582142536636576
-0.014239466969438876
-0.018284334090405415
-0.031040544969032104
-0.043198536854788555
-0.07247607931418351
-0.08239659976890605
-0.07180972724009041
-0.04388888677150501
-0.02995445340828212
-0.021530823135107992
-0.014593531137280878
-0.01295583934456833
-0.010576095103082474
-0.010077401983088569
-0.00967564271460732
-0.008252080554237512
-0.008374988438976431
-0.00952960018435072
-0.00877110829002599
-0.009276431558700754
-0.009830236647878845
-0.01181863277277213
-0.01421996033392027
-0.018733490789551093
-0.031552163246914115
-0.0656034221397041
-0.12620524009774267
-0.28176262497842125
-0.12632051310116696
-0.0683610576569369
-0.03057957964202318
-0.017871674621688476
-0.013442275085703661
-0.011782424843313197
-0.010316100547164574
-0.008962429871183746
-0.00910973465500497
-0.00874813988873558
-0.009089627091843409
-0.008510984079140551
-0.008823862499951872
-0.00743760114437918
-0.008578609611559363
-0.010054197922899737
-0.012174924631079087
-0.015372562825938
-0.03044545708762152
-0.054090345822338154
-0.2986236715966017
2.806638621324443
-0.2505608101260178
-0.05448750865975334
-0.031231839860710636
-0.011671907621328172
-0.00973709625216611
-0.00993861688598227
-0.01025158869463199
-0.008397305056064472
-0.008512924732076483
-0.009061600479020483
-0.008948141808179535
-0.009123098826595651
-0.008249097720125737
-0.007632807733465
-0.009248311071277838
-0.009972886540371309
-0.0093808676785388
-0.01152210886548037
-0.002622810713682387
0.023863224041068387
0.1133994737031961
2.254580379998395
0.10623178171801737
0.017632287454019572
-0.002981814720550949
-0.005207005273873629
-0.008083898528440818
-0.007812687328022806
-0.007853984991824155
-0.007498146170231188
-0.007959736965407206
-0.0085551679234093
-0.008618450919125109
-0.009161178683935069
-0.008479838980920295
-0.008368344454994384
-0.008809127459677211
-0.00837817077097094
-0.006852959545028746
-0.004820595428903006
-0.0007807249270277457
0.02946844991174285
0.057134677389099255
0.1524449138810134
0.04813346807100644
0.030272636602961988
0.0012192621427279011
-0.0043069272920132785
-0.00724744514425217
-0.007674696392527725
-0.008833133581334736
-0.009231710548838661
-0.008151153477454338
-0.008006522296853471
-0.00803982337330666
-0.008989692110470888
-0.008443036344667794
-0.008407981090386953
-0.007876905617701718
-0.006813289698547708
-0.006075776330633362
-0.004762013515495793
0.002252668629408542
0.010877070928013283
0.037037759792994146
0.0381723014870327
0.03498516671980743
0.010213411640267463
0.0030397515431069694
0.012691983207230553
0.020360990338472062
0.02383243096831358
0.031986998134529133
0.02931362861267337
0.027439817040825352
0.015973723931002128
0.008930331417583015
0.0016744439945741638
-0.0018222874442858842
-0.005423547248367217
-0.006994681861330212
-0.008097074601998763
-0.008609809476882509
-0.011913044375353513
-0.011052767991321724
-0.008104045452880813
-0.0036908705006934214
-0.002376816947039178
-0.0022898191516993543
0.002069042593566217
0.004998853161861644
0.01992005269520718
0.03040451198065942
0.044249996183817086
0.05482184707989267
0.06567618857855725
0.051789073866365755
0.0315380082441481
0.012434848979757836
0.004301544588669926
-0.0008080946601563075
-0.0024992740745851997
-0.005220588472683626
-0.005721404213129033
-0.006338966096573652
-0.007675260732992955
-0.008502013132375459
-0.009222264298063786
-0.006089077610886614
-0.0013172402006753276
0.00024153602932142255
0.004262360766312509
0.012207186643472263
0.027825675179509794
0.04527723929962528
0.06983984373208767
0.11380127755402028
0.11877422398824995
0.09345006339967867
0.0366255890422097
0.017472832818762586
0.004357557993213624
-0.0009631377863807978
-0.0037212065624731084
-0.005101233612104741
-0.0036947296314080833
-0.004455229569855452
-0.006621232606319517
-0.00795761059824867
-0.006335520411434948
-0.00494215762063871
-0.001263116520471316
-8.027264008665875e-5
0.0070234407894199345
0.016179646711932862
0.0348604675000859
0.062362186346288456
0.11933607289573975
0.20496967638158375
0.3226037449632501
2.212760365113464
0.014464422522577779
0.0008561864506070869
-0.0021041425812419043
-0.00145441274918108
-0.0022956996166336365
-0.003849949360193128
-0.003678591964210462
-0.004170483665970467
-0.010603587732717603
-0.009765604110599716
-0.007519844014716927
-0.005132627178773989
0.0009409352395196556
0.002043612750001219
0.009500519342164247
0.01893190106166789
0.040602929644938515
0.07617050523868611
0.14081204534493166
0.3208545552304843
0.9044611300279611
-4.612222243809077
-0.5677430418080203
-0.07294837316830376
-0.013781316131715161
-0.0036598011962093993
-0.0006373305396395459
-0.0027859007759671274
-0.0058065553095195165
-0.004106865707339299
-0.00933912082656951
-0.006754494083862302
-0.0071535549352114
-0.005529884256960451
0.00027338234377994924
0.0027529818298655134
0.011427374798266781
0.021322820567124905
0.03835682889788238
0.06342842688176735
0.115286263739317
0.2006771129685945
0.33896419031232117
0.363986668363455
-0.004836770087052314
-0.011563999586894472
-0.0076876632583250445
0.0021660615786979072
0.0013085749235422293
-0.001717769576211108
-0.005205854756787469
-0.004551380971600451
-0.009690413798799539
-0.008317308345626488
-0.006154707207406714
-0.0028287972729827316
0.0010929974955113434
0.000814805159736731
0.007367325049387821
0.019267390579949934
0.030833533907213183
0.048480298979333
0.07032682561806017
0.10630391359281542
0.13372653234049478
0.15775600800408382
0.04006965596279861
0.011090085765895603
0.004818755049025414
0.004067185752269657
-0.0006547269102068554
-0.0035095591464284668
-0.004789983403146533
-0.005126061225410757
-0.008125577743094116
-0.009370952157966168
-0.00795371577670673
-0.006028037189908396
-0.004121147721511708
-0.0014955929291666954
0.004575057074301708
0.017621128224653893
0.018780971696749835
0.030176856656200894
0.04375277682336823
0.05388101211055875
0.0633781768311936
0.04678037782611633
0.026585928617499244
0.010960993996816435
0.0038331775318692254
0.0013446935333129948
-0.0029515227868306218
-0.006258612799529997
-0.007355491313654637
-0.009836550819207214
-0.009683824052900405
-0.008875849021795088
-0.005801954638147005
-0.00863763158533809
-0.005488495927164288
-0.0024667704081178386
0.0033976583141595296
0.0109148762919228
0.012395804434368645
0.017536537589759323
0.023374409180369923
0.029503227794479545
0.028004477768945497
0.025265353953267265
0.014507999615534103
0.006877433390527884
0.0007819532736832518
-0.003049563000633861
-0.005407237992695699
-0.005542661332297008
-0.008424872260070188
-0.009162249064980543
-0.012101442550420524
-0.013084883689405658
-0.008875282808877599
-0.007989279925729741
-0.002469651146212348
-0.0031436597075432436
0.0010967541085917494
0.005929905097282567
0.007639830688137142
0.009234049393622911
0.015092241294889256
0.017175651480591456
0.01705006086866266
0.011328714213929388
0.004865639732440019
0.0014035058614196001
-0.0010885555513943624
-0.003449599359525224
-0.004581384603078549
-0.008120392499700368
-0.00902271685878475
-0.00796474387416563
-0.016218305747819496
-0.013591488695334037
-0.01293151186794846
-0.010074166570829008
-0.00564327966591525
-0.0034941377198920804
-0.0017589929110515686
0.0035676951184543306
-0.00020308656513881362
0.0017080200519960817
0.0038697469780570124
0.005708718863607521
0.003978811124561031
0.004147538551159293
-0.00130162799622539
-0.0020060499412014004
-0.00541454088126077
-0.005999389941647821
-0.007209032130321607
-0.007448936885079246
-0.010596251834882608
-0.011136534236716832
-0.014424978135891697
-0.014442081478380192
-0.010978703200514188
-0.008484750426975824
-0.008914178550324054
-0.0076159014711331945
-0.004792369708726511
0.0006396942586836528
-0.005093315296180876
-0.0019125946970320342
-0.0008001731767860529
0.0005879263926924793
-0.003099253893921142
-0.003951648007414115
-0.005838856294047857
-0.007198507573674457
-0.009485721536138823
-0.01298534576822696
-0.011415640561665658
-0.010253060038677823
-0.011394206535583935
-0.016819535115944504
-0.014756604168303832
-0.013618574355673914
-0.012396841530733652
-0.01127002874305176
-0.0077082034983930545
-0.005043838474075217
-0.00854897263301866
-0.006187159299388425
-0.0067180989588826396
-0.005631624175045166
-0.003703984335946102
-0.005900673459010739
-0.007009906296652551
-0.006902115635011156
-0.007891825290887075
-0.009935758204849094
-0.008503786768066774
-0.011525382786982927
-0.009186398373767694
-0.009825431542581453
-0.013617101005179493
-0.015957156576492403
-0.01501034865377764
-0.01586443836947529
-0.013203479247875459
-0.01229750980565406
-0.01210466966701813
-0.007988700134686645
-0.009056705048140018
-0.009122698271634094
-0.00625957416020165
-0.0036598296811986347
-0.0037835080243827615
-0.005640804244733803
-0.007376692815777391
-0.006652483287634696
-0.008058027360534408
-0.008423635398074067
-0.008677860459868172
-0.009761203618953785
-0.011902362063617618
-0.012428353819044644
-0.015731333660488213
-0.01629327981042881
-0.011025822039280656
-0.01444934481216465
-0.014079702939499616
-0.013300801502579378
-0.012298458889587463
-0.012537978453022505
-0.0104738826880723
-0.007388418927559462
-0.009098565792098277
-0.01080857785669476
-0.006714199308384641
-0.007287850076559766
-0.007025742004156437
-0.006993222119879057
-0.008487469675522531
-0.008148253730250727
-0.008216817038240785
-0.008424178394877916
-0.012861562380862347
-0.010670471806505624
-0.012192227494008749
-0.012402408548760482
-0.013281806118537914
-0.014121190005832175
-0.011997986886142828
-0.010531164147392838
-0.013476093810431994
-0.01307398274455503
-0.012912858738926317
-0.01033900404252751
-0.00859134766248979
-0.009852539367878475
-0.00684514252941986
-0.006374839584698864
-0.009182613485091601
-0.008406715274179813
-0.00833908066091973
-0.011034667805298798
-0.012329197835424494
-0.01016793974131667
-0.013194088764197172
-0.011275222162655592
-0.012698824710652031
-0.012889134807955442
-0.010791092718622138
-0.01439554121371345
-0.014165642727449733
-0.011951727587682053
-0.015566438076221229
-0.012673054601136593
-0.010994000865574349
-0.012788189794889635
-0.010077732488396534
-0.010661418774365106
-0.009129247387201965
-0.007647177925590628
-0.008233547341027145
-0.009559351067122402
-0.010310710220138996
-0.01023611226584557
-0.01235299177654052
-0.008418039708803702
-0.0112098612201343
-0.012113149972834183
-0.01108665781074545
-0.012358557988217889
-0.012126071824657343
-0.016880026168808585
-0.015839812906266702
-0.01152076518955825
-0.012307499724989157
-0.012198565187212553
-0.012294688257016144
-0.012581308742630339
-0.008588951257699923
-0.007237859435778968
-0.006335682107977566
-0.005501304958975544
-0.005475636300393913
-0.009494060346347786
-0.007180866202214449
-0.010023290375400389
-0.012826320796881932
-0.01346389351287514
-0.012989053525302762
-0.01588450741189111
-0.013539038675769435
-0.010889567355072332
-0.013956448334953927
-0.014301150317752727
-0.01198843494822557
-0.01070602938651473
-0.014274715267007116
-0.006985286121843636
-0.007446119720521834
-0.010122298652231633
-0.007035495570918001
-0.0036608181791400484
-0.004370757089448681
-0.0005248590358758014
-0.002041088895381242
-0.0045306299080724284
-0.005209653261351735
-0.005407250288004097
-0.007904626220407437
-0.010082533957418722
-0.01123594008644356
-0.011443202595353051
-0.01242905335433098
-0.013498622655055043
-0.012041645940471472
-0.014424489719684502
-0.011125297033888561
-0.008526816627224269
-0.009414224672031643
-0.006190683991836407
-0.0068120586884330755
-0.009318920309909256
-0.0014350288497267422
0.0034790149351734564
0.0006349374724946789
0.0009787791080391201
0.0026185604199423125
-0.0002706678436396369
-0.002479094185040677
-0.00618002198542994
-0.007307669884312714
-0.009859796445808502
-0.00879957789732946
-0.010115459197496044
-0.010162794672564575
-0.015320408191393632
-0.014428828992035608
-0.013133354182938973
-0.011115400269833018
-0.009322704742893486
-0.006396418620774452
-0.004042209849536279
-0.007424911688449752
-0.0048943424286065195
-0.0006478690235962486
0.003296982476808515
0.0050341223029340436
0.006809826376860608
0.007063700471881392
0.0026571341254017604
0.0005392865251827456
-0.0024847194103033935
-0.004559792336372279
-0.006079215184288065
-0.00921384988947963
-0.012393384829816442
-0.010181471223926417
-0.011100185498918554
-0.012004154026000255
-0.013344064778432389
-0.011960267398350868
-0.006782358915551042
-0.006303575739056647
-0.0050742582015612225
-0.004322422219261223
-0.0016633734970001469
0.0041396978992497965
0.007756764560448938
0.011626406683602455
0.016338882399811162
0.01565027047824137
0.011399043602047895
0.003789691676824078
-0.0009277922515861979
-0.003857544492922333
-0.006000660093425005
-0.00886885770955703
-0.010702778421643785
-0.009947255508475524
-0.011718798613215703
-0.012701530811598706
-0.010138024373355658
-0.008444549041599456
-0.005024715946759993
-0.0011450230838872858
-0.005383085612577896
-0.0010304032542888047
0.0032695303532984912
