-0.000648232694052949
-0.0012128593476140558
-0.0008138421842343161
-8.922782181584085e-5
0.0017838064845341099
-0.0021384764763515028
0.0013328990880040292
0.002542815874586918
0.000774918456840514
0.0018063544965937436
0.0006420160751037786
0.0008628486532646497
-0.007354821417499239
0.001193223605695335
-0.00022779628299056485
-0.000533806216163475
-0.02402289386660407
-0.01555976719491401
-0.019310099229395573
-0.011825886479725083
-0.0194281269919912
-0.012940422954278032
-0.03141181582806965
-0.018313085883307552
-0.008930064141777076
-0.01918145045092818
-0.008060517831425277
-0.016696009824045087
-0.009037185065458156
-0.035416978426355314
-0.04091056524926692
-0.028384047749262547
-0.009128022814125326
-0.0009381598593250168
-0.015417282631070792
-0.002800540629343047
-0.016681304124484448
-0.02757062198254119
-0.2099807168680877
0.027098012527697914
0.029269068098047808
-0.014585526771966294
-0.004759696098277844
-0.014411352284568245
0.020616151935094657
0.027864520001723948
-1.461731950929589
0.4632978795466211
-0.02465840438519285
-0.011773102052331057
-0.02029817522236883
-0.0017723986031222506
-0.00411654486311267
0.04865125021260656
1.7680375823825978
0.2221930922859235
-0.024347307669113947
-0.028073860686561418
-0.013377781004322773
-0.01733051047335194
-0.001893863845348444
-0.02192125699671013
0.01926748536531576
-0.04590312556047575
-0.032260255777342935
-0.018806960117148185
-0.022110312705176792
-0.011748109503307048
-0.020033013196257592
-0.012796520882622897
-0.030307366133379393
-0.028496985628526192
-0.020735869616536916
-0.025619660663537203
-0.014566921465374496
-0.019434342844109283
-0.01242041582750557
-0.026567677526515905
-0.015144038333772439
-0.03384616825557897
0.051982451383310146
0.028316222217313607
0.0120343329005881
-0.004483961455500722
-0.0146378378524457
-0.01018880818568379
0.0651163728798238
0.07426994325977777
0.029668506123003105
0.017275964314000608
0.004889192773525343
-0.0009950807274796416
-0.004444404098400579
0.001890204473745097
0.024280738297004133
0.03642574438083305
0.01032561956911889
0.002334995804698245
0.0016863216295088662
-0.007651232788374567
-0.007038181018496092
-0.020514731788118218
-0.005248092872907783
0.0023702587340115695
-0.005764469100706012
-0.0007189723354348523
-0.009121065559089751
-0.01460458936484976
-0.033485298650514854
-0.04956057837345674
-0.04358678933519486
-0.018234019507850335
-0.003617034597403441
-0.0038789485812566185
-0.00803779071935981
-0.03341448038450766
-0.06242174900414423
-0.15985309295277866
-0.09996422666631653
-0.039973503092505774
0.02683139484703479
0.017038646883900395
-0.005250437623234679
-0.03791432587506001
-0.14793866421118163
-0.4724977540155567
-0.3570779789375946
-0.03957387466194168
0.0749532862088469
0.03857016284531591
0.006890965824300167
-0.03806489078056371
-0.09329641797787151
-0.13125591085408872
1.212796604364889
0.11059723285498727
0.07321748487710449
0.03774892436349234
0.00646291380705344
-0.011637947765228047
-0.03603939263307945
-0.20186879469898472
0.21693094072680616
0.09274990249652254
-0.02345876359364166
-0.0347200816091888
-0.004389330447377238
-0.01480504912288279
0.010006172124759476
0.0038678502247786505
0.03122704761537199
0.011189695251594831
-0.1235449848669215
-0.049644997117352034
-0.03314322982099308
0.0052122603718139735
0.00010603247132806327
0.04161324777428261
0.06421208796441204
0.15935980562492108
-1.0368112930323343
0.12830869533080483
-0.018475065763264843
-0.01694271414172886
0.015979650006315096
0.022308011030420846
0.16757474124682414
0.5689784533566351
-0.21431190089560656
-0.04103372921859153
-0.034698552849761095
0.0021791079157691276
-0.0020361327172440666
0.03262422174099933
0.03961836538248677
0.14429599388541206
0.05875817109809363
-0.02143986094987254
-0.006835855968567466
-0.011327477674099553
0.011987821657822993
0.005805169739017659
0.03497095772178727
0.023980598360945873
-0.009282523008811237
0.0025374510220835837
-0.015911169665469807
0.005663393913969557
-0.0009087272208163829
0.016893548732223197
0.006666863911529417
0.026335105106463783
0.018014166559739128
-0.011425893050977272
0.0028813672810550817
-0.0065107151317668685
0.009774715297391087
0.0012831155532060704
0.018049968420062616
-0.004539258878680444
-0.012364655751458438
0.0018061722503005405
-0.013264163732821438
0.0037174693115247814
-0.002030349562935543
0.012761149380910332
0.0011555311195260757
0.020452299933092718
-0.02949183188647778
0.0012168660051157262
0.03426173309654436
0.06922506100429768
0.13302430304302876
-0.7522751986139149
-0.38044263331197126
-0.11869751372793723
-0.027625082653253853
0.009414219659594774
0.039336111019194445
0.07771649597419922
0.15254434921866164
0.3801450675177149
-0.5450733000248834
-0.1012781552295196
-0.010844365388994482
0.01300680072535411
0.03631219040908735
0.06346732373763227
0.09492456477229419
0.13052787581644854
-0.039356239849722356
-0.03488220684107459
0.0010957886457283461
0.013846900448554585
0.027111328115483616
0.0430274352429349
0.058860221119413365
0.045761745330565824
0.003469034495946897
-0.009295876315540071
0.0019325515803337663
0.011720747369850236
0.02357004552136823
0.0326402689285387
0.0335932868690217
0.03224129332774681
0.006326166549783869
-0.0012422500872826194
-0.0033827709992946173
0.010177622806530656
0.020236630257720923
0.028094226061982995
0.03464101130875589
0.027332440805924823
0.000341923982864241
-0.008417251148320867
-0.013536313882564615
0.005712465899917867
0.020669852823424473
0.037967582606574735
0.05446489190943805
0.062005580440663045
-0.0315780263950469
-0.03642523377482352
-0.03679338884474976
0.005763540173363094
0.027612095998126886
0.059424838142029125
0.13368780825404805
0.3295569003778447
-0.17635320866026774
-0.07391833986445819
-0.05413978607191579
-0.07292789275279976
-0.13938442653374278
-0.21811812417277077
-0.28278270032446917
-0.16639622965753936
-0.10330742443967482
-0.06636504888575467
-0.04693511191292085
-0.0535684768872715
-0.0805247684700703
-0.12451292137762457
-0.13865851783299427
-0.11819392031657994
-0.07632862768768821
-0.05511952327464433
-0.03068042563866971
-0.031038733702269648
-0.03909473980861382
-0.05045095493661718
-0.06348781631792023
-0.04988835963554006
-0.04026219459176157
-0.03105554140860836
-0.009457420546889986
-0.003986814966715291
0.003065071176033394
0.011207174847290596
0.016752652538364745
0.0028638539286193238
-0.0029077213312994356
-0.009426832910849387
0.006854683640769754
0.018410336982092854
0.044008909244278284
0.08721955436805076
0.09223680365044512
0.06498000829786131
0.026232225832926975
0.010735236370331913
0.015768192492081678
0.035720465419804066
0.0871338104721646
0.18341150055864083
0.19543593607780813
0.11995057068170092
0.05625371643567102
0.01869156028785035
-0.0015641524013162243
0.01466315274810378
0.08749101543122399
0.3676004001854158
0.4585659344269889
0.17009041420150314
0.037672794203925226
0.003759868615885593
-0.03775651878031762
-0.04375487005408293
-0.13647772905194405
-0.47189784071688484
1.0282614256180476
-0.21947418510494826
-0.06467278004097061
-0.0453381358936765
-0.13845630376374796
-0.16285075863915238
-0.07545343963057753
-0.032497646102251726
-0.021387461137884714
-0.03144551660443344
-0.05529201120830671
-0.0824546571468285
-0.06151368320165347
-0.07072193745999858
-0.034857793505414986
-0.02046175963285083
-0.010794845766851061
-0.026050490652749194
-0.03538656788397267
-0.05627572932410136
-0.029883660802633223
-0.009192019600827949
0.001527407500636932
0.008158315136658899
-0.0014568018884692042
-0.01271063951538053
-0.029335148980855805
-0.02943789381956096
-0.018360952607200044
0.03483211559856057
0.06578570398843837
0.051033432478880404
0.025599012392660495
-0.003930486009757515
-0.016765019713877633
-0.029610051896851154
-0.05329078606240021
0.08690022603436048
0.1631669464908382
0.09072545989566703
0.04696001937406974
0.0035130675639825893
-0.0276593070475593
-0.04789449615519511
-0.27522955135068117
0.2578560647227405
0.18799697269047702
0.1459652586817736
0.059535744491276216
-0.006672924109097
-0.058505813793288355
-0.14781007579854258
-0.2741613203344043
1.6357894298070217
0.2632857957697824
0.06487868554330786
0.030463555457744176
-0.015863765193867646
-0.07333453341664165
-0.1494009658094806
-0.2543010068967558
-0.349299923553803
-0.10704124434337822
-0.022209646021207896
-0.0030274287302600594
-0.03314302418238038
-0.06438089955737401
-0.1532632249114307
0.03525583579892152
0.035193293239548507
0.015990075727796038
0.035960130057177506
0.034648768290534177
0.08260138269126856
0.07252720254249775
0.08562567447064663
0.08422539081655234
0.03049292137395995
0.041545695615730766
0.03450753676391497
0.08306705889383997
0.1217438711766262
0.16196371055934383
0.11174543385601889
0.03556757502344819
0.03901908305633884
0.008488214485543152
0.036596632017225225
0.04622007036924709
0.2532448709909369
0.3613483438064693
0.21411449464014012
-0.005762576134539068
-0.011735998458329334
0.007734954380154984
-0.017655482842509652
-0.022338664877600358
-0.36500246067176034
-0.5657010209213323
-0.36650721584988727
-0.06224499849896592
-0.01427438293478979
-0.02557896045260826
-0.01598253663466704
-0.06989094545997107
-0.11164829169027168
-0.12002684420960036
-0.09622545834625021
-0.0274216919180143
-0.02441682445677109
-0.004350861748959775
-0.02122575595533544
-0.020013753211530254
-0.07087880165620163
-0.0714591698900692
-0.0780382364419146
-0.01513636187053128
0.007173634501893799
-0.009842581632273724
0.0036385701577105432
-0.01532356363206133
-0.004465358012329856
-0.039842976474072186
-0.005470483109543344
0.02751857183307451
0.007601045621470452
0.018023427673710287
0.008969717044730808
0.029511145199871518
0.012923406141075412
0.040694089436238694
0.015380429812691231
-0.07247186706125876
-0.04495150421411484
-0.022595501571209518
-0.019136222846633043
0.0023044259948331084
0.9117262870573865
0.6125444781669213
-0.1192714430695445
-0.057252861613312146
-0.03972865166515371
-0.030217376882064204
-0.037076622980757874
-0.04561956219685734
-0.20184954245343284
-0.19450264152987173
-0.08239527459553331
-0.04036483237084377
-0.032931925540438785
-0.027604197475656487
-0.027390174932461344
-0.0420647907071066
-0.05553638586447369
-0.04543061024468151
-0.04648812930288009
-0.02938924132053823
-0.025485252626477006
-0.023120906546737353
-0.022391364507739365
-0.02396275353183022
-0.0325215198791643
-0.032842968812704425
-0.032777934809357985
-0.023515546607813277
-0.02244358013295492
-0.017219144747407877
-0.01328957196997888
-0.009309928027644446
-0.01272292380635635
-0.020316617701662498
-0.025673405717824647
-0.02591503404291507
-0.020939595706185206
-0.012958555161241479
-0.0027110284576184556
0.010719120459069554
0.007404257608623844
-0.017878270067500673
-0.025745896388081824
-0.03449315226598731
-0.025327777704978505
-0.006182568752085551
0.01676283802528717
0.05150525187448741
0.04319877370895993
-0.039346832702697024
-0.04341356777904886
-0.05180486620089985
-0.03164671908629435
-0.008291618417134265
0.03334458264634675
0.16637326332188687
0.39628938427332355
-0.2251355936809009
-0.10091880669180751
-0.1244056544933736
-0.06765467622807286
0.006713921625783547
0.05323624033899528
0.18235265864463046
0.29740072046548033
0.5642776950237524
-0.29571120450511884
-0.06735911584443448
-0.028502618689919827
0.0020358113328223307
0.059554361428840116
0.1202371736738331
0.22519777016086287
0.23872402799501097
-0.03947015435997247
-0.02263932201921804
-0.02206984233247471
0.011913577428138231
0.03026965336244659
0.07526519711139257
0.09020446607803029
0.08144194307950024
-0.023429265334433135
-0.02747193328329745
-0.013579039834878936
-0.0038022080536048463
0.02142953058844597
0.028590471327771972
0.04197259487348845
0.01152467548441503
-0.012575066799893968
-0.03205425193748046
-0.029920779125231577
-0.0034328713128208106
0.004836699109793579
0.017942135334969814
-0.0012658693310741765
-0.01584860539889442
-0.04646827602426371
-0.07388582958700286
-0.0361878470248914
-0.01723927435603392
0.01103453646793748
0.010454507167994084
0.0007988662940244503
-0.08379528862770337
-0.07738891700079566
-0.0991255803204636
-0.06199942616528792
-0.007600742458612077
0.01242219224581063
0.049796498220077944
0.0009751912480242786
-0.19786645627927738
-0.18175661499368184
-0.16020148458629346
-0.05991162847920063
-0.011609172333936473
0.057123176510865875
0.12730365766707094
0.28900343940860845
-0.5126570816312584
-0.28344729038615346
0.10505318562851325
-0.12258883739971357
-0.05996390629718976
-0.044400384531251495
-0.007286971669507889
0.0006110426787626149
0.035754029393441335
0.056712657300261364
0.6138918178689492
-0.46359162335309495
-0.15781825069300703
-0.03232178392354192
-0.022342777858023802
0.013568442830142025
0.019097052247736463
0.12494043819408182
-0.729021571096286
1.3642716186772896
-0.05198736513142548
-0.03522758722010915
-0.007010625300827359
-0.012645050778262877
-0.0015129945798043553
-0.09111387915070729
-0.13711087228849583
-0.060327791368241485
-0.03546503271742158
-0.007243847964167835
-0.016549080116086193
-0.002933792025238588
-0.025863277232907912
-0.02755777461597689
-0.01649296936944659
-0.029122961248123486
-0.007471817066122585
-0.014234618345985316
-0.0016542213669885966
-0.010358572423376476
-0.001762324373256837
-0.02634348141478016
-0.01878291888254881
-0.0012927929233172452
-0.015907554533994412
-0.0010795806403576349
-0.009931576807625637
0.001261940062584523
-0.008191160915458283
0.00402206476653843
0.013194271158675297
-0.016646160573895633
-0.011133700384462885
-0.01616533554371979
-0.0030429668927174835
-0.004235975100583607
0.010438588311677524
0.0016089759764651218
0.014859758051136812
-0.012136064995528661
-0.04045355375763257
-0.017206703653490894
-0.014078740022135165
0.007115519196986334
0.008405886796129868
0.03910353931482314
0.3065969064872341
-0.17906231000739897
-0.08169040361899822
-0.052607570003623275
-0.012716585231226788
0.002215382077799599
0.033259205554288546
0.08863765882485666
1.5645700715431108
-0.7325068643737069
-0.1863907340325116
-0.039267807141894144
-0.019065333084374674
0.013264149408706858
0.03367074234710679
0.09644186845373909
0.31948571689278316
-0.7872614828693267
-0.10129873341717863
-0.044344401262880466
-0.011118434679253938
0.005810233507764379
0.034533464649725475
0.05158637595645006
0.02688422512553473
-0.05655562171387124
-0.05634775982048535
-0.030453352358024915
-0.013487107386313696
0.005948818147129078
0.016351995165488235
0.03776230028811025
0.010029876932680117
-0.017942298708846675
-0.031460783441708655
-0.022948400103919953
-0.009655984730545962
-0.002744042328903809
0.0105280231696705
0.015295762804071923
-0.0006307731719254451
-0.013882869411288126
-0.024282359655697472
-0.0179015448295773
-0.013032784912629342
-0.002361497600339344
0.0013269033180365406
0.006848287012810271
0.0036242422496130695
-0.023842133406838977
-0.028682393468683395
-0.025091273855583438
-0.012357007315684967
-0.0043646307305861415
0.004334588182640987
0.005438278923382246
0.02445990361409752
-0.04168635474309887
-0.054519770431591855
-0.03198122416508354
-0.01700741126896538
-0.0005728879106861344
0.011535490856173544
0.03298245540135196
-0.04174426249988593
-0.0554595071743876
-0.010459361934560953
0.39847045092900796
0.1538284862798101
0.023979061860107714
-0.013498142210873004
-0.028200173595140106
-0.059428941514453326
-0.11458231961390557
-0.5934537221615209
-0.6176052387586037
0.9021534653676587
-0.0065724880071454305
-0.02873594707628138
-0.03419163767531867
-0.04519394923645398
-0.06943617723381337
-0.05915826789024087
0.41702547620104385
0.08025151678154004
-0.004405792922562308
-0.022349645281520055
-0.03302816670031799
-0.030375874421790513
-0.030412399367138524
-0.02163911563278504
0.04199335835991106
0.028020239552702875
0.0002821988592417293
-0.018218655294379632
-0.02408192664615762
-0.02179420614497289
-0.024916774778347705
-0.009459583285680319
0.004208842713242541
0.008619156897300233
-0.005201149309533245
-0.012558641673819412
-0.0208594247979624
-0.02197949557334032
-0.01667113575607788
-0.013109366696728976
0.007305666053959072
0.004095635124315077
0.00020860473094261807
-0.011859058241846077
-0.015394689951389168
-0.020385659027445963
-0.024210603086433535
-0.005789135067763081
0.013679218573813202
0.021960694069797348
0.006487033064735627
-0.005909897750461066
-0.018319634147038365
-0.02932026882787589
-0.02626362983807754
0.0020950837672647138
0.07982287499056887
0.0576332796280769
0.021181436512875195
-0.006948906123811702
-0.018518807221912823
0.11729375010708025
0.14038170100859276
0.10833989028871495
0.03697672322364989
-0.0129718774151323
-0.0769931815861354
-0.05541554774764989
0.04965645847543527
0.14590754841959755
0.15995415100386084
0.12660201587205952
0.09215166769374118
-0.0036098018886850753
-0.026934430986823802
-0.00929245943235693
0.08522416134921125
0.14230074570793175
0.14733971939772683
0.13384304255099522
0.03595891247513507
-0.03415346756753887
-0.2017433063667664
-0.05994857581297496
0.06479561630768806
0.1090757719275589
0.13820551276853593
0.059808522066027235
0.025728273913111745
-0.1776778849109445
-0.4170072206029071
-0.31924413083247266
0.0027995786904761173
0.04671120615569529
0.05002793033641748
-0.013551938150033749
-0.19722736994246168
-0.20746006098925013
-0.44084834230630454
-0.41885474894260527
-0.07789576278257188
0.03661774115508314
0.035876777669257745
-0.1368854644883418
-0.30034421858001287
-0.46943695259468166
3.637276729389514
-0.29915781345882664
-0.09097108037754553
0.04229853526781223
0.04778856666327639
-0.014490924011015458
-0.21137021557951347
-0.36362909264004684
-0.32781250364720044
-0.23319388102827915
-0.13346194865247918
0.08083846166252429
0.09096697660456796
0.044395994625995285
-0.008731567033799719
-0.2016834383899647
-0.25360485223647916
-0.16964023411047877
-0.05119838779040857
0.028111192026955077
0.009212189148341564
0.0006279261147395552
-0.01008828924731323
0.022235058272490296
0.10099212934610607
0.08329601391956254
0.0478429375989486
0.018721046369429027
0.007482164953186993
-0.02155917372633541
-0.04292456527761182
-0.06546004132174676
0.4016265139255008
0.1463597880617915
0.06275291533044937
0.013281529168610667
-0.004477741107815611
-0.029851409449347457
-0.12205138766750126
-0.6298033531898255
-0.42462272445627125
-0.6223014580016629
0.019691986738410935
0.01134712422010129
0.0024805698506234573
-0.02414250375052716
-0.05151298586180624
-0.0759492800267286
0.3736713345323543
0.08444532198947635
0.037140485065260395
0.019313343078487755
0.005380502504928715
0.00024022965395228166
-0.012542434165466946
-0.004209449097798891
0.05362406110086973
0.058079319337466455
0.03130927408738967
0.017676186644822005
0.013964051936738085
0.005188291564253625
0.0049271801354799855
0.010851103330203268
0.03576401800842653
0.03520704504997844
0.031267104578763576
0.0231108287766018
0.013366844060551024
0.009570913573126411
0.007127248232742864
0.018386145465191274
0.02955541282759516
0.03691247987517174
0.029046897761573875
0.023704097567545473
0.015253616461244759
0.00667382087387134
0.006373811263371995
0.01591033626079029
0.043584282928009324
0.04599883332557112
0.04101128948876774
0.008846003244449844
0.01772083778554318
-0.0065260068340131415
-0.024756898569928423
-0.06577179485888653
-0.09759493744435206
-0.08801382679472079
-0.0014749325521962859
0.0505392721843708
0.021457639298341116
0.0048278468492859656
-0.050037743412401886
-0.10789563953019808
-0.2291395323442047
-0.24917426892882197
0.017017961231962912
0.11730718700561447
0.06836083622825716
0.0014579737692566885
-0.036314299090295266
-0.14949439896700778
-0.3045131639672644
-0.6524373123251638
0.32691354999293676
0.13950295569015525
0.06494158110767798
0.02439777719600133
-0.03850763523307446
-0.07806135126352909
-0.23811554095990978
0.48280059284628707
0.21478421431772443
0.1057004500534086
0.07032287506890922
0.019430575064986563
0.0018855065688378708
-0.03129192166866648
0.01568791655121187
0.13864227823528405
0.1748287625337961
0.0771728081647404
0.03942274908396981
0.02442864886125604
-0.0005773235270331058
0.006243952625515404
0.008401920546776685
0.07178245242838666
0.0778121870896644
0.03200837145441463
0.029907593877204517
0.008962907287695795
0.004909842312674086
-0.008421779614957636
0.0016626563623975148
0.00868612982526204
0.041941922286724845
0.02238612974903821
0.011945174709167426
0.0070231864983418355
-0.016270203252543247
-0.023398050699765822
-0.04376465366692894
-0.016944467768903015
-0.00047554321041726015
-0.0032401337129286762
-0.005121953564576789
-0.013317061877379856
-0.01707057633459997
-0.02547157079339893
-0.020343216337798963
-0.010239085648538619
0.003767496483661207
0.004224153466408796
-0.0042024790660156
-0.00951235941816998
-0.016117384625906117
-0.013933371936347982
-0.0128137547216164
0.0002708719622424475
0.0037751295858641054
0.00983668429924383
-0.0006591135104677695
-0.008292883027805802
-0.010691907513856427
-0.014590597164132019
0.0040956207232007436
0.013133431794987958
0.021215586277396798
0.01800074382359266
-0.0014371831254765023
-0.0067155878557202345
-0.015213940366726991
-0.0035296742667915684
0.04314740298173985
0.0704767626367426
0.03494881075688113
0.009196494563856803
-0.0018503232289001545
-0.014660827219802618
-0.018430546114835328
-0.00583609072142274
0.48368569403131434
0.1604042148043707
0.09881872306240296
-0.0012366801535253495
-0.011478837327872094
-0.011389036222693397
-0.020168214847512838
0.0673047992645774
0.6329859924423581
-1.2907419692983813
0.049863734972793644
-0.005522911574979267
-0.007135661951262782
-0.015564219353710083
-0.02498523179288729
-0.04580703406418181
-0.12901551031271044
0.10990632484130355
0.006317169769870067
0.0007286201046466903
-0.009733930983301994
-0.015356728190569567
-0.023982674080265474
-0.03635228067134305
-0.04983416251730581
-0.005792401296022315
-0.0019153557847871095
