0.0005115745072509147
-0.0006300427144690661
0.0008021830295654347
-0.0001262118884667318
7.869481586289377e-6
0.00024206504597383443
0.00019260900004148754
-8.482049891459149e-5
0.5670381775134218
-0.20011141952859637
-0.06033010211031068
-0.05329930795626045
-0.027314908722716483
-0.021000062504462076
0.003713004447560606
0.01138003695476391
0.14564794398129835
0.36516146422478113
0.689586940464702
-0.037422371785011274
-0.05633934723729096
-0.0343015897607297
-0.03174380653346027
-0.01367551774639984
-0.008207658202133011
0.025355429122208797
0.032937144813214435
0.16524734378944708
0.0034565994636445475
-0.04771854993832316
-0.03025909563823881
-0.03621388931047812
-0.022804104478554292
-0.01942948888604021
-0.005472250631693854
-0.0030693263002812498
0.024272412802277914
-0.0015512209800100944
-0.023825318845853115
-0.021112615842671503
-0.032739216836147444
-0.024504564376194006
-0.02414683972886127
-0.015554673350079538
-0.015688353516776728
-0.005582376310566139
-0.008368965365697433
0.0016022566181661435
-0.014783987440743886
-0.026844727743042092
-0.02413584358161105
-0.0266301286856346
-0.020118564877049935
-0.019823548883676084
-0.012945854776421559
-0.013922608298049848
-0.007162114241937674
-0.01490030032377936
-0.022513650054415742
-0.02220754251952831
-0.028375522125628445
-0.023090815072880536
-0.024086713340813675
-0.017308091400633295
-0.016953521066059428
-0.01032867266788614
-0.013980993402658667
-0.011365748361602776
-0.017771589558654183
-0.029445481466829567
-0.025765356626685783
-0.02847664860975153
-0.020933868554201155
-0.020424989486738057
-0.013207968191655269
-0.01375072448295968
-0.007730882531837831
-0.016346595119938263
-0.030308495816702613
-0.029418785284931692
-0.03658426891092935
-0.026085927459831806
-0.025893064481640294
-0.01630543534537647
-0.015613350003969167
-0.004442093598998392
-0.007564974077051338
0.001248240819364815
-0.0296602274444074
-0.06112787237540305
-0.04083722463479485
-0.038510506437619614
-0.024408093635882443
-0.020052556336404438
-0.004985084448244188
-0.0022307367902707617
0.023853695056493637
0.0130382926874945
-0.26884335503755763
-0.07775625174358257
-0.066358650335704
-0.03795933507671554
-0.03177346863822177
-0.014661212307343909
-0.008509725438917908
0.024386489538164514
0.044246555414793935
0.1358386644847043
0.018088159078753684
0.00858881174197703
0.01238799119458956
-0.001484880424796963
0.015981531150678765
0.007090311729454966
0.02172400650187998
0.01792969690802271
0.020754622215241172
0.01510501645959484
0.009144559694178047
0.010776128972010492
-0.010636537181374634
0.0014587640340851232
-0.004050673825996988
0.024256815620176352
0.014269193450462615
0.025640036470187835
0.01902217518735158
0.02032863016006213
0.01545000370449749
-0.007553545405367724
-0.014487598638526123
-0.07973891238581332
-0.5368701366091978
0.015162211805468083
0.02543335844910722
0.020497458562601868
0.02754063070676747
0.016921396654465102
0.005727771798291292
0.005067510494191401
-0.09385189942682552
-0.17144094103497956
-0.32207669733905314
0.13456372291056015
0.021999973169180894
0.03839036935100908
0.023305450784230183
0.022718759355614196
0.014530998202133187
-0.010000440264474369
-0.011697904651287765
-0.11664230912730815
-0.22337120544077718
0.015494954607536885
0.030747679335231037
0.02416694133150778
0.028703128806506942
0.015894787332488114
0.008200252408610002
0.009153468867064585
-0.009567500936012323
0.00961404177090981
0.0015006615867258024
0.0474062596933978
0.01517249468049377
0.029212602814094282
0.020949488589950542
0.01874424773217047
0.01654248499810186
0.009088186071975717
0.010675184197339895
0.0023980207776397016
0.022589454063649032
0.012190606104318704
0.02454424356057377
0.019102114804855755
0.021932293484714156
0.01465597830012452
0.012955291328877606
0.015393579254536504
0.008556948401342671
0.01368308945343831
0.010668843152351488
0.020596385452910117
0.0179094122446552
0.021447496334882465
0.01767744109781728
0.018095919551477425
0.0170568897162455
0.011431101441770496
0.014625027781629522
0.010514387858397773
0.01716396546684894
0.015377445459139447
0.02232436198929347
0.01876559416468845
0.020317382387062998
0.015143436474596497
0.012395686246957851
0.015245975825913053
0.009210755980251265
0.015330969455469681
0.007945676608558166
0.019255878631531713
0.0181672045841959
0.022522382074430157
0.01572638443473212
0.017330627575603927
-0.0293598192954111
-0.019196610885982488
-0.008016939505857915
0.00018617831339034295
0.012697463531388817
0.019479840474235822
0.017104922302509606
-0.025390762930024985
-0.044755082567089786
-0.03827486789693547
-0.024016819878351966
-0.01600054709194075
-0.010145739181289368
-0.0011910920323004572
0.00314094561549997
0.006773567622547264
-0.00017705840006825227
-0.016136179569998403
-0.02695641744457339
-0.0275441511432731
-0.021008980475718576
-0.016123952694931887
-0.00955019276700639
-0.004815988173871711
-3.0507580626261627e-5
1.3821087750755001e-5
-0.0022486621478919
-0.015206073159999098
-0.020901731677990136
-0.02459183203920582
-0.022638986920299586
-0.014888437187013746
-0.011553114826458953
-0.0039064914582356905
-0.001592173857329026
0.001666288162731301
-0.004666995137314519
-0.013599003867703224
-0.024073848804867327
-0.02360502098011765
-0.02440447508920275
-0.018966852141476212
-0.009246106703534119
-0.0030265320205567097
0.005834616852740388
0.006681246309115844
0.00654317702850941
-0.023980561339865442
-0.030321665908462383
-0.03276748737458843
-0.035780764194772725
-0.021134917851456294
-0.010452715341172463
0.004085020364418026
0.014026683524473078
0.03179475791421878
0.027605606294783782
-0.033532964477069514
-0.06225521460879241
-0.045998456998177964
-0.044062558031000246
-0.02621497390162571
-0.007375200882139402
0.008146962588127402
0.03699539501962917
0.07114468785202605
0.12023448728284596
-0.09335500715252572
-0.10730337109038222
-0.07535492275205063
-0.059541388721125285
-0.027240158548703947
-0.009904035111453683
0.01679829019422518
0.046473860761128624
0.1585894798971419
0.38265215019424564
0.8050144745240421
-0.21809162670591023
-0.09755726010020065
-0.05045907971711134
-0.02930980492292153
-0.0058968085242054056
0.013628859867074697
0.051921097675617305
0.11428807962180096
0.4928760348014128
-0.48593732562470165
-0.15714515421580333
-0.09224300304555236
-0.04314144089823383
-0.022961291638313848
-0.008521726863135116
0.009476595672920527
0.027902195602496366
0.05917412239483491
0.05919172386103217
-0.06912529762368035
-0.07027234043535564
-0.05889606059714991
-0.03324786390296358
-0.03442414669995105
-0.02961652756829421
-0.04082237471637597
-0.03767376389965537
-0.18908042614555273
1.7796296600637431
-0.1582419961382889
-0.04910923738934163
-0.04738788320895833
-0.02947434484008055
-0.025102804119675484
-0.025310138759864837
-0.0109528830455112
-0.00047333506712939706
0.17713031580259228
0.7987162084935832
0.11736138500021855
-0.011374971879968204
-0.01579842960351251
-0.01964933308654163
-0.02459703005870582
-0.016133273058519533
-0.009026005804091691
0.024721027757010232
0.0577646525908898
0.19226116053363132
0.03248107840275356
0.019346850530336437
-0.015798040491520823
-0.02157426607449438
-0.019662224552038234
-0.0195481125432534
-0.007211435680156263
0.0016009788135307038
0.034705832026315366
0.03465162380836212
0.02730418882185257
0.0005604687648285342
-0.009838244924499952
-0.020289949576884327
-0.02231877951659344
-0.019435701558091992
-0.018382975297479714
-0.0064889058158770635
-0.001958248937679135
0.009713851201015379
-0.004391387376597854
-0.006767527125564325
-0.020258374922336165
-0.02720533748869372
-0.025325432404517772
-0.027670521021577812
-0.02252194914195052
-0.0228399201521434
-0.015859563352950665
-0.01889771922881342
-0.016062618220830154
-0.02417175745140176
-0.023929593382531592
-0.02951290478076788
-0.0316986810250802
-0.028778983391109902
-0.03240517008920215
-0.03180074209586133
-0.036646651633131
-0.03264582031661155
-0.03701343027390347
-0.03209803615725468
-0.032848393107024185
-0.0370570018944897
-0.032829845763151684
-0.03692116212830792
-0.0365762366507251
-0.047814612412612444
-0.048349382842109594
-0.06172807662012614
-0.04948591817296952
-0.04802061407164875
-0.037228836070404364
-0.036742671076070266
-0.039278629923287484
-0.037515646027899696
-0.0470187031555398
-0.052971709730937226
-0.08554398249522743
-0.08495018669059694
-0.0855966575714344
-0.054173656200453446
-0.04821747159233332
-0.042595351074382816
-0.03561699331151007
-0.03997337236682657
-0.04225931157373894
-0.07179450248620826
-0.09719534238024365
-0.23925146062220426
-0.09002432606673519
-0.07513309318662054
-0.04563035783825725
-0.014297893918311197
-0.009240074136729795
-0.004798277317412368
-0.00010718317190207938
-0.0014761381688149033
-0.0022761618515199727
-0.007398621943192966
-0.008486124568703067
-0.01255056744051752
-0.012597276382374784
-0.01460489358054894
-0.012436992077674904
0.006170864303461266
0.0061016890294618605
0.005044662159759294
-0.0013308483398050076
-0.004643885239076552
-0.011025390364086719
-0.01305449118904675
-0.015591520621630977
-0.026958478500730486
-0.017462456207006663
0.017775311997533225
0.03363140132104322
0.01422766839628918
0.005258101096932655
-0.0031703959206362117
-0.00805389205813403
-0.0159463636738966
-0.017906236255890027
-0.04450202443676784
-0.05875222524652194
0.06546161098144875
0.06505345144091675
0.03455630780596169
0.008516214407216366
-0.0016113446500284818
-0.010398200090902896
-0.01672794783544699
-0.030222012617291776
-0.09287650459886829
-0.21715494059080603
-0.8057788668811335
0.13676399221806937
0.046668186782507344
0.018122151254447792
-0.0003852814881844432
-0.008343174121988815
-0.021833142029764416
-0.03578878559507243
-0.09042352849937156
1.5340783410424088
-0.005106407940139664
0.06996915181218465
0.03829617402208992
0.009939228184220742
-0.0007204443029352069
-0.012462011877369958
-0.023257801391984016
-0.0442010428956061
-0.055531017184824845
-0.07557116109386418
0.028152919425465026
0.01431858460230475
0.012324853351106717
0.0068978196994409725
-0.004884502768436941
-0.011610521064684534
-0.021819794440850304
-0.03430588143124811
-0.027358754341552736
-0.03532238706260166
-0.009900415160373018
0.008996075167612513
0.001992993651275393
-0.0009487748963274102
-0.005316966427190299
-0.011420258141494768
-0.015429441568935704
-0.023569582411902264
-0.020611522904014776
-0.017737033728301103
-0.008975681266228377
-0.002992284527806135
-0.002225245605991449
-0.002776617538240278
-0.006557954780118876
-0.010193416168863422
-0.015039228520209644
-0.01865303865858705
-0.015169779044927197
-0.014891565281844675
-0.006909811675515932
-0.005486703295812971
-0.00232096277642191
-0.003506273020915015
-0.007048792900530659
-0.011386032759042188
-0.01222746041410098
-0.014959040839257013
-0.026458882253669425
-0.022884668384676336
-0.034552572552249736
-0.02471387567540591
-0.10546424221964984
-0.2236481195743136
1.0572510010129332
0.056395003931814826
-0.025777774626323937
-0.01603621307591636
-0.023853265421518256
-0.028296701635482337
-0.02225419365205072
-0.036654364883181655
0.005429170453470772
1.3696548646248388
0.4604107058744407
-0.09610348844213182
-0.026337438826620974
-0.03248448686172611
-0.028555997829590563
-0.022720132400573325
-0.02724997113370061
-0.01726679987940636
-0.02930846859654046
-0.005199493081746812
-0.07509811325777381
-0.04074749524441233
-0.040119195436134285
-0.02637979339462127
-0.0238905590711902
-0.02598813476165361
-0.02115332322749276
-0.024649608861253905
-0.01563142126477336
-0.031284384632517315
-0.03478446255729288
-0.04258250348838158
-0.026609992659134676
-0.03091129221765587
-0.026955169094729368
-0.023288707458768602
-0.025358128517532198
-0.021503096050340675
-0.026716472397483093
-0.02187540496351413
-0.03372113229133548
-0.026399871973894408
-0.03090283393960663
-0.025427209452051933
-0.023635208602307858
-0.026590832183993402
-0.02368630885301636
-0.026910735083101947
-0.023071237126317114
-0.028650724640899912
-0.024891813861643925
-0.028906120939604273
-0.024515752634254696
-0.027281406449696368
-0.025760286719231147
-0.023790168863816363
-0.027574235691926484
-0.02511996249897376
-0.02960179181682318
-0.025564071611662097
-0.029532384040953458
-0.022597590739595004
-0.026150703497304903
-0.02264419681765618
-0.02285058554683141
-0.027311799916153
-0.025248603625113792
-0.031872456682917064
-0.028346262494678382
-0.0403961712440851
-0.02376847967233093
-0.02707583100526713
-0.019718803165191527
-0.025785186312013725
-0.02631299660534874
-0.02357583555772263
-0.03196493950308466
-0.029753752234565074
-0.04860983393530319
-0.04264753254816698
-0.03500970046767566
-0.012553808698959711
-0.02331611666211487
-0.019448757796207923
-0.021468820706040757
-0.028471881478082328
-0.026213395644475796
-0.044582672246535136
-0.045508852905297305
-0.11891870536653981
0.042366243022992155
-0.01672954667672428
-0.011267034319452402
-0.024603636348223767
-0.0006590958499098434
0.0015348679725509114
-0.004070842112027766
0.002460697192190483
0.0017553826132187286
0.011651152314959357
0.007660190792488228
0.01050004577279638
0.004836148121091675
0.005587731935440045
0.001418591510314531
-0.007891865835733956
-0.004565431331925464
-0.015821857063357144
0.011214669704648761
0.00917416951023457
0.01649870313144941
0.007735146874645735
0.008800935941858538
0.0013171918710348568
-0.00782119049220065
-0.008195739507481448
-0.032464389278652375
-0.024045148152415704
0.0042966540298850315
0.03415155175866709
0.017090613458516406
0.017178772761926205
0.005721964150928188
0.004935835641396622
-0.00326186362056003
-0.030483320808306423
-0.040922233248272405
-0.12691938552036994
0.09759161951969085
0.044193958862839125
0.03806844342349435
0.014421255205674359
0.011868665693227061
-0.000809127800409231
-0.01393886132711781
-0.01227674247907672
-0.12727948262229272
-0.3191069851542249
-1.2195815890098756
0.14919294984924858
0.03004692335492167
0.027272144711773017
0.00706412114348976
0.005879141283143747
-0.00027418781466819614
-0.024506019115826845
0.0027456365915133197
0.6362548091591648
0.6564192177061152
-0.021980254330624876
0.025202957927144002
0.008139623889355782
0.010304268922573663
-0.0007284054258937288
-0.004218255473062654
0.0013939906331246353
-0.01932649774612049
0.015485557542978647
-0.03661263290287088
0.011743376357007226
0.005427884385382984
0.012934838412472654
0.004161133606138393
0.0056497045125174
0.0048877675651418425
-0.0018909257707469091
0.005757845181670723
-0.006474065337592838
0.005102420458411141
-0.0025946660790455702
0.012909210473149066
0.004599757369659694
0.007646251177383866
0.002065932568206519
0.0011223653381363936
0.004037388703719821
-0.0013903757171655812
0.006375378509591179
-0.0004082586413541998
0.010031646942205404
0.005371398689993799
0.008633726773692495
0.0040709384782687055
0.005879032778582308
0.0034155747817755412
-0.0006405015038858054
0.0035935812089645876
-0.0005615953954236842
0.0076404929565583885
0.0051290640893139365
0.01017775679960086
0.005513477412134591
0.007171622786416817
0.002205919564635556
-0.1795877450853832
-0.06450249217889134
0.03949705779044031
0.04895779605657661
0.047341578432020866
0.009687315296711064
-0.023181775223323195
-0.09257690236176364
-0.09305206400591058
-0.22194407635772304
-0.2777610677091265
-0.0849794493583118
0.043307266931861564
0.07998373280834416
0.044679906740842594
0.013279634049296364
-0.05903540020328362
-0.04480266672225515
-0.2745661239170232
-0.3472983544103056
-0.860557980477702
-0.04816017513577251
0.12159710177013722
0.08953670627514362
0.06571239606899085
0.002993561959613765
-0.046562890626583156
-0.10736139025940968
-0.1887584216890122
3.366769339691432
-0.06839640181215816
-0.01464903306475672
0.09192065366487145
0.09382351633524211
0.05254813108177251
0.007438109166274541
-0.06164586410255236
-0.17370366699858936
-0.12328741002439257
-0.3932943965437735
-0.046660381138356126
0.024174674990321852
0.07853174087101648
0.06673626991849767
0.05204726002138542
0.008838246198992874
-0.035764872649892344
-0.1026441961499915
-0.16694679199634677
-0.10273437961539326
-0.01289191203953434
0.027150878548231262
0.042844953472859826
0.056128883605828864
0.029844101143595172
0.02413547069187678
-0.013199906132047664
-0.04426729922783956
-0.07463792419614933
-0.052230571297577785
-0.013165803735709287
0.009824644504991724
0.03651607363609236
0.03722529087993738
0.03267120651690977
0.016737631847074053
0.005187339374104761
-0.024790484564586285
-0.03903204704390655
-0.0350818724570661
-0.02217719451119589
0.01065248832913759
0.02309554363581325
0.04199504587050382
0.028998968900371673
0.018294392442280222
0.0011802623507705156
-0.015631171952794707
-0.04034015932578244
-0.03223332707728341
-0.03194328418497396
-0.009930993022564382
0.023885729618085803
0.03305825558032376
0.03895225672136537
0.017401082834652307
0.005008227237008097
-0.026984918450121305
-0.03852868137841274
-0.05689932433489154
-0.08529466868318447
-0.01673774601791698
0.01670540653802146
0.03929867475707604
0.03502556784762388
0.01854766640502658
-0.013345529404521637
-0.04194391040720016
-0.08394284478327133
-0.06952009720932294
