0.0006487395901627535
-0.00022988036561660618
0.0038622373619137556
-4.5018967821197656e-5
0.004676182652845457
0.022201119793133793
0.05594796647512841
0.09153455018605336
0.1781581419148926
-0.7119092293821007
-0.2768055035263561
-0.16630941327719903
-0.04785883475456827
-0.024395313430290208
0.0007962514447026524
0.020974476619718928
0.03523206202454589
0.06512530892755801
0.07931844128618006
0.018945765859592963
-0.1112073659015192
-0.08377183119251345
-0.044784703541127374
-0.011967065647883834
0.005669463326626357
0.014359461243638382
0.027992730556394625
0.030657658128708805
0.04089672193011902
0.0019062846419633666
-0.04174090814334976
-0.043156957200302846
-0.01627590925300524
-0.008961455289518382
0.00512495687979675
0.014505554133731344
0.01711633285520583
0.02484039814843031
0.017528654510617053
0.011861333237288258
-0.015695902666373496
-0.0070068507086745845
-0.008671530236576009
0.0001017137141787867
0.007681995534844292
0.011602853710997734
0.01718512743133939
0.016824584726856065
0.0173140184545218
0.008008808211223746
0.003380424017885421
-0.0022860549200609806
0.0001897572822315952
0.002077804943799731
0.007058019597831867
0.014373312411766787
0.015586515775409288
0.020005383756316678
0.015583531603176569
0.014045804703801982
0.00391998433377633
0.003962644165061473
0.0008812531868217731
0.004557712384928392
0.009017819662028049
0.0135526314322547
0.020521838653816314
0.022634929400414908
0.02692541717758684
0.01654571346559846
0.007318753374578732
-0.0015183000624810108
0.0011484976109104486
0.0019585562645769777
0.006506829384282743
0.01798071845931832
0.02614095223521393
0.0390223825682964
0.04337060072021737
0.038635177967992616
-0.004557188999460014
-0.010581257376638988
-0.010439520924364327
0.0005134249458507783
0.006659195210933845
0.017764325896154957
0.040271693596076776
0.05947600086764387
0.08961331343549725
0.05762618235829955
-0.013883662845123247
-0.05142920549169016
-0.022503514886215097
-0.010212375136549857
0.0017080614405991126
0.025414183321632457
0.045708450163680636
0.09890360250708692
0.15702933014210052
0.2151475034421816
-0.17120249516228225
-0.09820934347092819
-0.05647028363561873
-0.013715176367490065
0.05992935537068553
0.06425868226874162
0.053215830099068676
0.04956943889345723
0.04005879705154743
0.038352402828623774
0.03071450130071359
0.04460963609799766
0.04439760100170289
0.06513731893404076
0.09122205440069919
0.07196036638443533
0.06577343417299263
0.04794269611375676
0.044883555371725344
0.031987073995413
0.034904262884683984
0.012820011998557491
0.07150872667545942
0.07320281344353045
0.11427764782681096
0.0994906299681001
0.06488129194855523
0.05467479411675368
0.03907418323101511
0.0334339223379465
0.006507405406332808
0.025144047633526595
-0.09328442988381208
0.2522147705836318
0.32805778424409215
0.10645167903585445
0.07710669433887593
0.049552063901993314
0.04292397855602936
0.016722246068023798
0.004473900706530057
-0.19645346718109086
-0.9445878727661637
1.2239574929466865
-0.006178417120168083
0.0897355183474487
0.05753654444199887
0.04980447433126007
0.036716378991637495
0.026449123812517666
-0.013747373392940252
2.9501753679510865e-5
-0.3322333203725443
-4.1255035099406605
0.04397645285998218
0.05142943985682158
0.05446111856559132
0.042715665206228035
0.040018414839567085
0.026247856549341173
0.01985675782487415
-0.01045770712754553
0.012744600878019194
-0.04463729856780984
0.03858706774176614
0.05111320845511682
0.04575539252171867
0.04586074988146761
0.03667426758226617
0.03313896861403099
0.023416267656133433
0.023129445375933096
0.008781331624656155
0.02222962090030383
0.04576924355128797
0.04530013094340886
0.04973108170979817
0.04207145559791556
0.043491950603634956
0.034469694228790065
0.034210986946658486
0.028253893642257714
0.034748170283204136
0.03220973421298628
0.04444697568134717
0.050288857346153425
0.04529683700869301
0.044440766329274156
0.04106022358486123
0.03954042473258926
0.03423730418173079
0.03884255002124375
0.036597519341512896
0.04714916986568104
0.05833639952207399
0.051356360341003604
0.051662489828534046
0.04357322671295056
0.04234175086675285
0.037432640981731206
0.03741674849872171
0.03593269887052722
0.046809036755672766
0.046663813516154035
0.28740123386919586
0.05547516109499507
0.038674292957294215
0.017917415783342612
0.010794548711457339
-0.013350795713986124
-0.0813790437194315
-0.20224312063783464
-0.9762538765347339
4.341909795204539
-1.0215939678525692
-0.09573540137882114
0.012788622410754909
0.0184274155228221
0.007354473554015136
-0.008070827535019361
-0.06869740445690492
-0.17153284470050978
-0.17596993369201497
-0.3863668143004772
0.003109515736246486
0.027180266979319936
0.02344072059004229
0.018662717946112958
0.010713483787670768
-0.0064704689409397316
-0.043590152067415525
-0.08360316211857838
-0.10152279560018712
-0.07209459303768609
-0.0006409566929249143
0.016412785951312726
0.02397966171279388
0.019392275116201934
0.012767202966661152
0.003746396189367963
-0.019232115994379913
-0.03851475122705189
-0.052998119920241914
-0.04208490539436934
0.0008481805752059215
0.016867341449115916
0.013298574610730945
0.018124775513387287
0.013245869551969602
0.004511385365713989
-0.006875725454661384
-0.025506253028902054
-0.025341300697807483
-0.014494643313174793
-0.0050984213583562905
0.006934146662742009
0.011836334944964201
0.015727041462117092
0.008784500731155186
0.0003961285747817921
-0.006762808277194398
-0.015950124029161388
-0.017253087351757252
-0.01583134535867691
-0.01044404473960836
0.009483574027494253
0.010639725050235796
0.010996497839339665
0.006555398737219212
-0.0040860905228326
-0.012167722375765458
-0.026853029314997768
-0.030067602310492846
-0.026995799045479628
-0.01837634203341904
0.0052196237883405825
0.014598855372097822
0.00981300026725334
0.008785676644622271
-0.00542544934034122
-0.023057242917181812
-0.05580166353459677
-0.04988222368635425
-0.036195670945359186
-0.024754633281502313
0.010287461177242465
0.028620919173027237
0.015340559856899786
0.008853649821130516
-0.006983865902721261
-0.04149347954602234
-0.09146843395282944
-0.2452446941882035
-0.03923630352170851
0.016050018991300173
0.06563821915716654
0.036193753181974916
0.018468994886872966
0.011032835466332632
-0.013413338443832818
-0.054246873924573544
-0.18230585680657302
-0.18986333994580482
-0.3085775682804806
-0.041755314987312525
-0.030848904137708726
-0.038246652417327845
0.05140615211640714
1.6285229076700958
0.11908924303851036
-0.011793171139803162
-0.022471807470378122
-0.03712873828068296
-0.036254044748052876
-0.046603652092983075
-0.0610088949323787
-0.07049186177205707
-0.1952056733186142
2.489789440149106
-0.19579740214520736
-0.051875431520719606
-0.04869877268634657
-0.042144243712681814
-0.045117332786640825
-0.05374933387629436
-0.060124931681006646
-0.09690869219404229
-0.1157834135591539
-0.24415343061557554
-0.11878959937856182
-0.08718701092209769
-0.054263848475229144
-0.05080068471308647
-0.046947442976491865
-0.05177475575410485
-0.06184440207776853
-0.07200425007483231
-0.10306679562924756
-0.10337998506766868
-0.09896796778258142
-0.06615409236300268
-0.057619019980552466
-0.049521558711307395
-0.05102444740193804
-0.05092073289189
-0.0524821210970456
-0.061747522060933646
-0.06644453909584395
-0.07689777306119225
-0.06496575869651411
-0.05881855917922811
-0.049314198746460085
-0.04962340294669385
-0.046207907609420125
-0.044554152682822236
-0.048130912882575545
-0.046741325027469506
-0.051186014860648145
-0.049127835838717326
-0.05125511161209783
-0.045702837607371254
-0.04609102716520471
-0.04390222280681412
-0.04498238684137711
-0.0412080317629034
-0.0394425385330632
-0.0387217445325767
-0.03268479761977138
-0.03409987048207597
-0.031043212378712527
-0.037186617056496125
-0.03718095285379197
-0.04069927476242381
-0.039257910742045043
-0.03511969614005784
-0.03457855916867981
-0.02432866273792612
-0.020209797966280425
-0.005260610758527402
-0.018010960528846164
-0.021414570639844834
-0.03205935856810989
-0.03396900266235096
-0.03719284571993277
-0.034213754879622804
-0.025813400331852636
-0.020044226179108823
0.01484783363240936
0.02409952570827322
0.01782243362499575
-0.012539099628565625
-0.022311590456254596
-0.03274549224770197
-0.03273230244316671
-0.03224049940840884
-0.03129437732949714
-0.0019020869313600437
0.012870023698852887
0.1734171165163308
0.03771265123615771
0.007032310062078095
-0.023999912948101092
-0.029720058669692687
-0.03637991688911594
