0.0001403317327042744
-0.0004039302932171599
-0.0004220713946445766
-0.001905515626954425
-0.0009032416183010243
0.0013764079462976395
-0.0012228240731841633
0.0002253640197735986
-0.00021320006666440125
0.001804625778142183
0.0010277270606098808
0.0017392217337478945
0.0009389555677782022
0.0021321311642585094
-0.0005663389045161571
0.0015032929468432718
-0.0006797335301318303
0.0007939335547686669
-0.0008818642516949327
0.00031794607013029084
0.0017576347923086682
0.00037281209128985207
0.001276677927590839
5.6890027195171387e-5
0.0015092817297156413
-0.0013620381867382805
0.0012659827083339613
0.00043778462318821857
0.003590602184088088
0.0011064357343581845
0.001101217957364508
-3.484906098246435e-5
9.761344637280209e-5
0.0004263515865645411
0.00015784450543355628
0.0004885041249375344
-0.002115171120228024
0.000717564471938774
-0.0034325930594955073
0.0062560431899404655
0.003782113536097113
0.004798108871032288
0.001706965761778823
0.0013476153563576315
0.0015472016978831818
3.501762801872507e-5
0.0014833412751177645
-0.002123805988819047
-6.30952807084588e-5
-0.01009054179846105
0.004280928974754767
0.008654318278325206
0.016263209638806654
0.0054535942348709655
0.004374184305450192
0.00035556184608663365
-0.00030460568994271966
0.001185713918617726
-0.0018798230483212074
0.0009964655442798761
-0.008929803971939205
-0.012272295721678945
-0.06062295202397319
0.06339626879688874
0.01616121627824036
0.014294615270887287
0.0016067552238014982
0.002189653478874272
0.000644698045935183
0.00011295347035059983
0.002356036950547816
-0.0014099909532963267
0.006777802655150748
-0.05722012369138473
-0.28165102611822057
0.5022120548979043
0.06450976278324498
0.0023689590816028104
0.0038150398473314456
-0.0028010874405898292
-0.0015720858242125953
0.002455667945070502
0.002440936161294158
0.012101484817304144
0.015264323382982814
0.09526514314899377
0.3120101936264409
-0.8113273215983442
-0.05773149383430634
-0.0087860298856458
-0.010187338673400007
-0.0012310827674979995
0.0002483224704342733
0.0009418048433198021
0.006203372602963345
0.007506784145035485
0.02718945771879667
0.03726079326584971
0.12977613027171456
-0.02515307116082403
-0.017849935463495486
-0.02501051373320118
-0.008226847499659457
-0.005592830052146892
-0.0014197092112947802
0.0028527367555633435
0.004207674457751408
0.01076754922568261
0.011893290689473245
0.031881504125501524
0.021275302421034762
0.0010847763776838531
-0.02219678408469375
-0.012219586267272754
-0.010868420720809334
-0.0024585953102655117
-0.00019732353902092377
0.0007966981587668707
0.0042826532386936005
0.0051034810349499474
0.011059572958538714
0.009590895004404411
0.01669411767086597
-0.004529325978989015
-0.0072795221707727415
-0.010820370697690969
-0.00433854459441759
-0.0035323229075510665
-0.00023002585384019526
0.0013950470669999216
0.0018062990853854087
0.004919671079138156
0.00441775768338395
0.007817478908976447
0.0022077855676689525
0.00047687208252964467
-0.006455348140251543
-0.003886845780439887
-0.00404985711249846
-0.0012341729027922264
1.2750179800564802e-7
0.00033529742963604703
0.002139594265025092
0.001845107537389373
0.0031980750777508057
0.0014628633202309542
0.002682775217954034
-0.0010165693178546761
-0.0006877023616570152
-0.0027379171172540193
-0.0008715589694798106
-0.0009926598098606199
-0.0028452621068077223
-0.0007460658761260003
0.002755664565061872
0.003027720627860706
0.005328913270315953
0.00565058398672796
0.00821240785688404
0.003775719125292988
0.003917642359064888
-0.0025595963172864496
-0.0022198382772751035
-0.004866681232021261
-0.006675522758115424
-0.002245386588856328
-0.0005289314609396967
0.0038646952935141774
0.005269641016795965
0.00848298612991537
0.006589714814570134
0.0073068132511558345
-0.004229463885134099
-0.0042286737872814515
-0.01103921160953538
-0.006905058380946676
-0.009207451572959293
-0.006837555990480347
0.00024624949716848404
0.003137229523742712
0.008003918447890316
0.008739937047164156
0.014750423971782518
0.005337743472855816
0.004916528872600425
-0.020508882228242358
-0.014926142263556609
-0.017640999435458233
-0.020239988273751872
-0.007536232013604144
-0.0018038040259492267
0.004989371786128112
0.006889003017164614
0.018037628837528023
0.01842830053954755
0.03861982003888944
0.004899509049653208
-0.024944639837426903
-0.04922205169913763
-0.02502354530750252
-0.022480535449818873
-0.013476443132119986
-0.0011165813964508738
0.004000856974000342
0.0142750641529327
0.019750798002282164
0.05080747531581823
0.0646624442328395
0.22937408694620182
-0.16056559103851306
-0.06706033794870557
-0.05706569732677215
-0.03217005613921379
-0.009882789865808289
-0.003179737884048262
0.007205019720605225
0.014353304197718068
0.03468491322310327
0.0563879985718004
0.186912437413874
0.6942779777412396
-1.042802973798049
-0.12112956744326854
-0.05157415428303649
-0.020357617176281064
-0.0116575783797249
2.81495756181377e-5
0.006373146915018191
0.017996412152440213
0.026392043220590272
0.06241428753663679
0.09382022699955579
0.19749703981267816
-0.46074906124995607
-0.032274046768066576
-0.04157288428496179
-0.01488782095947498
-0.0053213516700696675
-0.00037645833985019625
0.008663684910663301
0.012679412226881683
0.024857393827847834
0.033763717118089336
0.06838233018744501
0.04779490503807422
0.021712144720635096
-0.023149149394187378
-0.017063353233847056
-0.003806023801567116
-0.003264098476811968
0.00198637872739106
0.005311721105670961
0.01120806174617505
0.014913313733215005
0.025411711695913473
0.028456258489540105
0.03905057710917236
0.008712987942832628
-0.0006116584736273016
-0.010843990548774
-0.0024105645311498646
-0.00035043143813017716
0.0009728940060718995
0.0059489875428270925
0.007627957289602682
0.012891015876327265
0.013341004816765012
0.0183835535987836
0.011485377576079814
0.00783926701115106
-0.002775163760440141
-0.003249002672409948
0.0003330501712081256
-0.001483678990362735
0.001138245421163891
0.0036219056365326082
0.007079482511992569
0.007907986396869642
0.010355270127970941
0.007975821773801937
0.007176604692596166
0.0020596226011615516
0.001131032155627088
-0.002713270135859879
-0.002000505174925162
0.00035738857735347193
0.0017564064988688287
0.004963778234809764
0.005514504426558439
0.007859953166058283
0.006953794646149626
0.007684408267059554
0.002139343513954509
0.0015971975421571322
-0.0025119543835013273
-0.0010771875632407833
0.022445242958398486
0.02296332698185069
0.01735380490728561
0.010258950731867276
0.007589682059896147
0.0022360585126138606
0.0008261575546930338
-0.0070810332672794525
-0.013413226036310167
-0.03354581753460702
-0.0331469274111523
0.0029309661286595684
0.01896648469357635
0.019726352895664424
0.012078757620757054
0.009879076620569157
0.006811494266604977
0.004659037115557204
0.0002797149519664284
-0.0013948257206199022
-0.007053184500103265
-0.0085715823250685
-0.009145722420749326
0.012217387468945785
0.01570285564754345
0.014048054076270872
0.010684690158362252
0.00884478264617363
0.007756234452196612
0.004170971951755599
0.0025894142231745083
-0.00011574988608822759
0.0003730318263231095
-0.0013495429982350177
0.0030857873522271246
0.007994346425862412
0.00957105236068004
0.01120918358134359
0.007897435993088592
0.008750793310026251
0.006239403157392726
0.005427138066457721
0.00341983588770039
0.002290243346234217
0.001349417709107913
0.003482615171858231
0.005051285959794282
0.008553322188065406
0.009156983205406964
0.007382089538723736
0.00856809744716448
0.006371337501297803
0.005544195051735332
0.003902453489945993
0.003758546009797701
0.001814434923261317
0.0031199622220799412
0.0028047695865211406
0.00659962002879306
0.006922125349017028
0.007221517574808898
0.008559442638381891
0.007576554414793604
0.006293402789255452
0.004693701000128396
0.004700582933592169
0.0030505227782373734
0.0036719644959608893
0.0019932040510980643
0.005035547041143893
0.004402197474918223
0.007937092601780247
0.010743964191381971
0.007428753649847938
0.008757802865515526
0.00665647745276295
0.006056354695316554
0.0029781347948255646
0.002397166517364144
0.0014898410857596212
0.0025375228067913147
0.0015335455576028006
0.00989067401098303
0.006320578369181265
0.007514071514881627
0.012611418680722693
0.007873711007897495
0.00872534277900945
0.004455881995212978
0.004098917227365633
0.0005349132962641581
0.0020806611662666378
-0.0032179562291944274
0.003249820088224554
-0.0010500443359162774
0.01410474321981304
0.023762737062188195
0.010310237173712619
0.013793658833667661
0.007732303726573172
0.005728788570535625
0.0022770502756942804
0.002000371547029782
-0.004705203008489294
-0.0034571050834284653
-0.01968755711205383
-0.005399499940644859
0.0076049806598246575
0.01664297544758205
0.025809050250799385
0.010108610879172628
0.011352882531064087
0.005311604050604172
0.003943692818580489
-0.0012860509240563188
-0.0032113494693079515
-0.02315699106850763
-0.024107540512918343
-0.18271740308444082
0.08029656904050747
-0.00499461338972298
0.012851428750264656
0.017300255584557604
0.009231020768260977
0.008093529754975097
0.002311025849316747
-0.0005640252527931953
-0.012065237091925413
-0.02323378648923878
-0.09457356156005751
-0.520275600617909
0.9659335301294865
0.018423594600931844
0.02726609133694289
0.01578215366249764
0.012175386726197276
0.006178303551558519
0.0036339255748812677
-0.0031201668299353676
-0.007345239619176949
-0.031653791086809664
-0.06019077987001405
-0.14773919193958904
-0.5759204858810997
-0.008083266043728866
-0.008140391079065548
-0.015423846143505227
-0.008116363852581377
-0.012563800298812242
0.04914236257179757
0.06777885334354143
0.06435605295117833
0.029988095444493833
0.019161719669853427
0.004726677343905294
-0.0009943435912051646
-0.00730120354172179
-0.016861398302030504
-0.01981088997407902
-0.042832172134439205
-0.03051189229479791
-0.032748441645388406
0.13027637453877597
0.08325561397967453
0.05769158394220175
0.019158634399902133
0.009377058834365777
-0.0023925405951846627
-0.013247965535553687
-0.020441355158913384
-0.043908887745357304
-0.06975105095117834
-0.26578549967349496
1.2894027572882605
0.6825481722202158
0.10501747938417
0.03410010438133349
0.021186094268839235
0.0028685739274538556
-0.0032567557522774344
-0.014073584732773804
-0.027352944042470538
-0.041036741912197985
-0.09472667663879074
-0.1607398545172593
-0.3331604049308656
-0.13703642106306818
0.011801506006348677
0.022593522474091216
0.006699034573433172
0.0014222158711314832
-0.008061506238407998
-0.017422098717489874
-0.023233125646900627
-0.03977786421471167
-0.05707921149999737
-0.11140629124811947
-0.11216493273390067
-0.053921910979741736
-0.0026672998731605666
-0.002628574292314257
0.0005359329134737515
-0.005364189909993167
-0.00843643110496594
-0.01460942502293026
-0.02162326935997073
-0.027941683662312863
-0.043869828866620275
-0.054310577806859585
-0.07201661666741208
-0.0357506669771095
-0.020157170538113202
-0.006139790624512308
-0.007977499283022708
-0.007010691126596331
-0.011191560381064081
-0.014172386282490932
-0.016646981481742346
-0.023948421032262968
-0.02745962132983758
-0.036485461424480746
-0.03256006122061192
-0.02618479622031221
-0.013115041144188922
-0.010297630096879225
-0.008657363261626791
-0.009078438439809915
-0.009797476828134364
-0.010425865747193298
-0.014860448683068326
-0.016223726796006678
-0.020367663666861508
-0.019471754393401347
-0.019640953668657604
-0.013613005437044213
-0.012395365855011095
-0.007918307952408728
-0.009123628997490061
-0.007687706378690732
-0.009045048806776868
-0.010399381072053807
-0.011593383427038582
-0.013449198332389983
-0.012422284688783616
-0.014008993390710772
-0.008884708400339184
-0.007765956048499669
-0.004528217726480483
-0.005609063051367994
-0.004942243929856373
-0.006979982708782053
-0.007464933839257003
-0.00733305725224089
-0.009749444022791284
-0.008932318062115571
-0.010603221771913467
-0.0060849344838627955
-0.0054690028225423395
0.0011196106710551351
-9.662991434639698e-6
0.0014816444020280567
-0.0016009666456741497
-0.003427350178967488
-0.0069861688634591974
-0.007836455243544439
-0.00848820351803581
-0.009343046668177927
-0.005060295914958544
-0.0031404683502681374
0.010167747833794701
0.009392271874113933
0.012526297240431965
0.006675027553299257
0.004718485920295019
-0.000901662662960316
-0.0037377553506223486
-0.006037537107689943
-0.009820452734496566
-0.0075954810295809985
-0.008208439259547303
0.008261547943460498
0.013086390879730448
0.03499001140227101
0.022296526218877878
0.018869927253465545
0.008356358512190059
0.00360131423428169
-0.0034792489287080426
0.0024363288733161726
-0.0012887204773780257
-0.00344796039106897
-0.0034506189779463046
-0.002907571019683454
-0.0017731102313529909
0.0009526966940652747
0.005095587361299062
0.008587525697063336
0.010849768668358005
0.008439198469159833
0.005071633135661176
0.007174101237549663
0.002165121493255566
-0.00047324209619711415
-0.0018300642633581445
-0.0012913379809136685
0.0013073290197222944
0.007087765622490992
0.015239918054449077
0.02723117204939997
0.030572692599117556
0.022455180479459134
0.01402366358999397
0.01185514299436064
0.00434339442918362
0.0006647571942185066
-0.0014459524064596948
-0.00035172841892472156
0.003762822029522386
0.011254489143879472
0.028710537317691947
0.055891162718039115
0.0641655267192855
0.04471163108121087
0.024306685824850023
0.014808079795615619
0.004503408083076651
0.00023493387571027138
-0.0025863753094337717
-0.0016326866754025526
0.0004132455183289065
0.012057411742394209
0.03478645778871345
0.11758198899902216
0.15549157410273937
0.07914930485513033
0.037075580415091895
0.009303600036921662
0.0008657765172437932
-0.003301136663934253
-0.005551038185858417
-0.007085198672167088
-0.006955094360355946
-0.00802651859606859
0.016507988566548358
0.22917440332352332
0.43688219663639644
0.10241595111414009
0.0351692489450779
-0.009960290578277667
-0.007653814966036352
-0.008317487684002593
-0.01055554525917597
-0.013516918716396409
-0.022661082187023316
-0.0392156378847368
-0.12153145657950007
-0.3829851123399174
0.9544603076277267
-0.045212018280777054
-0.020463309923248053
-0.018855797658297774
-0.013106534313968219
-0.011687965176927818
-0.01268912411569688
-0.01724756583994536
-0.025139572405191875
-0.048044428248387706
-0.09195971813504546
-0.18571263775313293
-0.18888722129233
-0.06205844535174335
-0.03455870282974975
-0.021360063015108257
-0.014873790170441726
-0.013363143796003856
-0.014365365357777235
-0.01755052458384599
-0.024723382270661464
-0.037044629418856535
-0.06409787612228014
-0.09170758450169918
-0.07773919652507166
-0.053371461242042804
-0.03233210859951249
-0.018413023891476126
-0.014629498685440114
-0.012443142380231783
-0.013368334367231617
-0.015149635391013142
-0.020594852244220967
-0.02854245743702372
-0.039435433965182905
-0.05121449495989341
-0.04827347968287451
-0.03557909953392914
-0.026230738694861835
-0.014969791281563958
-0.012354279136079161
-0.011015187300239168
-0.011033141449803736
-0.01241203191373973
-0.0152217539572847
-0.019247228726741585
-0.02387172219023185
-0.026098812471459717
-0.025542790267594158
-0.021370707871564306
-0.017492665235401668
-0.009498906237978512
-0.00939146605624878
-0.008199996508939683
-0.008761076663806152
-0.009659046435289314
-0.010033199041016823
-0.011550769372726439
-0.012334763324391389
-0.012959923011475168
-0.012699997004110909
-0.010911841773886809
-0.009953839640707554
-0.0035737275451543193
-0.004993041166364226
-0.005488441009237824
-0.006214958556615803
-0.006668086138573614
-0.00568167739405582
-0.005492656549099162
-0.004530541599980099
-0.0032291492049545734
-0.0015180129761816587
-0.002180785377847651
-0.001959218247893921
0.0044970010913274175
-0.0009457383110370345
-0.01970249188361913
-0.03232125957352308
-0.1243667243043647
-0.3155907414246934
-0.6251583857623445
0.1896366842801771
0.06818466992894608
0.052164151826906924
0.023383451422216792
0.016890839518857927
0.009216922314337255
-0.0022978927708579237
-0.007018045756846596
-0.0315684765106008
-0.0368432461513923
-0.10327172582438046
0.24025668618090154
0.13533313790135246
0.09901078906785692
0.04873637257020032
0.0323053274775384
0.015106399895871807
0.008157711934389642
0.004162532110089641
-0.005130048022487221
-0.005126946706276333
-0.02204798719832093
0.004386802838571987
0.05551563704849717
0.09038234321086316
0.0657260086757938
0.04971185957050471
0.025242032873492522
0.019113997049982012
0.011155769150613195
0.004459060851385126
0.0034704422969847586
-0.0019481783645545528
0.005666677517580124
0.007313139465856505
0.049426880555404444
0.050567723245289534
0.05179071567206006
0.03251498804001771
0.02583945505593702
0.015734672271397476
0.00970516144762274
0.007549358626468686
0.00348050223149738
0.006309558330618442
0.005306307434037826
0.017538591718825512
0.025869251644821418
0.0367546286485687
0.030741296302253657
0.02693996445385216
0.019380952349903193
0.015359727647039028
0.009884620780519639
0.006506126598899297
0.006369064424144327
0.005161275962742859
0.008439540115385663
0.009369834649134264
0.018695271300559962
0.01931718562359677
0.02233387812671892
0.017105532083864793
0.016795745282389526
0.01140423244772874
0.0069700468763257365
0.007059026679865064
0.003557351350452591
0.004987547650080648
0.0029278665916041276
0.00818439543145696
0.008587686014417962
0.014606427438156286
0.012370659697890914
0.015101759996332068
0.011751206459276747
0.010422454029931852
0.007362167208413747
0.003984521230001323
0.0030103626822641145
-0.00042707145244760077
0.001962218998415794
-0.0005961585661212914
0.0036618647051829276
0.004096783978896778
0.00913743181202259
0.009638040292637545
0.010513600275153865
0.007562976554611207
0.005675972966478141
0.0037327248064220366
-0.0019397948666379143
-0.003422407000903024
-0.009425996737868965
-0.006024667827916506
-0.009132967730835516
0.0021480110465002377
0.002394920896448335
0.008879803840569783
0.007810864579543116
0.008819552038710432
0.00602941568989709
0.00017044150248571495
-0.0029957339264040437
-0.016305598734636363
-0.017514657662111497
-0.03544289572123892
-0.01797696913407138
-0.01337745017963536
0.005551404822269024
0.006381729940819378
0.010528763786015591
0.0054275606554175645
0.002730530102359092
0.0007129128378573811
-0.012453638835668284
-0.02036380101516927
-0.049525233308770227
-0.05284521772677084
-0.09057185561782813
-0.007832664616346626
-0.0015273557026394629
0.015308734564647389
0.009730920365798614
0.008797216668984921
0.005945252084366837
-0.004118249732114657
-0.011346310936924195
-0.043524627034559414
-0.05645420555854176
-0.11356804248970163
-0.3109698862889968
-0.03408755965345176
0.02975418895311254
0.01857801761663583
0.020284420196750357
0.008980661697346425
-0.009867745555748412
-0.004666603910796497
0.0012507034906817263
0.007438361747865808
0.014771747624611236
0.0152976682941852
-0.002031583757205174
-0.03660473553871787
-0.03970359914538269
-0.034608904561489906
-0.02460933188004982
-0.018242460862769164
-0.011459245981958254
-0.0023347298531590436
0.005234662723534873
0.01780618530559979
0.03198038331085763
0.059980144881948826
0.052682552452064026
-0.08680905100951235
-0.07860299148168347
-0.05221647990586953
-0.03560125050099611
-0.021170873294316307
-0.011606187924825291
-0.002406418471595075
0.010063923509272772
0.02557342106984217
0.06029303711701352
0.1497701859720956
0.4104713357342479
-0.5403654012493513
-0.1483510296617799
-0.08255136133604521
-0.04272765275979986
-0.024716274924783357
-0.013295956367847065
-0.000821836853179719
0.010496520846667167
0.029817816192352634
0.06052944540250073
0.14539696478292663
0.4069063035506869
0.7971701405081143
-0.14702540016235538
-0.07973076820334903
-0.04786390271565088
-0.024458284571579104
-0.011134482408695886
-0.002038403792780258
0.009330945076984263
0.020640351415553298
0.04469833218174975
0.07726723173078323
0.10918248575433016
-0.0650947411311766
-0.07708963711047365
-0.05904376201808322
-0.03719447137782899
-0.023438209228523108
-0.010860792172122694
-0.0019060602380474578
0.003784734912635003
0.013575084463428724
0.022868243701604674
0.039956516779900066
0.037372689866338536
-0.015182404461425285
-0.039886320944671996
-0.03670803602462969
-0.02777439487102721
-0.01796178652683855
-0.009081465622785069
-0.003760368284355213
0.0011236822407354006
0.00596057161883822
0.011704773455956056
0.014420080073218268
0.01195344500549114
-0.012666085733020062
-0.02112156955198753
-0.024520803463396513
-0.018555951142628327
-0.015110387255152591
-0.010264848000160181
-0.004506853871680913
-0.0012517200207555485
0.0020623865892087094
0.0030169077788388407
0.0035478255820493507
-0.0017649538103479167
-0.009426985889205396
-0.01622844192072914
-0.01712928199199878
-0.015044510664325177
-0.01271378817666842
-0.008826711267205698
-0.005460893043683591
-0.0023587870479461343
-0.0012902897024031992
0.00015476012458969218
-0.0013246738572092827
-0.005151932364168168
-0.009700903655569743
-0.012606891078715198
-0.014868463840974691
-0.012481406865796433
-0.011790338149639291
-0.007585999893710723
-0.005122178118516925
-0.002915071563542437
-0.0003664634200102252
-0.00044267654918924207
-0.0018414183651718082
-0.0061652771660919035
-0.010559315593422599
-0.01383038088744359
-0.014006227278519223
-0.013275675354892234
-0.010540304624868595
-0.0079165977426675
-0.005531431597212156
-0.0027973674294829937
-0.0006679648417300215
0.0004991468312919776
-0.0024300120994437237
-0.00590494602801483
-0.012653781465957213
-0.01568386570331788
-0.01688679255269679
-0.01496212071431304
-0.011193191087437396
-0.010072273778007377
-0.0045662011457967625
-0.0013052929428729908
0.0033639686772633454
0.0037339315005158057
0.0015389539875397843
-0.006936922863832856
-0.01882947852234216
-0.024410531158755064
-0.021599310215889355
-0.019154545089378975
-0.014162067922969665
0.019807470335004008
0.10505606284589353
0.08751156545387109
0.2391184518336363
0.16224537955674317
0.05560486135390367
-0.011471505599982518
-0.012605204209765367
-0.016184304306086167
-0.0267218846740537
-0.025046751010034382
-0.006298072125580755
0.02025271881353105
0.0860484324353828
0.25843923641158345
0.21921887357982375
0.12782289682652312
0.03423227362331975
-0.007953691182441176
-0.019187029509709713
-0.023283167016621403
-0.026406187126307108
-0.023909479362813714
-0.014757324152940489
-0.0034741411780698987
0.032614048364585146
0.062282347115509104
0.11090805239775627
0.05055266855062809
0.012401482531557968
-0.00879711093491185
-0.011023655968402189
-0.028284671254206896
-0.021362331910838566
-0.022544944376439637
-0.007414325549799234
0.006522389602694732
0.013295990366426692
0.04724242248522915
0.04521380464937001
0.02603065195711709
-0.0006368908463896673
-0.011401681085849803
-0.018313848982596363
-0.021995723725313204
-0.015050359542264153
-0.01327963985730766
-0.00944321637238242
0.005656988078259809
0.006108319871460457
0.012483309849207109
0.01703251788530658
-0.0001395262740367443
-0.0113270402286144
-0.015044468014828815
-0.017314754584523365
-0.017944552228471432
-0.017723610342271396
-0.0167774429641805
-0.005715395634786516
-0.0011969893247301116
0.0038978508800455005
0.011889843438659236
0.012088688849629953
0.002070931997642637
-0.00815080586863477
-0.018415933919088436
-0.020147618379424515
-0.022433601191192327
-0.02281295263865797
-0.01409416009878213
-0.011333252482916011
0.009870803378282916
0.011124535966825194
0.018914405883786498
0.015859213620823206
-0.005728811961505477
-0.012083803103945455
-0.020002752021515056
-0.025534577387469604
-0.02661546888224545
-0.020304531855021443
-0.014574258142267312
-0.002124789979780004
0.011490414031297523
0.030195757422497287
0.027828875969069092
0.03017292985053169
0.0010534099547279377
-0.009988194014803551
-0.02203305868655392
-0.030715135355957764
-0.02510635084240787
-0.02342421380414653
-0.0121061632961893
-0.0010012681263976723
0.04433762412768216
0.05440391305792223
0.10575767413491031
0.05818994878371314
0.026915943306750574
-0.007725104686598625
-0.015905339497035077
-0.02537675718879293
-0.022486440728578236
-0.028215109070755
-0.010010191199860404
0.0073547705303244
0.039804938266082945
0.18807415312038434
0.13083330803491144
0.14902482595562863
0.031463836982996596
0.006909364856765788
-0.013811763260401526
-0.025298767887555095
-0.02736011639984171
-0.020466858697879578
-0.006344693726341211
0.012616503533143909
0.11514397645697595
0.477147039613792
0.48511439762343594
0.14498853385535143
0.08785866219988503
0.0017047279678244623
-0.00980980469725791
-0.022962718217387077
-0.03727575401729075
-0.03016880104161652
-0.006121198126557872
-0.010829599900900863
-0.06524983546938325
0.11664844448355831
-3.236430228075168
0.19753912530160375
0.10050389022196861
0.034923237374971966
-0.013371484199491527
-0.021939371280316144
-0.026537098693563264
-0.02862453051614084
-0.02128161088595614
-0.02425391724610425
