-2.1910090991298736e-5
-0.0002668723153617512
0.002944049722396664
0.00038914879966037304
-0.025803097179348696
-0.02893461090995126
-0.0393029048417086
-0.05189676204930768
-0.08218255975182774
-0.0846575560694206
-0.07690304934289656
-0.04451821924249173
-0.035452115925606306
-0.025491635781262033
-0.02376570378824771
-0.022022811528697683
-0.02275642027318935
-0.02206437404764729
-0.023572335200139162
-0.030928154543436774
-0.039281529619564076
-0.07500518640388877
-0.10211002220782917
-0.23643252556061323
-0.08403903966956083
-0.06379671299920639
-0.03260540281956487
-0.026889511551342136
-0.021350343912315554
-0.021568160811091183
-0.020142997545806868
-0.022335604178725172
-0.02198846811084019
-0.02441016757326298
-0.03990248074308229
-0.05350979355238523
-0.20452420687010112
2.314948028703896
-0.1906838243644053
-0.030255749369255285
-0.029274777438992407
-0.019818318337682328
-0.01994282052029594
-0.018348372375654017
-0.01912956604345342
-0.019312463049260514
-0.016580296979238907
-0.01876060917956394
-0.011153697473638778
-0.013536013128380707
0.14339319874961975
1.1312480879737867
0.1394313377624173
0.00792970046849811
-0.0004747802382478404
-0.013497633366807663
-0.014821072717436467
-0.01641566800273935
-0.016308063605238877
-0.0182527123980831
-0.015088825865815053
-0.010271731316082253
-0.005967918979227661
0.027836036580391157
0.04797957667499548
0.2122049342444074
0.0681752933547907
0.03647503126749535
0.0016423149394179182
-0.005731612281833848
-0.012387002432211825
-0.013762745117889578
-0.015413260606070933
-0.014793186145706384
-0.011633210666302992
-0.009345143396673207
-0.001192599754101849
0.010144612325162413
0.040353989755130056
0.053869092649553973
0.04583820376313926
0.015580486566494151
0.0038414865985652168
-0.0064920873913596544
-0.009621585424765785
-0.013783343160205306
-0.013153193577186247
-0.014204176691475123
-0.013047154318245406
-0.00954440867338292
-0.00486836950666982
0.004763080482034299
0.012257808176563433
0.023685813406474587
0.01339125497087888
0.007327981698367148
-0.0041109582302855385
-0.007203787085282107
-0.01142061894554173
-0.013203786267247431
-0.01400277381669212
-0.014189374798242088
-0.01258592757538864
-0.012000298782298503
-0.008148222847558818
-0.00496881816955448
0.001793183056577104
0.002248218410019832
0.0029922464294502055
-0.003011785912271506
-0.006571505431735216
-0.011569921004929382
-0.012463134338443723
-0.014747687895729986
-0.014623344450911716
-0.014542252034816067
-0.014411805019532998
-0.013204045157757787
-0.012808289769674346
-0.009912128441632957
-0.008765292708954734
-0.0059405657025198315
-0.008303107676011098
-0.008447573929633027
-0.01205420738038326
-0.012767162250681075
-0.014954940747404452
-0.015331356599332647
-0.01547623010638323
-0.01507401093663996
-0.0165197276460991
-0.017001719396836364
-0.015582738654677198
-0.016094616986138725
-0.013860881294958601
-0.014488673601753408
-0.013882817775695255
-0.015208103016652146
-0.014867162518042466
-0.016691598187543535
-0.016525439713704012
-0.017088058316182174
-0.017050066799537224
-0.015928614621286016
-0.018825452843867115
-0.01894378058769869
-0.020432515841813995
-0.019771852801577686
-0.021198188284823526
-0.020768307118956646
-0.020766561388723404
-0.02028917216608142
-0.0195018458058083
-0.017725680623395038
-0.018419446974980724
-0.01754505677734876
-0.01913106539909857
-0.017318340057936556
-0.020366189252874548
-0.02259191620079797
-0.02292442189882278
-0.02650623093856605
-0.02776458729281176
-0.02893635755497207
-0.026229070670926405
-0.025530154148420206
-0.022443875260510095
-0.0212929352946568
-0.019953452331056016
-0.019928488913907375
-0.019507299242526074
-0.021074354064092114
-0.023316035496971508
-0.024298029061989506
-0.030016444145486435
-0.03209048155700786
-0.03819073863761811
-0.03658103967093277
-0.03684130882279082
-0.029783885918314698
-0.028002710368694998
-0.02369716551933889
-0.02237640956294517
-0.020646108208148654
-0.02074195925063018
-0.02181277608141603
-0.025050276108392038
-0.028661219247960595
-0.0334000263501946
-0.04320473930783462
-0.048765053021939384
-0.05808259510770735
-0.04635767318742794
-0.04022557011255105
-0.030143395036828568
-0.02688223339482433
-0.023049732508841434
-0.02288238479235544
-0.021182181942523227
-0.02296463438043641
0.0020365058856412345
0.006523148153601101
-0.0014314272112077144
-0.006204001514298613
-0.04291524130626239
-0.04639838239598486
-0.04499205750168529
-0.02562258452223841
-0.01868543089559236
-0.011533498805766597
-0.006308536027817744
-0.002817396591661683
-0.0005332824963763152
0.0008977417632017386
0.00802465590535893
0.010475187581921546
0.019800784247062126
0.0009112479153855146
-0.06469949900273647
-0.09531328141466301
-0.06987973246916013
-0.042925453737218434
-0.020233818981744475
-0.014482020715570707
-0.005508652852873911
-0.0012484374973205383
0.002490111841086449
0.003442135609516895
0.011571316215753299
0.031607312504753786
0.04909326466494057
0.07683057403986854
-0.2991533405080204
-0.18535981680001076
-0.09538163801441456
-0.04402193800871583
-0.025544901535471867
-0.011494769362380875
-0.005063718391326289
-0.0010748670763889388
0.002916098462097185
0.00833036952257422
0.020039565585756734
0.033992126507869
0.08958901911632454
0.17206778296134745
0.3349247651524277
-0.19876229133795256
-0.0601132299299605
-0.042337181217198504
-0.016263084542518708
-0.011243849135145903
-0.0023755408105739354
-0.0007474334342748952
0.004843962281794324
0.009845067597327888
0.018398501981303637
0.03632442419207094
0.06256425989605272
0.09258355314792395
0.14007820733828386
0.021971642165983366
-0.015600578632043996
-0.01285177822685074
-0.011032315417540225
-0.005886352607563771
-0.0030740196497722923
0.0007186445109668786
0.004728838667413426
0.011343507019446104
0.01711367610247142
0.022493436248939992
0.04097445285284945
0.0519835578549381
0.07999505755108112
0.022872931094883572
0.00918955878265934
-0.005520134500240604
-0.0036647908844956696
-0.005067803387356365
-0.0014041754546288098
0.0017375144160763024
0.005373022177369972
0.009612859503612778
0.0102569050497699
0.01827741042032281
0.02123852490810482
0.03358495062454403
0.030250328432575094
0.02068577336679708
0.004127259964673768
0.0013737893748279328
-0.0009266955641773929
-0.0005483797687593386
-0.0006383698629381316
0.0012718201169451668
0.002397273689221149
0.007787341450203196
0.007636163548372216
0.010978514121053419
0.015543789128125044
0.016844139708382295
0.018327187667448768
0.010466792918593253
0.0064386356119200995
0.0013812199018784419
0.00030550164748357773
-0.0005811196724491589
-0.00044239443225250525
0.0007430152872879321
0.00438481165725582
0.0066988259360091845
0.0036640316043655666
0.007875421065497533
0.009663691633095266
0.011770244870966099
0.010048763538687847
0.008704171859111614
0.0035560703588512097
0.0012573538168690248
0.00044983674106291303
-0.00011400137888647511
-9.753895031430244e-5
0.002518591810064056
0.0029734936274526933
0.005390993104339718
0.0033325690842190927
0.005246018356411671
0.00843128048260086
0.006605181591710773
0.004954696154160225
0.0031456786182796673
0.0010124082210365738
0.001109322297273709
-0.0002135170203024951
-0.0015472688307581893
-2.126967074396978e-5
0.00013279186059415393
0.0020617260478211314
0.002636525482374431
0.0013698326903404591
0.002493287314476065
0.0037127215973691736
0.0022608373612432284
-0.0004784015184268743
0.0005675452517991613
-0.0020048783603766364
0.00017789382934594157
-0.0023839144140451246
-0.002833301793792238
-0.001838870946273495
-0.001113523558552613
0.0014186407247167984
0.002217679546977575
0.0010308676435683468
0.0019487186143387603
0.0006876915499963896
-0.002907026096826468
-0.002004833393853326
-0.004636097968086336
-0.004844011347643905
-0.005196403460105214
-0.004655696118732481
-0.004649490448038782
-0.002321449331106006
-0.001941922819960351
0.0006917880992129714
0.0010331993154346379
0.00197912743861665
0.0022415862158996916
-0.0013036919940528646
-0.004000337550008786
-0.009188839409832146
-0.011212571634355666
-0.012971215404538923
-0.010003235986369758
-0.00883982947226886
-0.007055319840938103
-0.004322047063587859
-0.0016047497413439772
-0.00046551625591016585
0.0012129467921060204
0.0031654768927798648
0.0014415221397763678
0.0005651790615428079
-0.009181248344969476
-0.016179630133288516
-0.027221283745206656
-0.022715200548113892
-0.01795011093712703
-0.01200032733237657
-0.010573856354940412
-0.005511243370709383
-0.0017107724962216742
-0.00018525767199920344
0.00044117994989416185
-0.028559018424158124
-0.016769404000532628
-0.02399551253179607
-0.012309806672662441
-0.004258377418249408
-0.006923541164950588
-0.0013820597275900847
0.002101433629682091
0.008245298268652822
-0.007273811725180488
-0.0044620852124100125
-0.012119621825258897
-0.03212040918552273
-0.024313907915000925
-0.024122852587765788
-0.02728825883430716
-0.026654342539464308
-0.016597187582864933
-0.011752168809926725
-0.003684480137462336
-0.0024034721787120255
0.014058237747974182
0.018564894882303794
0.036227635084270175
0.016729081025618563
-0.006874618010893142
-0.038091869448002635
-0.017708584961322972
-0.03228500890278781
-0.027923708688151683
-0.027982849381259882
-0.018970248051774285
-0.010287211449305165
-0.0038731636966299436
0.011442335672469009
0.01345649667238515
0.05463470648639735
0.06722143528930853
-0.0032064159377232096
0.06376614527656457
-0.0013511092190980735
-0.032121581961183254
-0.0149529811788153
-0.012996507916449695
-0.018033742372064926
-0.01013887691259125
-0.011791875288487994
0.0035931047495766483
0.011570128130319147
0.03828049854403076
0.05675162129326771
0.1312656918540189
0.6274631512480136
0.08488683944918833
0.00974455112506008
-0.0077725983072576554
-0.0006768017960175838
0.00018543546194656375
-0.008183621880129022
-0.00892316609509292
-0.002956900232170428
-0.008043039519246781
0.02545390632651437
0.018062287693678805
0.17500238186116995
0.42550822400497806
-4.013501076956182
0.7717179016095151
0.08929420426979295
0.020379638457843737
0.00890130121197017
0.0027225874278878704
-0.0022099958461594647
-0.004684218487405716
-0.0042373358558238355
0.0032081643574400783
0.004112427937711499
0.04486220270368658
0.024073044395495555
0.3017180907263843
0.42165277336908374
0.3940820002191239
0.09050663076613251
0.060976754327092285
0.02036019636830159
0.002569562257433742
0.0002635481011949059
-0.004163538534172872
0.006373761066452202
0.002776576435961755
0.020607654498673033
0.015628316534117986
0.05710504791838286
-0.012787906151419542
0.29936415887354595
0.10817679679628169
0.10214428017557942
0.04517058307286381
0.013887805922212334
0.0038879278373352417
-0.004924568627964131
-0.0025139762849901576
-0.003005554924997117
0.0028493877507513284
-0.004347041020338798
0.0049909112291301756
0.028249561345317795
0.0576569675371929
0.046754608684837135
0.08015832210300133
0.047531835797603145
0.03455942756128583
0.008477549942467253
-0.003284420996138318
-0.012485659776619456
-0.013337108649870264
-0.004436087610933309
-0.013117962797356813
0.004595708998980801
-0.0014155036657133454
0.024986172237202522
0.012013156353055363
0.04262027351064871
0.04227768726130738
0.03296366709875266
0.011573210307448668
0.005189236976898016
-0.006074194475984769
-0.01447851463521834
-0.016071239641885768
-0.0146448937049663
-0.01283869385618539
0.0022623801928917326
-0.0018450408316839676
0.004369613508206511
0.008854800144415378
0.008944931904071314
0.028449602477129517
0.013867778384390432
0.012423221816951352
-0.005900525983989827
-0.011911961758999475
-0.01180001859833299
-0.020567211338451484
-0.019838585794243864
-0.012137450732125517
-0.0065010262572426656
-0.008672567320838195
-0.00561968270179254
0.0012293365868008427
0.0039106758795528695
0.0028232988532848093
-0.003076719842035758
-0.005478747721599602
-0.011707642386129312
-0.010254217847246519
-0.02061728153185927
-0.014140699755183433
-0.007051118296787335
-0.012651535274892392
-0.01201379338733463
-0.010304984933102595
-0.008330165944719099
-0.005182558114414
-0.006640656187287336
-0.002927311263390751
-0.007146675247190956
-0.006700460974693492
-0.015884744310613624
-0.0145148839275956
-0.007427120239280866
-0.009059272300483546
-0.011864924857222252
-0.010393260286637033
-0.005933540883086538
-0.0067227345213874195
0.0010860806026694034
-0.00922585762498834
-0.006765717613348359
-0.014039523949987056
-0.01054965014808717
-0.017075680040631713
-0.03036759989986089
-0.012599769998479867
-0.01526038203980256
-0.009876614500456134
-0.009689925728845533
-0.007240487731061023
-0.014691060133075086
-0.0063910818633938216
-0.0055386012426504126
-0.014236527739969125
-0.007803912482912906
-0.010284283246493747
-0.024921492041319118
-0.021035285736709694
-0.015362523607391836
-0.01835800016301423
-0.020906480880120527
-0.022017641016777237
-0.025283492853429002
-0.02830988519668011
-0.032046622110280004
-0.03238660379860937
-0.03439323555568899
-0.027092769567971537
-0.022287450821247386
-0.013490683579179952
-0.014125070828486833
-0.012049050520785606
-0.012598688235890604
-0.017637842740365266
-0.01940871850560093
-0.024184341349112747
-0.027565690377016838
-0.03383971152556941
-0.03658808273541295
-0.04426413012583445
-0.04388263022774401
-0.04334925205395801
-0.013958558378367512
-0.010641934733404348
-0.005016967644021276
-0.010196882742117292
-0.009255674037599053
-0.014629701219959006
-0.021202527802372813
-0.024815986067921698
-0.031180803965487704
-0.03623890371238922
-0.04876971259743982
-0.05789415454317519
-0.08228744181645264
-0.0481802450641588
-0.015936862707759507
0.020351554429442826
0.0013348375227336935
-0.0006967250083989714
-0.0033077953839353155
-0.014066756553785297
-0.01814981613679533
-0.025438538205118093
-0.030748901058956675
-0.04260789017882999
-0.054484699854297
-0.09189838362593596
-0.11288694533627913
-0.19356333911578005
0.1487264514513597
0.03354443760115364
0.03425618454045613
0.0053495703793646375
-0.00205561756663443
-0.010415243081809805
-0.01861123989366631
-0.02410679074402665
-0.03212088889636653
-0.04131796007537056
-0.06469055443998915
-0.08770704066602773
-0.25771899940168097
2.6257831371387814
1.2811523205162525
0.2005525846566913
0.04480360754971537
0.020473096421131983
-0.0010568214851807054
-0.012123602703717975
-0.017514881366692662
-0.024442747312858826
-0.029180221850178385
-0.040019207495471464
-0.04949488584474677
-0.0769286997827242
-0.0693225227852104
-0.17296055694352008
0.17744236799899565
0.06612964934018645
0.0456905996931015
0.010440743339036032
-0.007329454395075779
-0.012787149134102331
-0.01940380943291276
-0.022471926144671434
-0.028825304626289305
-0.033305037380713796
-0.04135392199543632
-0.04414399949640348
-0.05880551528539959
-0.012937081137255134
0.02309064932816221
0.0400082138062834
0.013825205317830675
0.004978985533552011
-0.009095969528159878
-0.01567838865859105
-0.018009154638719407
-0.023100252847691825
-0.02515628574338686
-0.030498718171040492
-0.03270054787374752
-0.035840597307120074
-0.029169285327254515
-0.02013054428836964
0.0059402422449422515
0.0033932241471670488
0.0030850447449509736
-0.005720189541067453
-0.013899463204498143
-0.01614342677613767
-0.02023144485338955
-0.022538593905972543
-0.025086418081767117
-0.02605045220960345
-0.02828629673707271
-0.02741643962612413
-0.02594442322410202
-0.016543094040279493
-0.011402602344774145
-0.0052465818846972835
-0.009494697323787413
-0.009042698650321736
-0.015194751980086687
-0.01706267603938641
-0.019569830508574314
-0.021908715885012312
-0.022120015948632516
-0.025247538386951443
-0.02608002974619712
-0.02619590509818584
-0.02202732479825398
-0.019509837598266196
-0.015212165604348118
-0.0131673069483498
-0.013072241448705087
-0.014811055393091698
-0.017692567442294603
-0.018435638502382473
-0.01973485809467832
-0.02162950840598645
-0.022069212698813297
-0.024446205677201568
-0.025384289549604155
-0.023328324208152874
-0.022842405173114252
-0.01810176757739271
-0.017507556831421252
-0.014819621778550458
-0.01719417441713446
-0.015151551737272898
-0.0174637085966494
-0.01998995444897878
-0.020030859765649195
-0.02197820736062227
-0.022484774220650573
-0.025056044014923243
-0.024500945493595112
-0.02379733939105237
-0.02172880322321765
-0.022189414723532704
-0.019074957548618404
-0.017336110715200807
-0.017431874238187105
-0.017728524583311128
-0.018367362441837433
-0.019796643710671795
-0.021581761739154732
-0.022022325530300924
-0.02430208573441397
-0.02378827845973738
-0.02599553040699301
-0.024642379488636967
-0.025200067983055668
-0.022405977298416032
-0.019412248737039464
-0.01784502243714948
-0.01830267983724671
-0.016216178259003212
-0.01670196931199355
-0.019368961531282716
-0.021361040761750105
-0.023597675270907847
-0.024162339619617907
-0.027087191415469596
-0.025930389949376756
-0.028635854211038637
-0.02766214065740232
-0.025651478520303916
-0.01860037939124279
-0.017861812778968904
-0.01563463483442124
-0.01594671055157391
