-8.084576062589752e-5
0.00034929742632898973
-0.015068024135927248
-0.0002449837394292393
0.00850338979238851
0.000842539830434093
-0.005818212379749058
-0.040636478605535355
-0.07104076824917968
-0.21688941088430913
-0.05538931304689351
-0.03340701279862243
-0.001097222995723704
0.004988019255498756
0.009212808874396624
0.010865095616043515
0.012179607241612322
0.011467024030759485
0.011542898293070258
0.009539762778152617
0.0051671240399809824
0.0030296078400803717
-0.008294820205061454
-0.020572928040279846
-0.051445108676454986
-0.05820018006189318
-0.046804641694522704
-0.015957131655331944
-0.0056607074665227805
0.004262650954772322
0.007914602533994505
0.0103396122230691
0.01013752536223624
0.011293147860889032
0.010301991692138922
0.008407017851411923
0.006629430170381366
0.0025551829960626642
-0.002022887880044889
-0.011704553217947871
-0.019268385955871336
-0.029859319692236014
-0.017853679414029915
-0.010113286034266962
1.391757125790007e-5
0.003421274180127534
0.008302167956553488
0.009291040427875992
0.009949433153017821
0.010118963971941838
0.009523186700802502
0.008756730277151589
0.007545281264836206
0.005695733756456483
0.0002326472813031379
-0.0017606839875496433
-0.008840338795503527
-0.007852277633097867
-0.007754890814838601
-0.0008964040397151791
0.003365718788504633
0.006598501035652689
0.00783698263953776
0.009716718020627898
0.009799301044655994
0.010106642615151087
0.009981068153158766
0.009217293439279803
0.009416132085883315
0.0065376396269528165
0.005642469737314473
0.0017836028760642398
0.0014973799737387384
-0.00029863929842800476
0.002483905293995096
0.0030787830594038116
0.0064462845257747346
0.008527313677108479
0.010400634360429591
0.009814377344565665
0.010888991869118746
0.010593333198939143
0.011256159953325283
0.010524716604455775
0.010792446463751658
0.010501880875105361
0.008151234599679138
0.007092376923362416
0.006247763457949639
0.006941379891036127
0.006281201233794366
0.009238096074384933
0.008730349282062738
0.010565403399655874
0.011126959857557172
0.011228690844640498
0.011746113217115
0.011571326066334745
0.010423759270161289
0.011057606922127827
0.0121512704585679
0.011970084892798747
0.01242020357763004
0.010672328742613068
0.011344305812645528
0.010828222276853126
0.01136319521544271
0.012384823357778992
0.013254213063478378
0.012618039667525636
0.013481847660222545
0.012651208824642761
0.013289639244419426
0.012661918302763012
0.011581873876236484
0.012454551500675915
0.012755552788803217
0.014262650290917155
0.014959223363685891
0.015231448975223478
0.014910632517635006
0.015994421622548625
0.014813183310978877
0.015672928828761833
0.015134992726396745
0.014731963637299122
0.0145988927061634
0.014460201796703908
0.01377531671320557
0.013871652347902802
0.013348468886972952
0.013870598875027115
0.016083234178699852
0.01571726321322079
0.01786052877670367
0.018677800727763295
0.020013649053363683
0.01921213898176036
0.02058544359071888
0.019080332171322413
0.019209122549092624
0.01661059023777074
0.016690352018873134
0.015401430290607145
0.015708605779610002
0.013769410928576323
0.014801717313758157
0.014434682207419095
0.016325513539533373
0.01874735418462642
0.020290317073347126
0.023094041348935484
0.02419506580667916
0.02590965687905334
0.02418328280716697
0.024095606877866195
0.02143075010456921
0.01968671848257708
0.017472312116558683
0.016954289257605098
0.017044435367749227
0.015978357847987297
0.015087476763640006
0.016476386982093246
0.01880075716017482
0.020091381312681726
0.02373024072794005
0.02679663609846969
0.03240617437966624
0.03313290622164538
0.033954357733152446
0.02806379658569109
0.024771198520909764
0.021583907976552102
0.019613296007483908
0.01694120611662255
0.017214839068873743
0.01658909179986034
0.01727916825578875
0.01644338076594973
0.018149395001382386
0.022685127619591693
0.027099243643463788
0.03552746070701075
0.042544545592119426
0.05432607061741541
0.044417444861486674
0.037773864560664526
0.028402596876230438
0.02419043586579666
0.019780103226575276
0.019053090024109487
0.01678800901313142
0.016788279445540184
0.016695545206846116
0.01770985956342747
0.020042283117289863
0.021872075581110678
0.031169842626023292
0.04076487983507522
0.07223870931912993
0.07935110606452023
0.07689031220037211
0.046436632272439854
0.03346813556947634
0.024361564417719334
0.020527191590800957
0.01852597990734448
0.016997123827705872
0.016377509741904106
0.01682464788346382
0.017047746405432055
0.017226177911038653
0.02196955087428168
0.02794420314863445
0.0591295662036154
0.07922129463750754
0.22907854420849508
0.09492227837351652
0.06863032364185699
0.03475572964298571
0.02587306188472191
0.019106316082508804
0.017704681789367908
0.01625786886652761
0.01562079474602178
0.01487621111633209
0.016805960718264505
0.015240090754093527
0.014152554285218218
0.02378956197676652
0.026384349954597347
0.18135743368215196
-2.2774974245406643
0.18794604166113796
0.04451815841957279
0.03284089021056875
0.01878249076625747
0.017359375745254223
0.014764657835628704
0.015244879463703632
0.013845067288288344
0.013729905924454243
0.013331181393968312
0.009925720058156732
0.008209941993377544
-0.002982598711712674
-0.013747410743824686
-0.14497231660621174
-1.1236742199055516
-0.1527656565750867
0.0048124172670609405
0.004069443226408885
0.01330119961311824
0.011864605800749845
0.01361436002520918
0.013506026489831372
0.013095460343566807
0.012557451682863987
0.012886238035130589
-0.0004760093468710228
0.001614409331139877
0.0014699962718944218
0.0025958317372568552
0.002730467770746222
0.0020515511171410035
0.0007459576572694713
0.0016424874324587075
-0.0006093262630409565
-0.0022974664603404183
-0.0047560867345437935
-0.0037879304981994805
-0.002797677336187138
-0.0034210421326125295
-0.0027920152668595723
-0.001077094445830944
-0.0029892509364683084
0.0008919385132080196
0.0010301786355118032
0.0020305974694552727
0.0016006603819655285
0.002210777568785547
0.000668722961513922
0.0007017331534197994
-0.0017455763250466784
-0.003991011470944046
-0.006278101711260276
-0.006444304572714626
-0.007262902515124669
-0.006635929336903032
-0.009370095080936558
-0.00440612795130402
-0.003652159057017334
-0.0011070547278580975
0.002974620244646819
0.0027152569979530593
0.0035083569657036605
0.0028431605193085935
0.00216990267283605
-0.0006987822133804088
-0.002544389318937374
-0.0050147313521995375
-0.008259870966119014
-0.010534891610486336
-0.011467899263401943
-0.01620259118147181
-0.014767238429931226
-0.011581164573525732
-0.011400665602549428
0.0003687743535625139
0.0025635766321863694
0.005684263415335931
0.0044462590500589025
0.003356814208927987
0.002170799173486605
0.0007242652976377097
-0.0023349653081692367
-0.005946954809055974
-0.010028249813354397
-0.014284170211572297
-0.023222919326722085
-0.02713428912292879
-0.03209639063018675
-0.020076338766572017
-0.005143882874240987
-0.0005877157696079443
0.009875235200489997
0.005894298360692161
0.005921287832514495
0.0034016271031056203
0.002306712080871124
0.0005298708296027329
-0.0031963325046024424
-0.007278457178743286
-0.011025800252983694
-0.018952729633633262
-0.02988491881014888
-0.05145529888460291
-0.051603318718477446
-0.04620689066964473
0.0060357206962561
0.0220104446480965
0.013661520450898424
0.011871818468045813
0.006517833845673414
0.00483226954002355
0.0029299777785464754
0.002942789558569286
-0.0021586602519243995
-0.00707828377597979
-0.014048997097767668
-0.02122372930354719
-0.04807696232993348
-0.07555112922698505
-0.10306673117313807
-0.07143231459087195
0.08369320486686005
0.05324969862018858
0.035856723344993714
0.01720759864439846
0.012410381978188039
0.006642790623012925
0.0036255651432194
0.0007749052435925745
-0.0018632069497092631
-0.006338733734576032
-0.012367025665562064
-0.02794372458847358
-0.047504307724603574
-0.10440350820787363
-0.19756627207437402
-0.3356436612716075
0.16425998390022897
0.08556877215652979
0.035521321530192766
0.024345565433466002
0.012245708445530594
0.009252588079095458
0.004027939454751317
9.336221350210905e-5
-0.001659380840637245
-0.004916785112881067
-0.013521950118966347
-0.019460517146994476
-0.04879048360019409
-0.06658920428121066
-0.18444466463465015
0.32762650461850507
0.08402580021341727
0.05771842537928888
0.036160769064355544
0.019217522991790612
0.013896506387184376
0.00865325305364612
0.006140869703982307
0.0010074629266766785
0.000502895473097611
-0.003823918157542707
-0.007586900738693013
-0.013213830595903992
-0.014531746212444966
-0.0230634236440761
0.0062316375015058455
0.11642809033301908
0.04489238044041379
0.03919016558344149
0.02433965210651189
0.018353448111131536
0.009359368251071929
0.009272638683165729
0.00573688932984896
0.0012643822757243545
0.00012357342942600653
-0.00011309657352402805
-0.0026111797574865656
-0.00212752314666645
-0.005961665679066558
0.005503657906401832
0.014964753495520388
0.06920632869838636
0.030130350327048416
0.020240486244955634
0.018510659341760934
0.013805552382590052
0.009460878985539394
0.006930899094030992
0.005722750264253374
0.001533784828082837
0.0023068199894936297
-0.0007741389702453342
0.00044342508057142324
0.0014116417992419026
0.001916336192361779
0.004576276306386516
0.018490744582192326
0.026918626729839478
0.014825544955366324
0.015286481472554965
0.010973810479029237
0.010205678762188827
0.007311971937048534
0.0038801454713144902
0.0034026765979755964
0.002157824958359202
0.0005506875383974743
-0.0001912023458765395
-6.270662192689783e-5
0.0021760550027016064
0.0015007177017542317
0.0044042032181096135
0.009753990122033823
0.01662722255513009
0.008363108485171147
0.007506965060543211
0.008993003156876369
0.006062380400237676
0.005314330728089478
0.003629869118262615
0.0013795511345685552
0.0022153683468530048
0.0005078016082422543
-0.0005249632731080564
-0.0007438095196115133
0.0008612117351618379
0.0017170976361879694
0.0028384368353022724
0.007161940580025999
0.007787093739795674
0.004158429764778977
0.0040996931778017505
0.006339488491793328
0.005986404218540552
0.004517984903059279
0.003875243325375476
0.0010177374284190896
0.001943494227241728
0.0018580147456041592
0.0005799775389592232
-0.0003299444815276784
5.671314309371674e-5
-0.00023320745745757289
0.0015186837687901412
0.003793593070664681
0.004438806321512014
0.002792039020000144
0.002663062844167239
0.005178759857254144
0.0048658039936070666
0.0029202671884999603
0.0027861331655857765
0.001771053514821303
0.0017254351170869753
0.001388530004368065
0.0009691704015007226
0.0001729343080583208
-0.0012414945723562502
0.0003000783395206522
4.022422760887912e-6
0.0024938830588909578
0.0036399592681464516
0.0012945982848710776
0.003057226060452833
0.003148160088394822
0.004202961932707513
0.0031371621713768456
0.002863182097708106
0.002057118569605133
0.0014210382382139287
5.678410797594167e-5
-0.0014512667404788292
-0.002543536869597722
-0.001826530713268291
-0.0021883032032109485
-0.0012025120833048675
0.0003339624130959296
0.0014683021421754725
0.013516900459639148
0.007031307940606787
0.0009186545984143668
-0.0007973983650935811
-0.002625678183673414
-0.0037944730185604982
-0.0016565715769261214
0.005351147126187664
0.00046996156649601294
0.010376549231824891
0.005029796297809865
0.0032191862110550083
0.018085307441877186
0.012734340553563695
0.010003341306178023
0.011061947859991074
0.012790898808531606
0.004881534770257276
0.004157189759923653
-0.009357060636783989
-0.006875325253319129
-0.01664615895910934
-0.0005258932966141468
-0.019844694953312626
-0.011339724842148001
0.004668913151912247
0.01154777150090085
0.0025693044973071327
0.016381368712072464
0.013283262354305268
0.029734674182073546
0.016844776986599346
-0.0046868408952352395
0.006602992864086398
-0.006797938575464717
-0.0158850623036147
-0.03484496791099557
-0.02162605533037957
-0.027476351466718365
-0.009793977419371446
-0.01688681538271391
0.006947105953937983
0.012268823397075846
0.006124919777849738
0.021621891927802003
0.010259767319800625
0.022039534477820612
0.01066824411549801
0.011262907647494314
-0.0033262812018118124
-0.01719185605067412
-0.07152092279783588
-0.10305366641211974
-0.06859333247702602
-0.03805190834363477
-0.02822308268578107
-0.0048284645988892205
2.1877205998203746e-5
0.008313226283760917
0.008218037771040817
0.012195513997830497
0.014820474983703391
0.010123666548321888
0.011338090330544129
-0.0010812044973190827
0.003521983013520156
-0.07749510561702537
-0.18404181088545254
-0.1226704041290964
-0.12715765768763362
-0.0763521976556716
-0.027186108835668098
-0.019185361984635406
0.0009107570045686027
0.0018756579458283234
0.008353387889191849
0.006322676297248918
0.013219372583941541
0.0021224503193212297
-0.0023881031358547453
-0.02231994283594288
-0.05202480854173937
-0.15390269240117238
-0.29391563655845926
-0.7165554471497263
-0.18277309872447442
-0.0650972831345619
-0.022833106413309337
0.004010109933140421
-0.0005164238137648882
0.009264437190722397
0.008771113575337908
0.0054794266174448426
0.002062769776252461
0.0019798746775973874
-0.0009998832971428368
-0.027563560753121413
-0.09895214016070131
-0.22162294229593288
-0.7545299499298204
3.989125833848045
-0.3334120923676587
-0.056280077922754926
0.052360420365449925
-0.004913640331674381
0.01312411764571426
0.011851286518498204
0.008453752229006403
0.008106143585220264
0.006874454549269713
-0.00555083900048454
-0.008407744658225195
-0.033466876962474336
-0.08506802054233809
-0.09245154794567023
-0.3497377797380782
-0.3006476395728839
-0.0998167179598733
0.11532074733256774
0.005002963972930538
0.026676647427266872
0.0051926729918571
0.013821085317276976
0.013660507820429381
0.013895943217949987
0.005215754361399715
0.0003191415753728516
-0.011739054822069854
-0.021571541193391008
-0.04274586318371454
-0.09098780890096392
-0.054478419858919956
-0.1806892629707532
0.1265317124017634
0.012941623681958857
0.005239218433277088
0.00805657311098715
0.02129470866128736
0.014021764646749063
0.009643584926739035
0.010314156591312048
0.00502580271642652
0.0010981960350342733
-0.008123411166665814
-0.01696697104874984
-0.03216132567828554
-0.04011585702311934
-0.05952910369227459
0.030244626938713333
0.01086921861650373
0.018060900282933556
0.008959698830079804
0.01014507960693603
0.007368590842853674
0.015803109991080266
0.006718781759608866
0.009981600147625919
0.004314071689816752
0.000422273766332732
-0.010591997860717866
-0.0005433842823305779
-0.017195564159956128
-0.022982522277245926
-0.02318290524470643
-0.013575934427792796
0.007644916174733834
0.00825970993359451
0.013431928655983309
0.023795593112284623
0.015744134953690314
0.0020824494462586903
0.015621965707813225
0.0003210571729506113
0.011766030919063067
-0.003773361509806407
-0.007670484362710931
0.011161623265115418
0.004924996210297015
-0.015847911379066326
-0.009090384519290937
-0.001628369731178477
0.006075159741115623
0.010741955104225894
0.011524914584450433
0.01108236939694984
0.005758475284505862
-0.0020227129523375546
0.011564730589778877
0.007389528306294005
0.017399671393704703
0.002558212451691213
-0.000863173614565424
0.004586471160896803
-1.4844109965732757e-5
-0.0043409070582416075
0.0014002366184633574
0.001019979053621484
0.011650033071912936
0.010147268949158725
0.010851751243548211
0.005675870904106296
0.015411759275582505
0.015020028079035175
0.014247575638692462
0.0033959348249734335
0.019596942262939555
0.011521006719417607
0.0024527276190649213
-0.0015663928035537038
0.0016790936432900284
0.0032527949794163733
0.00931852394637849
0.01611441819187534
0.004628431152670801
0.00856724950813981
0.019913290884527566
0.009518259691677158
0.004518056655802351
0.00912249631318421
0.0019848283790376135
0.008670981007436787
0.01410830499826427
0.004256728911243201
0.0037057644016384086
0.007666879946418602
0.0068436697086657365
0.005804663827736069
0.0011146245215468411
0.0027775753154637177
0.006749439082064596
0.0017186103812013263
0.008757662056656257
0.008966434818005992
0.017769872520269618
0.01043821230653595
0.016054108145471993
0.012544820234579984
0.007885404119160437
0.012852279835409566
0.004418693266667794
0.01074319152641125
-0.0055517309460227145
0.005907726093283085
0.003611171632158648
-0.008250265004118209
-0.008495725069506608
0.003202123777557918
0.006845949007900398
0.016662755487152105
0.013507447171674973
0.015325428227956444
0.0060709952556091875
0.014787030478942666
0.021410422317311457
0.01602802858280469
0.016978093415946128
0.009481585238068765
0.004438553654536128
0.005198741795378658
0.003066528528274651
0.007883234190253255
0.01157337504919242
0.040074412634335636
0.039103307036058285
0.03952356056204587
0.03087485036192589
0.02812411646549123
0.023640719501090496
0.020642151129224982
0.015436101607634948
0.013627784571672855
0.010376432704031916
0.0048937732428661306
0.0013187676313665953
-0.0049727902529458955
-0.003675501602840214
-0.020942140301463037
0.017215250847670532
0.046632877183431634
0.07755483007447847
0.051308034897589824
0.042077457412523514
0.03217383530754353
0.027031416531061045
0.02039965027124476
0.016394240826071663
0.011957913424141785
0.009866921512144723
0.0032853378854079437
-0.005777445344601958
-0.012978760600446683
-0.03811290918936733
-0.029680917005573373
-0.14576335466151266
0.1974216650759403
0.10500771703807484
0.08551869676018246
0.047872117008248054
0.03707856533791632
0.026888094538839058
0.021632446762866443
0.01694758277651654
0.011942421534799687
0.006854661360885904
0.00040780333239872257
-0.005593243372345322
-0.0255671086302278
-0.04667803879582025
-0.20256032811335933
-1.148331218261658
-2.5365655212491998
0.25583019070357255
0.07934475871457343
0.058032625243362605
0.03471152323566569
0.02874172532676133
0.02026689534726736
0.016051689061245128
0.011726205732032815
0.007150632264107385
0.0038037959934749
-0.006725824290172443
-0.016285147652240827
-0.050070880793632096
-0.06983131630739277
-0.17988003868704538
0.1724210206802727
0.062319399217070366
0.07042156923478432
0.04361832284488104
0.03539979390145678
0.02464231562450576
0.019238869256227174
0.01565936098820451
0.013286232900625562
0.008133739164211354
0.003579393278139539
-0.0013094724046176865
-0.011995886111188224
-0.020423868280886708
-0.04544786090948332
-0.025043257535294412
0.006595618883453479
0.054924754426038266
0.036966752305720635
0.035265318121526196
0.027984387780725144
0.022894767773383805
0.016930284317875976
0.01630763255420682
0.011942567039534339
0.008261501197960154
0.006281293352973149
-0.0003432103974151838
-0.0019636761470377706
-0.0103403140061555
-0.010619463332281049
-0.01086441856927844
0.013670885323190227
0.023996424087269794
0.029498660310506
0.02420961883116563
0.02382716611771743
0.020218273870605995
0.018065958379204945
0.014470466276325434
0.013911723225339147
0.009080209545855995
0.007605960423770702
0.004366589127633185
0.0007264831828026444
0.0015853133126762361
-0.001707330468919132
0.005832067363895161
0.010036897164031944
0.020739575733811924
0.02086334760813268
0.021231879384384304
0.019154160916742168
0.018268902379551446
0.016461909203597087
0.014070818748678701
0.013587654594018506
0.011217343384024726
0.009971055411995663
0.007307605353922324
0.0072558516826871835
0.004881940598653926
0.0074219945808849655
0.008743286641581008
0.014641173217269314
0.01589702839668075
0.019810409046032304
0.019345350329961254
0.018658089427245794
0.01618147465828376
0.01741776891978652
0.014991418113990341
0.013451735180481329
0.012098376546431814
0.0110828418203673
0.010480629397355199
0.008957456678018696
0.010934678605648663
0.009167068110006423
0.012024064503704943
0.01476095997587453
0.016981526277784785
0.01607855943067975
0.017276530409582897
0.01679561558801487
0.016653366573395348
0.01572028895618452
0.01508561063700047
0.013612625943662268
0.013243075249900068
0.010952040847325713
0.011479431050150375
0.012377160328681058
0.0113874558560265
0.011814433203312276
0.01185177657449526
0.015053401081336211
0.016135409017591522
0.017623635696080747
0.016219789842626772
0.01719679891033198
0.01621184165507483
0.015946587246362342
0.014778075540745587
0.013523859674692431
0.012124475113634488
0.012250340732536617
0.012376906313984378
0.012636642026752989
0.013005485816643242
0.011639235049645098
0.013729587317695484
0.01393791056616734
0.01530062156993323
0.01640350962850154
0.01651761363738665
0.016321834737867576
0.01702764247074508
0.016321611346426436
0.01531835627801693
0.014738641874027795
0.013046514763538438
0.012855063659977123
0.011683956778317338
0.012406664495167107
0.012532057279740856
0.013163532886011272
0.014154725601729897
0.015851323174460866
0.015507130016317835
0.01886501809531193
0.01821217493453473
0.017549685285945235
0.017057281887618705
0.016251940493765698
0.014738750253492678
0.014749719484486529
0.01226584621630962
0.01304821139172173
0.01306045398336575
0.011100944350544812
0.012106065300117876
0.013073632950088647
0.015497548894592048
0.015824639818663798
0.018393865340549664
0.019553367141230314
0.020811574076630906
0.019075091199254463
0.017323577215451906
0.01655651327100623
0.016185295527962468
0.013907558975745131
0.014177614859371893
0.011941004764208604
0.01091538127583714
0.010586467395307131
0.009319687070920615
0.012576366475142577
0.015191927000755633
0.01952523370028346
0.020627242431700978
0.022615477209321198
0.021789876643578412
0.021482986433186
0.01858143231341471
0.01800653716108539
0.015945944015999653
0.015013613752011087
0.012856298064162937
0.009661132163578725
0.010135160551995589
0.008097572605263252
0.009807625738744304
0.010591197358684913
0.01776624006563506
0.021827845886970617
0.029477417665991462
0.026707830667890748
0.02638141429300711
0.022810143728832555
0.021004039292403496
0.018485879381502177
0.016024891224817924
0.014481914346426828
0.013215796712075564
