0.0002275317020727579
0.0110635632515446
6.502455266527866e-5
0.012987932941077036
0.0020111742123821385
-0.0018570451259431974
-0.007461451051254124
-0.008121622919937085
-0.009147985398462281
-0.008386215616368051
-0.009312197793516266
-0.007534925618237988
-0.006589638962775032
-0.001539045454605616
0.0018583922948858754
0.01253074787682451
0.018831726751982185
0.03195155280056348
0.018170142628282992
0.019058671211200407
0.008960375918069361
-0.0022398736938730995
-0.005626855052759302
-0.00955205580307169
-0.009999165742388972
-0.009397773544526556
-0.00887071297621277
-0.009015210228841776
-0.006143094944234299
-0.0031821632786664324
0.007605022258818385
0.018782351758767097
0.05086907158952738
0.058190961393990416
0.05266505115464401
0.037140191904277906
0.004938267043835978
-0.0013739398445720692
-0.00872269090491275
-0.008776813575721173
-0.010907225898655335
-0.00987695888498861
-0.010523018921175473
-0.009668589208020129
-0.008377457696838737
-0.0028363491171101637
0.0036043013043172605
0.03537601986594786
0.06760976964444235
0.21286659334209487
0.06787952898872496
0.0056292796514990405
0.002699214707466729
-0.009041193538322556
-0.010281188518149959
-0.011793649570513688
-0.01152770158371316
-0.011958796608199549
-0.011469134982650907
-0.012005548736679706
-0.00969739706366923
-0.009907317725603557
0.0025520922954686285
0.005070681485503382
0.15473778179149023
1.0336122902831182
0.1605006844452581
-0.02955251672149934
-0.026748521282505818
-0.015284043173825578
-0.015826545605657726
-0.013397272261879927
-0.014044748794070973
-0.01397929064853326
-0.014011444432634476
-0.014458282967199124
-0.016573441566436076
-0.01520435438296246
-0.02839624346788374
-0.02982622306597218
-0.18534806351666094
2.227679824348182
-0.19525664022631609
-0.06248431249828295
-0.02903292157946889
-0.02305858518696555
-0.017037313695040496
-0.017249957360635514
-0.014638791010249237
-0.014884374991565646
-0.01491873093551165
-0.017347071025257673
-0.018057335329690262
-0.023755377737747097
-0.028709455015764343
-0.06108866982132314
-0.0916343299787064
-0.24562198608311459
-0.09351960594487425
-0.04402144089668065
-0.03393533980453614
-0.021641297411817827
-0.018513953065474008
-0.015498817971142087
-0.01556382120192997
-0.015411306631754017
-0.016700003359258562
-0.018304741594283278
-0.01987723637126566
-0.02343022947376958
-0.0327929144123095
-0.04377624832069984
-0.07836123498800343
-0.08453339918289794
-0.0782318708599455
-0.03781875048620359
-0.027511853066172133
-0.022753643540500666
-0.01827728677727254
-0.015790743561730748
-0.015389882353729399
-0.015542228563396078
-0.015929255266382805
-0.018583878832299776
-0.01813833251407827
-0.022784502352080845
-0.02665646143065612
-0.03827405313088423
-0.045250915472136055
-0.057097921661785525
-0.04459954968531372
-0.0277714745357874
-0.024862409125614254
-0.02047708979877718
-0.01748550133626238
-0.016614453960265067
-0.016504711793093586
-0.015313248185997243
-0.01586709470155144
-0.016988056947447493
-0.018445191174530064
-0.019691377606240484
-0.025527129912159906
-0.02797499236678605
-0.03416750286341398
-0.03401448425932541
-0.03454769142756016
-0.02313874008351901
-0.019834850208477164
-0.019140019903397486
-0.016497332144530995
-0.016665859429212893
-0.015004853459587849
-0.01530274112074568
-0.015040381572287764
-0.015211783221225674
-0.016901868014849504
-0.017829370547172416
-0.019889829338849547
-0.022923238255499117
-0.024638855355350518
-0.0272741883277797
-0.024481798839325473
-0.018188433160797563
-0.01685493812676971
-0.016127000944999133
-0.015608716038866023
-0.014063258947126601
-0.013614613821444787
-0.013710006442082886
-0.013504747975472782
-0.014137446509500263
-0.015324334870078631
-0.01600738660241009
-0.018059786377525804
-0.017904683700242438
-0.020635965017306992
-0.019379646776800364
-0.019637271426846067
-0.015019398459845618
-0.013490552606792322
-0.0132358728575608
-0.013639583656296733
-0.012497047069083996
-0.01216956708901161
-0.013034620092154196
-0.012379856280730416
-0.014025771705573403
-0.013394092413486219
-0.013650113102176682
-0.013433429909355536
-0.014970982496075579
-0.014770459677850211
-0.015030411905025947
-0.013556567072101112
-0.011125401392290001
-0.011169143209266458
-0.010835027967356567
-0.011318622991360161
-0.011328397884473606
-0.012011154292447195
-0.011221509734250647
-0.012016599320639938
-0.012490963423780262
-0.012592477141496526
-0.011240978590634613
-0.012037356690765815
-0.011566106902681094
-0.010963243820568661
-0.011153131485250708
-0.011034641875102854
-0.008341090628910018
-0.008032949817184847
-0.008908052945276456
-0.009624855412627082
-0.010887563898112112
-0.010703417052367225
-0.010648831717070241
-0.009569722074457988
-0.010585521416212693
-0.010416764189991467
-0.009481312886982797
-0.008820916383302489
-0.008051667377879516
-0.006265392654103224
-0.006541668783442892
-0.005290767165812451
-0.0020063669633574952
-0.005747204843904645
-0.006506690377246872
-0.008715110505563707
-0.009511614354285543
-0.009666413310967749
-0.00904106106901335
-0.00992231223614266
-0.009751025523857499
-0.008948175222193393
-0.006252790656268114
-0.0041849324496126385
-0.0019609612799963913
-0.002293620938033386
0.0009371445019324949
-0.0012786857402799375
0.002889903077597264
-0.0004752554543979818
-0.005507181150447687
-0.007020879627862596
-0.008456653808672858
-0.009211073698796644
-0.00968932591747955
-0.009287606668233792
-0.008472524493083819
-0.005809869599257801
-0.004098449572373359
0.0008647711554808548
0.0024351426549082678
0.008105263741259963
0.008914645358202512
0.008620728060440947
0.009469528649472378
0.005045113383492668
-2.350436069156617e-6
-0.005855222041402348
-0.01399589886107951
-0.014095958818917152
-0.02086656004617874
-0.030338659326130328
-0.03024312042330396
-0.022436399759023767
-0.011557367804176138
-0.003994102713066202
0.0006875698472223984
0.004727108545130018
0.00871261085271706
0.0070776779598372185
0.00824576887342777
0.012323502564881945
-0.0009099722225391551
-0.0032582972493633514
-0.018418398803168198
-0.009151283685847202
-0.03729549119922199
-0.0421862094829709
-0.04437232610424349
-0.017495310270292403
-0.017805924360359174
-0.004827453552621885
0.0018235491761222028
0.010566972291419376
0.015510528734021293
0.010699966905931342
0.0020114000459340777
0.00019315700928163927
-0.006229614046793541
-0.017572099674894006
-0.010961305431123124
-0.06326931606784394
0.045861940862052836
-0.20995160238274432
-0.053781400652793056
-0.04302527235185242
-0.013137302931920515
-0.01745281887631169
0.0013015628546555903
-0.0039312516430294025
0.00845764910876754
0.007548370080146133
0.004594846641405457
-0.002317902521164628
-0.003031209228362053
-0.016566722034196235
-0.04044131777994379
0.043377735327322045
-0.37757432555829956
-0.381123440790503
-0.20005358422698108
-0.0031892698479020634
-0.03228239866911404
-3.331648856888929e-5
-0.0010498132990082029
0.0026065896288866796
0.004106324554605826
-0.0018821965849341693
0.001876763077434415
-0.005096774300300967
-0.0041997461155549405
-0.025344861323216675
-0.04337322950025075
-0.17186680512285213
-0.42421643233996703
3.6550579428157985
-0.4619859344271759
-0.06623415245822507
-0.0077859993067284534
-0.013815437458491977
-0.0014043181196244097
0.003883941201190459
0.004490100378751053
0.003242178958776401
0.0005442891572264318
0.0011994033134973387
-0.009431486156636252
-0.021227929898455164
-0.043612190580007926
-0.07851807121416449
-0.15892822674546372
-0.4484408980980689
0.03897103719389253
-0.11952422335779377
-0.03254120027680014
-0.003074525856706027
-0.009824113185395956
0.006479385251685965
0.00021538535640297897
0.009620021945871214
-2.5507035094594465e-5
0.0067302276091883466
-0.0017239426899799092
-0.0038782734972535827
-0.018531507814702485
-0.049691906646431444
-0.02420009355086039
-0.02343655744304208
-0.12243960776816795
-0.02408824754140768
-0.01771771438848216
-0.0032652729134750196
0.003810104300782819
0.0017987493016360253
0.004946548570182624
-0.0006831873188780895
-0.006241106911653062
-0.0010562439092997558
-0.003890703925022068
-0.001667803932349706
-0.01030061113007028
-0.013234888307717413
-0.02873631466061979
-0.007613264735832979
-0.033659141451980394
-0.020654767673823734
-0.007284737776960327
-0.0013626955103222952
-0.00023660100943918177
-0.006605030843198752
-0.00089815548768273
-0.0002457670963739721
0.002917290591380581
0.004060760337420367
0.006926276489248873
0.0008608241395963727
0.00664747437003425
0.00101174902128774
0.010051491387748064
-0.00969470951180416
0.0012985473960360214
-0.0068950719491098385
0.008926498194997894
0.003079393405582538
0.005778515081618182
0.0031190363770840944
0.003229117709354092
0.003955984062252261
0.011737906653463154
0.004405164083168002
0.0008418108329297327
0.002240896182743304
0.0014626500084726221
0.0028578156308948542
-0.002113963330083837
0.0016583007478557035
0.005452955708414711
-0.004243007733456674
-0.0007170672141373732
0.00850840415145258
0.0029861118058720736
0.010499024154456181
0.010077682980189379
0.009998339715922896
0.01751078912148201
0.0072274658619581765
0.005121735250360877
0.004153933306187709
0.0032727143407889647
-0.002701373580814969
-0.0016372757471123506
-0.004536796747117849
-0.00043779173211546296
-0.006560767141700941
-0.005278418198208174
-0.0014388075598140483
0.003097261350583229
0.012228652979966614
0.008994229474109468
0.007715816383268471
0.007344343577095737
0.003769331594570862
0.004693602976339192
0.0003346845989132185
-0.0016643176342552896
0.004975686189502056
0.00038321167055132947
-0.0012923379854709867
0.004651341581877981
0.006484663955253981
0.011218002383289764
0.009066241700202454
0.005847145139991892
0.007651859148345033
0.008501103410545557
0.007375518432714315
0.009580316788876525
0.006486380341029517
0.008893905953615734
0.0037649571328332646
0.010393790856624587
0.006008338303187364
0.0059962247421330335
0.0036239066074607008
0.0023546982523172215
0.0032953645705963153
0.001398390168925285
0.006810772004862248
0.005581625131571068
0.009202938095690665
0.007778884602135394
0.007973541655666848
0.0060556112397248995
0.008052284926649604
0.008042625903995007
0.0019915242388551294
-0.0025165624978801112
0.002739627328900103
-0.0012285711480952133
0.007851610383309317
0.0038186067364082126
0.005262415754765973
0.009863606827402366
0.01125276957973498
0.007774729238168883
0.013122476868952479
0.00854774098866174
0.010109352588278567
0.006245991940439528
0.001178650040509812
0.010282940138810953
0.009495287728388332
0.01112189510776207
0.007299254644016832
0.0037532191124456833
0.0017853022789448972
0.005605677836992251
0.0037076319376546027
0.005590346577548603
0.0038277191047027745
0.007337462666375121
0.0056487964888054555
-0.003280013012664973
0.006614084620039352
0.0030729638039713406
0.0036560492413192577
0.004441860864027955
-0.0018294423439809341
-0.0008489518336581598
0.0019551338515682542
-0.016658799133228076
-0.008742112030729539
-0.009621729290875175
-0.005953317983187442
-0.0033032603108196544
0.00433313898399283
0.00895068666513493
0.0074070149642737155
0.0013868032216298723
0.0037226337263449698
-0.012119799692888834
-0.011212449420368446
-0.009808442501965779
-0.009455936228326451
-0.00826229723221961
-0.008602044026129161
-0.008551236939838735
-0.011787042597957698
-0.012741306904911941
-0.0168365435446777
-0.01652681674799119
-0.01830475035222472
-0.01657575422227472
-0.016016148278246586
-0.014129294750078755
-0.013168736489698978
-0.011644142271803997
-0.010829319090950768
-0.010028542659668287
-0.007714701914435352
-0.007707654708989544
-0.0063438972893288025
-0.00846388216713476
-0.0101544569621755
-0.015351288972017938
-0.017569072392724525
-0.01982541879338554
-0.01919911781730348
-0.01840334161905799
-0.016476262620277956
-0.014710906679284102
-0.01323427908591542
-0.011709296217926468
-0.00987392127352397
-0.007501885269904903
-0.0060742516260364745
-0.002352624775771572
-0.003940316941775053
-0.0029062113396154214
-0.010333225345222049
-0.014861604923765894
-0.0232538208032216
-0.02313187676023605
-0.02302981100909049
-0.020410035049731663
-0.019291323659161738
-0.015344535424947917
-0.0138066961522971
-0.012111882335375267
-0.008371062516366984
-0.0059622584602937
-0.0013039824022473175
0.0003781224219136323
0.007418311310398205
0.003259512644928649
0.0018263281278084603
-0.027695623024894662
-0.028876734708934825
-0.03306781785227416
-0.02658483740697231
-0.024995257910425978
-0.020197960508822846
-0.017170287155895258
-0.014263631061791833
-0.010657801114464934
-0.007630659958427192
-0.003313666838600025
0.0017216518082475677
0.011012432310167379
0.01752837977252555
0.03539592294682477
0.00535935252953406
-0.02941320586952756
-0.06208602851223307
-0.042870359650233565
-0.038773917772765565
-0.028223828152431782
-0.02436846041736181
-0.017764922503168794
-0.014599006748992829
-0.011154809335175504
-0.006298193192317107
-0.0018900650344898025
0.008751072850655156
0.017848199713511
0.050826962126830855
0.06769085994728907
0.1546761841376308
-0.18517059325817495
-0.09156935668789754
-0.07733181204376569
-0.044531935743998385
-0.034284035063028656
-0.024847176033598293
-0.02037828572304684
-0.014240239354847412
-0.010292489698808971
-0.006362563970584344
0.0006107336969226626
0.007666979535373582
0.031163646430276436
0.05828978070285831
0.21524957455283633
1.0879898791994018
2.297075868721764
-0.24580658012056872
-0.08427559405654635
-0.05791551859617474
-0.03427416235704549
-0.026940328844312376
-0.019647176610842237
-0.015397455151534475
-0.011179344975732149
-0.0065406970155220175
-0.0014609900886244473
0.008221315354270856
0.01820132895719361
0.052176720423555215
0.06881937635805371
0.16400069615551097
-0.19593404094954894
-0.09461964697747288
-0.07983485470714444
-0.04550728202814805
-0.03519199310438179
-0.024218374989606717
-0.020339023919926962
-0.015134492540214012
-0.011090595557514956
-0.007370312927574304
-0.002742234648968466
0.0015127434259302143
0.011630235502543893
0.01762218456943476
0.03695831743560223
0.004875794794749131
-0.030834345258366994
-0.06347374932776753
-0.04455594653345643
-0.039184810119986514
-0.028408564944051612
-0.024099137130317555
-0.01835690166589053
-0.01447227878996842
-0.011805344938262161
-0.008364896955361176
-0.006318176817111776
-0.0009212893073831432
0.0014463622907741783
0.006660972081215112
0.0029087501302873684
0.0011640515914142571
-0.028543104410288317
-0.030846053462450274
-0.03487607001836108
-0.02744831898243254
-0.02553609983885606
-0.02060612737786557
-0.017219080880858495
-0.013912098930497377
-0.012052318623494453
-0.009829525005570574
-0.007310438556108567
-0.005373336430377553
-0.002981929621044495
-0.0035153792055888614
-0.0026719351553808213
-0.009838365361545707
-0.014877116423024106
-0.023947764905037087
-0.023292535938074812
-0.023437442120521783
-0.02134358775288871
-0.0189100541453836
-0.0161182522690232
-0.014272537917767282
-0.01164635319657704
-0.01063060691724093
-0.009812716172888718
-0.008610810462322203
-0.0074583437554934275
-0.005222220502747086
-0.008285454367433047
-0.009457056626322352
-0.015620916870559992
-0.016973268637362298
-0.020075798127608162
-0.020190017198106296
-0.01853956685425426
-0.01667770880206098
-0.01578289830779461
-0.013135315803408112
-0.01213848988298244
-0.011015436534718398
-0.009558089616277556
-0.008860969314643885
-0.007878454218926927
-0.008836444117133625
-0.009098680425252748
-0.012132667056698023
-0.013275354747594328
-0.016293206511864437
-0.016425154467155634
-0.017747004670188252
-0.01607863568997993
-0.015891523616711006
-0.01430208385159968
-0.013720798470020164
-0.012409802542519908
-0.011169755216167873
-0.01090633195696705
-0.010130833420201595
-0.0095878287080916
-0.009630581290734096
-0.01142618104984232
-0.011504567448861063
-0.01389227813840316
-0.014435144762302309
-0.016058216527882845
-0.015902922565315575
-0.015467021706247003
-0.014821772427147597
-0.014998518331922598
-0.013707630617543915
-0.012422003980696863
-0.011783064510905576
-0.009931052402534652
-0.010035760594169007
-0.009059333856739512
-0.010430896228904191
-0.011459591180727546
-0.01277678737212774
-0.013262118672319703
-0.014612263632698796
-0.015260530178339445
-0.016464428360552
-0.015395537020324989
-0.014768407509009818
-0.01480892208613867
-0.013324854308092928
-0.013135855284393639
-0.010994363937544232
-0.010719378529066957
-0.009805683212232725
-0.00947041457321504
-0.009420230395647924
-0.011036333600727305
-0.011351119429052866
-0.013846896082078168
-0.01487093541661205
-0.016655681210235817
-0.01603166503301902
-0.016057040490511716
-0.014103780336254644
-0.014673741218208922
-0.013941805403187202
