0.0006117135405479034
0.0007300207721559811
-0.0018951755924258569
-0.0021653817281836385
-0.0020568537744642345
-0.0015197955953889302
-0.002180420910159469
-0.0005944375565450416
0.0005256180305501872
0.0016647240014212932
0.0025565604890095484
0.0011187198848795843
0.0018673821257051619
0.0017799219689407404
0.0009738933566591952
-0.0002645491581858901
-0.0013140908637284529
-0.0018019352601810765
-0.0013556174954990512
-0.0030019931536145756
-0.002186945035224666
-0.0019168645361671533
-0.0017248249288336686
-0.000564247159978787
0.0009943735732066933
0.0021215782481561365
0.0032941538191937664
0.002575382465391215
0.0042113518232474705
0.0024306297857317125
0.0029482727215969103
0.0015101911254888118
-0.0007508024828606251
-0.0023532157150014223
-0.0007134401005421625
-0.0025037580358620863
-0.0018386360638569337
-0.0017905244222292083
-0.0008698123023695735
-0.00048631944312356413
0.0015929545811940414
0.004678156912395888
0.0061092513981538905
0.00811464081086232
0.007328933546870755
0.0070729127987324185
0.005143964608669882
0.0018398339648469215
0.000546016366546159
4.48709352233798e-5
-0.0009417722194002353
-0.0010233598780556466
-0.002061984735474865
-0.0013343453830413085
-0.00041539022854237217
-0.001346589375751241
0.0029875860655049023
0.006875545401133918
0.013637477322225148
0.014770021886438662
0.013971653967192427
0.010962911715636263
0.007829847274282858
0.004456845223442708
0.0027158410873555617
0.000242715044918362
0.00024029964992764254
-0.0019085932479766168
-0.0018290447621310633
-0.0015835919623053748
-0.0018436848175162693
-0.00215472589038253
0.0017061993385497159
0.010413259970782343
0.021744215446212852
0.032180471604257334
0.024748318764313278
0.019465384749513006
0.012161995838835581
0.008063766403023998
0.003978793802161058
0.0018113248246800415
0.0010252322680965275
-0.00042378977526469786
-0.0017240100116883404
-0.00370717185729926
-0.005623747448549067
-0.005395835604758574
-0.005512166693599512
0.006601647726750736
0.061453082174905097
0.06356587105094048
0.04731155592793402
0.028443884589507938
0.018604949991782978
0.010440051685252735
0.005978283522889543
0.0026020915856907155
0.000991931784084308
0.0003894720028613986
-0.0013006718410244675
-0.004306605649985596
-0.007471433218966385
-0.0166515188225238
-0.02174248665654936
-0.048995794459153995
0.07946036762881534
0.13205953979417215
0.08065753041439934
0.04614223389269118
0.023608700229079925
0.013906884291077172
0.0081378656123727
0.003362460714394977
0.0004772836655414184
-0.0011057248291551029
-0.0021871741003724786
-0.005264541271041596
-0.010352948128970906
-0.024150743610785574
-0.06437234505380982
-0.4490738586862462
-2.9829279916958686
0.3102772668760677
0.11078375996036782
0.05279348102176264
0.029190322794746277
0.015677281799960318
0.007835924553470135
0.003807425956434534
0.0010028820940749437
-0.0002667838487501879
-0.003665497080121471
-0.005186455595306843
-0.007540267477897518
-0.01806801048086783
-0.036766441870087964
-0.050920212607742675
1.6532101938725872
0.1871816268209223
0.08704103775417703
0.04930926306091606
0.024600806965908557
0.01407024423092057
0.006508003312488826
0.0034832288320800027
0.0012504045506258287
-0.0002962454302754755
-0.00255075301970996
-0.0033805830343437465
-0.004535329423116504
-0.007388971220143969
-0.008980785449279612
-0.006315942796480762
0.07028749809502985
0.07162574075296158
0.05604322658037805
0.03148530400146807
0.021065742320254318
0.011236650078524712
0.005697259853052253
0.0029995239295638704
4.045020176973144e-5
-0.0008921031654641899
-0.002028770510733599
-0.002267300096198404
-0.0028978211699412495
-0.002915605368780202
-0.000952037891108353
0.008153550312550734
0.02608704560611828
0.03727995642639366
0.027235059795480653
0.020323771921387075
0.013637363305583735
0.008717120549090948
0.004313092036514245
0.0027914156229488854
-0.0007728719280580356
-0.0019299058284375742
-0.001508286713122347
-0.002104984428783955
-0.0013234338250051223
-0.0012219983180908386
0.0016165194019194511
0.0049970671224246425
0.013579423037261583
0.016101505768718362
0.015042075018129925
0.011819627328962797
0.00769267284726242
0.005337085205148123
0.0037169840286987027
0.0012002434168363258
-0.001675579025670786
-0.002175171670858771
-0.002170033977325906
-0.002163570286301882
-0.0025431285017859014
-0.0018346487136314867
0.0006669320898896254
0.003103555552449082
0.0060534451267256414
0.008539300541881682
0.008171946296378612
0.007518275478830803
0.004373792421807417
0.0026828861047591916
0.0020087654823763117
-8.620016721768471e-5
-0.001221721004956212
-0.0009948689966323785
-0.0022997685318865944
-0.003160990804970127
-0.0019752369433738886
-0.000866046103355488
0.0001416430544928715
0.002226694620665095
0.003961694283706336
0.00438799463398672
0.004289517215108958
0.003954348201717134
0.003064168234409244
0.0018925962354085215
0.0006604873773833683
-0.0003130745518091492
-0.002180088488106244
-0.0021849468250920425
-0.0025075861896887352
-0.002203564014852627
-0.0008091041241660309
-0.0016358197645186616
1.1623585507478622e-5
0.0017401049539040648
0.001601143591397483
0.0022794559580880886
0.002299715354470909
0.0028747385114547166
0.0020039704174676654
0.0008248831847645732
0.00010808971930723394
-0.0004916319041715067
-0.0022716847371211965
-0.0013167557734832366
-0.001454237701097611
-0.0021868374777802855
-0.001749794624963621
-0.0013539157333858898
-0.0008976240851160569
0.0006516711630452374
0.0008291358595439143
0.0015765658826139266
0.0026214078765657237
0.0018532810167982236
0.0009642402279567107
-0.0005768341132125301
-0.0013153735943482608
-0.001837363381181879
0.005936501142825151
0.004940667480858429
0.006969996475034381
0.0071053668616354836
0.008240279253029987
0.008352454972747987
0.008243489561455474
0.008459274643712064
0.00853214546507955
0.006884589884998558
0.007219553151255688
0.00687842610876463
0.006878252943644791
0.0065218270040743875
0.00636227576421847
0.0053829724928488795
0.0017983857955528762
0.003128211403555781
0.004401657528148062
0.006845375941309572
0.00799736050825127
0.00862549275220637
0.00890619368955679
0.007905689040715312
0.008400025372782595
0.007139988988278242
0.007778031398686301
0.006631571524305766
0.007476063761020033
0.007216538840371716
0.004560512720260403
0.003595203808370526
-0.0037017259590441404
-0.006243934874694625
0.0025033952384099483
0.004570353185008593
0.00856783135904374
0.008358457049084259
0.009262623259236071
0.007700287386135417
0.008244497067766176
0.008405767895489169
0.007005481483654335
0.006186631625787002
0.007003455405969299
0.005975113873953284
0.004610479007766756
-0.0011461624666807154
-0.022528736296655236
-0.014916733379454455
-0.007700336046491568
0.007424545260336864
0.008660533592486131
0.010808293066782763
0.009534838959942627
0.00944239699194612
0.008548439061179646
0.007871345566488556
0.008595665615482893
0.008506248652866326
0.007043439215929944
0.00559879552364831
0.0021467328743220906
-0.004903145961218148
-0.04299539037864673
-0.0946930939473743
-0.005000235302425039
0.007670465268873988
0.015441233376936746
0.01305540693773687
0.012117951658971615
0.01034433289121438
0.009208893085709704
0.00846183559142824
0.009282785485959573
0.009825628699019623
0.009967642244047942
0.007861127429943096
0.0029949925483412966
-0.018470682512722627
-0.08853602518917081
-1.6279072636747938
0.016539004670029545
0.028362974035097747
0.022020944831597476
0.01842554619116024
0.014431044460925453
0.012307532947113382
0.009471725113023601
0.009690862497616214
0.010420925304457892
0.012293426496813418
0.012728639373109042
0.013587180944687176
0.007959905417887858
-0.010816446166214888
0.2817008233822541
-2.6769656005030065
0.3038054305102072
0.0709434307500662
0.03876582418676181
0.021400917130148626
0.015118452867472846
0.012410533660407628
0.011191109711868008
0.011962966597582976
0.012442884308701793
0.012506733766139588
0.015897506668710523
0.020236449534543496
0.03270422586215108
0.06281432136626636
0.14055091307505588
0.28966280555323
0.12606344949635157
0.07026344370851434
0.038331327961122534
0.023886321449541274
0.016262718182954886
0.012367721117486059
0.01097356115638179
0.012141523647393453
0.01247576653939296
0.013397042942774506
0.01695856920858535
0.023669822495550073
0.03749677709906334
0.07481873911064416
0.08183072590178177
0.10035470736847871
0.07738673456888062
0.04888038022007638
0.030960104626690924
0.02103090413137261
0.01652355907771569
0.013393419663879073
0.011563296536354434
0.010913747037099675
0.011483546142764655
0.013600425535853063
0.01649439130536752
0.0211477632548922
0.032446863931984184
0.04975199799053703
0.044514233582492645
0.050203311251911374
0.04388432747947348
0.03270734028367128
0.02421205777479536
0.017807221574454152
0.013791868939046253
0.012626951596042246
0.010843961962297305
0.010982088438293987
0.010814626937594338
0.012426271228823352
0.014126137711502592
0.018653672305970877
0.024876014820053312
0.03413648126474863
0.02854784359855323
0.03013294845813516
0.02797948028114805
0.023662088668222024
0.019107838653605706
0.014573714421512275
0.012376409297489883
0.011849528584366765
0.010134884106064659
0.00998152183722914
0.010904721251592864
0.011048831322666614
0.012553373787362942
0.0149090621458236
0.01892745649274011
0.024310038209726548
0.019346057445588132
0.020804036764633608
0.01853991042817105
0.017137517656791713
0.01467727653307196
0.012150995116228644
0.011153330089263367
0.010056344741380703
0.00996714149639456
0.009833018140096744
0.00872735047940172
0.010584654674893907
0.011100040838878174
0.01257003351744553
0.014920957108413218
0.017610346152290318
0.014814112291260092
0.014414770197335112
0.013462811523605879
0.013071287853020625
0.011762729652749606
0.011085551767202561
0.009715142550255688
0.009319488625721859
0.009366318625284208
0.008396026017339303
0.008063125856490817
0.008988332350045633
0.010022263064174126
0.010342982533281178
0.012535871822648856
0.01337193990233822
0.011223023575793899
0.011044569116759086
0.01037661510178355
0.010491323489799989
0.009223377082358005
0.00946011775049654
0.008607435792123575
0.008004649912568015
0.007754573341391108
0.008328329512332084
0.008219010538672796
0.009045821146864945
0.008702009460467976
0.008373454352366763
0.00958226455258965
0.010825817964609677
0.008494739844625385
0.009632630648362336
0.009902791934102574
0.009215097967182619
0.009427335772806055
0.008992363016686076
0.009105604850651367
0.006895467510759194
0.007427988721414995
0.007820403035831263
0.007268464150436648
0.008387274581641459
0.007817406620781845
0.00773126554497689
0.00805591011314891
0.008568132283129153
0.007474497168046139
0.006858382554008757
0.007461417060777642
0.008145094856939556
0.00897111937016961
0.008450763823626863
0.0085613199353364
0.008218893090790462
0.008083832803846423
0.007341512544927056
0.00650301336294144
0.006645353999677439
0.006504058213210807
0.007149975338967189
0.0071526925843042564
0.0072335253657430645
