0.0004396207131261078
-0.0003690095263094922
-0.005353801522892819
-0.014270828745557072
-0.01855645448631888
-0.023858648416136108
-0.03465269427682773
-0.04059374594829475
-0.05328899007180376
-0.03991754910516511
-0.03282955727683306
-0.023493721326888137
-0.019056427270150274
-0.01486681314362694
-0.013934350421172128
-0.011706882468083159
-0.011394287354166366
-0.010155161103437204
-0.010858159406665105
-0.01115385814506851
-0.01237159633065129
-0.015149679416214723
-0.01847170493114256
-0.030087451581879063
-0.04009572593229687
-0.0732848543693437
-0.07842207973922062
-0.07163653038802295
-0.03810786104470519
-0.02896782829082546
-0.019699996285827713
-0.015643871021281522
-0.01214141749431894
-0.012585960380274855
-0.011557825117378927
-0.010913317748091724
-0.010660189530370717
-0.011336227686521951
-0.01161473462637295
-0.01310084015922176
-0.019086638623775742
-0.026262821213290287
-0.05812983852212106
-0.09000260520540754
-0.2366621284509961
-0.0849187378786913
-0.05646565669950337
-0.02529380119318615
-0.019519894153021345
-0.013747694666290201
-0.012522507091838192
-0.011073377188270258
-0.009572379048748782
-0.009683460346346512
-0.011234333369355757
-0.010916523581465845
-0.012247574090393648
-0.011432938518390487
-0.011849724521870502
-0.02551225557323411
-0.027407797827398037
-0.1939526054471131
2.0421997705355874
-0.1806508028432808
-0.026216144020912747
-0.0236913320679176
-0.011925790106904715
-0.012357130124142277
-0.010428309073128566
-0.010172207663278386
-0.010011950850606322
-0.009022485836259628
-0.009276934928043863
-0.009650218465354481
-0.010082962153786929
-0.0068864711920772325
-0.0059156635880700924
0.004852675014278264
0.00813558062764394
0.16237028038743306
0.8749085376772212
0.15083032589476883
0.007723281870971629
0.004150387527979852
-0.008230066822390575
-0.0070717197006178074
-0.008976954543252678
-0.008654159711579408
-0.009539788379050212
-0.008654227879624471
-0.008943723051637542
-0.008235469841657923
-0.009324443361576722
-0.005396093040461982
0.0006612271781956025
0.007393761311420108
0.038387145155208455
0.07033547733193656
0.20863193221069048
0.06614102219021137
0.03717567393514615
0.0068424880588735595
0.0004296394111717333
-0.005392266583232953
-0.006717919069375541
-0.008162473946078457
-0.008586930934712838
-0.008495943271219754
-0.008279372400621338
-0.007715911618840798
-0.006290817875402089
-0.0027273523368291546
-0.00026653517063890327
0.009707542701087252
0.02020729634702178
0.05145876509900889
0.057857021348592344
0.05057029078940818
0.01991450015597145
0.00976718476174352
-0.0003372278232577199
-0.002511146897420992
-0.006182052834906652
-0.007034290877124695
-0.007707820320790449
-0.008340230573514008
-0.00777785080224482
-0.007061243322782283
-0.006223332351606766
-0.0028989683291632236
0.0006971846164864914
0.003798321393696365
0.014451579601739135
0.020653873425994628
0.03172046421871633
0.019218971669037882
0.013391979699920125
0.004312093280567684
0.000145444130125675
-0.004059784969418007
-0.00545344256943693
-0.00766847984988225
-0.007885171267369567
-0.009383659785780304
-0.00773581764235769
-0.007190268296982368
-0.005454642078049457
-0.0033566193856591725
-0.0016252741913289548
0.0025495651389345736
0.005043766175870687
0.010891398342680964
0.010210122241210727
0.010650284093842728
0.004165495789038674
0.0014748920509566922
-0.0035376264658994747
-0.0048337463037489755
-0.006618957661405946
-0.007176658010426153
-0.007473555423359619
-0.008905177070730543
-0.008031908072412212
-0.006967178567831753
-0.005704626899785029
-0.004950065510214466
-0.003348641370966432
-0.0017316395116183964
0.0007881806443437033
0.0020822302563954214
0.00283419333376506
0.0010754980014747455
0.0007044830154767308
-0.0022789608525472255
-0.004435263528313239
-0.006359948154244769
-0.006543719333988374
-0.00750499606097066
-0.007610888517995279
-0.007050691318751994
-0.008106387361744804
-0.007602919265650467
-0.006297030744729631
-0.005684557927394837
-0.0054349536940967134
-0.003927320892137656
-0.002932336937034326
-0.0014169048322081525
-0.0022641391858808546
-0.0015580005132389985
-0.0032751187607185438
-0.004817884373169563
-0.00680416484573083
-0.007622450449773214
-0.007282798479683582
-0.008152595209310713
-0.008023013539710518
-0.007365685542328375
-0.008061821729349352
-0.0073336932222644825
-0.007187097913577969
-0.006766800423509315
-0.00717280649504684
-0.006658890395768945
-0.0054241550415139615
-0.005961150074529018
-0.00609261189460706
-0.005345837127424552
-0.005580318026600781
-0.006554316081055957
-0.0065516094308555334
-0.007291784153172883
-0.007799576922524672
-0.008729712260840695
-0.008941514045753886
-0.008504863064151828
-0.008460089600382335
-0.008208763987585382
-0.007798599118186296
-0.008429414101153518
-0.00795618098816019
-0.008363447980207868
-0.008825564361434184
-0.008204992192547987
-0.008176970127534242
-0.00804982804422613
-0.008700660500764129
-0.008347166325233876
-0.008639390591757683
-0.008624212933588686
-0.008477183906672908
-0.008991337932602496
-0.009358592313778365
-0.00882823419387513
-0.008162903862921957
-0.008557544842855608
-0.008610998032425578
-0.010388031161343226
-0.009653393872882134
-0.0103803718156114
-0.010169018282187374
-0.01112368846670959
-0.0109034953763419
-0.011210334087449245
-0.010597400901406871
-0.010232162189214446
-0.010199749433593894
-0.010446586263075963
-0.010247756104435029
-0.010088388635955603
-0.009969302011564476
-0.009577111023455912
-0.009330171214620262
-0.009496374779935762
-0.00943580471234793
-0.010259329550879865
-0.011157181981823992
-0.011952668756976972
-0.013281315494794468
-0.013560940431998455
-0.014261331061254805
-0.01319668958992298
-0.012959794774885685
-0.011087337629422041
-0.012082225581200827
-0.011492770183846472
-0.011020399481223684
-0.009557355821266267
-0.0102579237353199
-0.009333646545941168
-0.009867695142249137
-0.00923241449746756
-0.010277995410056136
-0.012132460546125616
-0.012819136082517472
-0.01402106436479787
-0.01538146312224213
-0.017369764862609584
-0.01717041073591277
-0.016452339037760288
-0.015139228305887719
-0.014851216133964503
-0.013249477197735681
-0.012380232890256145
-0.011279360630994413
-0.010676806263802699
-0.010554267497864518
-0.010209484721776416
-0.011419879786179896
-0.00937399111866877
-0.011086272247372176
-0.013316578468216959
-0.015054182044641063
-0.016999468764379095
-0.020102225690917092
-0.021280567545818037
-0.023117821503299822
-0.02046340080320723
-0.019355032179762165
-0.016286414526116802
-0.015047424134883821
-0.013058807422917006
-0.012406723744715355
-0.011077894898425764
-0.011398771692774697
-0.009983750346266336
-0.010621539839606531
-0.01018355894219357
-0.012563620485468914
-0.014097327820047292
-0.017004291672463624
-0.021405320580898977
-0.024083808184188885
-0.030373209362925827
-0.030628996427688165
-0.030266506183735137
-0.02381171115175168
-0.020355508592446194
-0.016735629957995882
-0.014370734613303937
-0.013268084180147105
-0.012409071357797829
-0.011349032361879726
-0.010206253494590211
-0.011588512091654955
-0.011355094371055195
-0.012395765709129532
0.00804003245721472
0.010043389948908379
0.01067047374637813
0.01056384920624743
0.012167762916946885
0.01373880267765499
0.014547437126421798
0.014705466652597948
0.015533953880443622
0.01584802112313484
0.014019308771261705
0.012515355506073352
0.00722996802584815
0.006295665415463796
0.0041176854772661305
0.0051125136903875925
0.005774797317965984
0.0067942298046126315
0.009540319549057171
0.010004807424759616
0.010330384375679692
0.011856458641953872
0.011831938047328572
0.012505679620876788
0.012927889445058483
0.012679177433157822
0.013361999907522099
0.013346458250371526
0.013208978969378818
0.01124411026868768
0.009386278876094759
0.006979871101048909
0.007804461350423049
0.006599967956257776
0.007734746662827479
0.00834784717926018
0.009481137123439485
0.009725005961044583
0.00987278098541648
0.010853804550174056
0.012084701572308702
0.012483298456807792
0.011689272516684699
0.012794271915022226
0.012562950510741196
0.012174513677011958
0.011596993246573012
0.010799376630938828
0.009257954762330184
0.008208257405443035
0.007984217442223957
0.008076407231359134
0.008262185005247856
0.009099568075576832
0.010600314389874688
0.01036089292920572
0.01032484038154908
0.011138262064894155
0.011307776626538243
0.011406502699770584
0.012229828219435248
0.013529420431260368
0.012550407853442278
0.011833885710311496
0.011328651506392104
0.010566282087858805
0.010371283969565
0.009206746178183553
0.009730665896370304
0.008700934496069982
0.009754331466224644
0.00935826477192738
0.009844270005166494
0.01044361966919735
0.010239840328695207
0.010400287098645837
0.011252204081200382
0.010885595858726907
0.010934515928199884
0.012584262406611259
0.011871571889306353
0.012256704548120414
0.010888022370930162
0.011339259290622393
0.01036872907152593
0.009084132381992996
0.009333803762985975
0.009104611226254406
0.009116306217639022
0.009854437911469668
0.009667171892345755
0.009736030955674164
0.010885289242567365
0.010854843936317552
0.01166760153416555
0.011564066032352641
0.012059570763431945
0.012643425827103719
0.012415778123233205
0.01174660421780446
0.011774724281164385
0.011171676298086977
0.010648273729526155
0.009275846964115628
0.008632807356573954
0.008943475660001036
0.00946297181660372
0.009386437884555184
0.008412552512756546
0.010105667613345255
0.01064317587620715
0.010928549974079993
0.012320430072228987
0.012693612630510548
0.013374251923854039
0.013946009438874068
0.012929652555015653
0.013263564696483742
0.01224933890192161
0.01067404763556203
0.009972037849196551
0.009285387882250673
0.008340284259413529
0.008189101417425324
0.008288307082315271
0.009404365340678114
0.008848165254416755
0.009709420534376175
0.010545004804622275
0.011816608096783122
0.013092060336245003
0.012802535546839584
0.013610442712186895
0.013975824773062242
0.014279525822977377
0.013430178568194825
0.013782258650869296
0.010810401562647672
0.010591845994582441
0.007930146194413377
0.008241953863068238
0.006686901789708288
0.007569309247186461
0.008317663237828137
0.00804688297916747
0.008428064279565628
0.010182617573215065
0.01194793853637934
0.012330116631586882
0.013893556262524951
0.014358742376787822
0.016145891359187946
0.016994918489811293
0.017274367552086375
0.014393297006369302
0.014042786411880417
0.00822929848554595
0.007103236279589353
0.005231939905702216
0.005235820269551947
0.006242904257446495
0.007101014784685705
0.007745497294876218
0.008327045610422619
0.0099857384745066
0.012445403678241406
0.013119494259638377
0.014307414884391073
0.01546665978132171
0.018287322384728397
0.02110698703006445
0.02076921192152137
0.021575135981239155
0.013530313184548632
0.00822006291662775
0.0005602027344142947
0.0007362447313104302
0.0017221936082350265
0.0038336692649336944
0.004873802851535905
0.0048825114206198506
0.007573471124464661
0.009475355165421733
0.012235016939804529
0.013511249925478261
0.015521203036519288
0.018222534732225047
0.02205157893837129
0.024565307076363535
0.030992577492212982
0.02695373946949713
0.025842213282691134
-0.00425065994269989
-0.005579715920812759
-0.009543317957199525
-0.002469805586069754
-0.00011278858354559987
0.00295924764635496
0.004677734196230213
0.0076158479289039505
0.009470965853394093
0.011661390404390137
0.014292475568971338
0.015391675975987926
0.020410621841851342
0.025849902346805127
0.035794534791594744
0.042231241253708855
0.060259047998540406
0.02901273007925958
-0.008784878366311064
-0.03875004444035123
-0.019537816459099994
-0.012804456331570159
-0.0034464731078965795
0.0007213298546341891
0.0033316347504473137
0.007087829290263209
0.00922174623508555
0.012356443423639934
0.014355886153983935
0.01771961932011035
0.022124262980479398
0.0317273280054792
0.04204724773241252
0.07744637347490073
0.0919574266149158
0.19972806311589406
-0.16757497007456837
-0.06984180462219797
-0.05324217974619709
-0.01945601774609635
-0.00996903661920004
-0.0006114668871620004
0.0034824005005602635
0.006679912861817135
0.009116391333770534
0.012031834281165017
0.014644496957636885
0.017659088242064018
0.023738847466859156
0.03162788211083754
0.05476119743870385
0.0810223652741045
0.2439019232089113
-2.314811412716524
-1.0919355966101445
-0.21282349243048498
-0.05890447896349832
-0.03238037971704627
-0.008748585641013938
-0.0023931608875262483
0.002914002205836672
0.006936240695038516
0.008568370505954366
0.011958024882957339
0.014223378164844093
0.018196945757695
0.022020267053453293
0.03176825325676811
0.041816460768886565
0.07325754854620967
0.08568539928508807
0.1814613244944514
-0.15303035326555858
-0.06608962573744527
-0.05071637300108669
-0.019324825788174408
-0.010552232274196724
-0.0005918793267599386
0.004823445477890818
0.007963624077008803
0.009822169503744668
0.012188216337437887
0.013931218982367832
0.01635780445858699
0.020906830545059724
0.024319513981869288
0.035528864473600874
0.03901885105468731
0.05779453360741978
0.02773011577661869
-0.008287804356531302
-0.035667898249628634
-0.018083460769880186
-0.01316014598086655
-0.003673642244961214
-0.00013562658057936076
0.005421062671636457
0.008099502412293298
0.009854429044079297
0.01239358103559007
0.013740481575051998
0.015400248983918766
0.01832707235338027
0.02113657579846186
0.02356969293283282
0.02912660464800581
0.026522181787159402
0.02494476281285827
-0.004155782342758734
-0.004996416780324504
-0.008419428809954683
-0.0029164933366647326
-0.00020828580097253133
0.0040701287117523195
0.007080200416605997
0.008710479133111704
0.010186730979415894
0.011562134184536084
0.013457925919237931
0.014473412663511834
0.015463926175810156
0.016605021921116337
0.02021183439686271
0.019198142161039548
0.020588119602280967
0.012709354174959766
0.007979038028247813
-0.00014546474510010468
0.0011465547239730993
0.0013142738444937593
0.0037326303646994263
0.004953842503330458
0.025224675679381896
0.007553194720107206
0.0033253147634617285
0.002202455805726238
0.004695576144275104
0.002452577211997005
-0.003692971934462345
-0.008111583427115106
-0.001432416678757978
0.0020807138113722416
0.004158157098563412
0.012861257959557943
0.035888749342594395
0.15100784939175146
0.013380705764632107
0.33418311499367437
0.10913885810390153
0.05950304758235803
0.016101015929922958
0.01558512808915417
0.0029752858411876385
0.0021852659498717807
0.0069840061631657804
0.0026807489175098755
-0.00238260739483033
-0.008004608011998253
-0.009588896133705749
0.002380413569385583
0.007500836572914103
0.02571418447267005
0.03572927230679119
0.09140821073527894
0.5290252016384501
-3.432284073244627
0.3592818723763403
0.14415825431528595
0.03572350877797235
0.00929637237378948
0.011602120239479197
-0.000775544304262138
-0.00037834190738937363
0.0007232559574103772
-0.0009942574898327105
-0.007635922386306304
-0.0065720715757998215
-0.001749428387874217
0.011741296684655284
0.01653186977046279
0.051324494979674534
0.024237262534907898
0.255111090510848
0.33089475671430063
0.3130623601249856
-0.07735829574792573
0.010591595826421885
0.01984778856035605
0.008423152398206735
0.0056205339386691585
-0.004042402705295561
0.006457909530151025
-0.0014149560456625885
-0.006491295829714174
-0.011795820674455811
0.0020982282314007854
0.008485257369119622
0.020104914526439557
0.02183238438338295
0.05488783924448987
0.06981890745669439
0.19627994844798274
-0.016084637094790147
0.04283817654430465
0.009629422631658929
0.007508787485463042
0.012652184654903597
0.008490759301646562
-0.00494814337640716
0.000868711763223158
-0.0042763109578907365
-0.0068174278174277965
-0.013531776924721045
-0.0018205384329364718
0.004115798030207627
0.008729288854581773
0.027359478267278366
0.027492657139756873
0.04415977625185262
0.046269165910847045
0.041906236639965705
0.014268453707781866
0.0075580325070507305
0.0042193285947491315
0.0005727374339219234
0.006129857483316341
-0.0044831283207244325
-0.009283891830149698
-0.010117439779609978
-0.0088032134225838
-0.013422602007043328
-0.0026442453498585075
0.005698706192876556
0.005334195997888863
0.011362675454885153
0.009896264895803381
0.020991054278797376
0.02350352122135404
0.022365725833805344
0.027592469324093604
0.010115013737939646
-0.0030387920950736393
0.003957338591979584
4.748149703795012e-5
-4.790515038532181e-5
-0.007300553982942097
-0.001829101365564746
-0.006147980697567914
-0.010497718410857112
-0.003654016185502918
0.0036391579147741896
0.006442077150683385
0.005806838059115291
0.005746909589676095
0.007390625808956644
0.012884983883983587
0.010229417300066053
0.006838237192967163
0.0050341857405606675
-0.008738789964514297
-0.003336412041538261
0.002953057387887211
-0.0066388831946816405
-0.006922782221534489
-0.011437796127687375
-0.00760807153242343
-0.005306219321928791
-0.008355237482512474
-0.0027815789968624652
-0.00018661535937183004
0.006176431141962151
-0.0016230386398980391
0.0007415021781091861
0.008861586124594997
0.0025996712690243918
-0.0005082440787606342
-0.0035795761716525066
-0.0011992009648878576
-0.0068806797681311115
-0.0027729789142512916
-0.0001841867976597653
0.0015462478728986658
-0.011740768845262432
-0.012927799238916566
-0.0072522966149915595
-0.00686148493139379
-0.008059675640281417
-0.008476096226479156
0.009244542892085431
0.0012054814387586262
-0.00034635699910328435
0.004973945608143926
0.005043076175089847
-0.004343924765998292
-0.003975433898083219
-0.0007465252492194875
-0.0062103304578682425
-0.0037460765025133327
-0.007008801169212037
-0.007370159010018968
0.0018592409677640105
-0.0014808187755857754
-0.005264641695547187
-0.006228506274485312
-0.010697437667120429
-0.003864724655281977
-0.009745852769973019
-0.003110854815736641
0.00012909239432831168
0.0013883815026802969
-0.0006386342933754694
-0.003366479326038694
-0.003334845256583805
-0.0035311863732851584
0.0003157447667875104
-0.005180555361862401
-0.002870357583008476
-0.0016973279816716092
-0.005806846415690595
-0.010132087842087793
-0.008786960730962565
-0.005454564472361497
-0.009806910856842465
-0.006000227365911729
-0.0048993952797859305
-9.594509426012559e-5
0.003686046887498785
-0.00396924060356934
-0.010287386526664128
-0.008305958752951755
0.0020564372095611574
-0.006592236141154756
-0.00012148371086885093
-0.004961712990246149
-0.006686075260910541
-0.010932314938725443
-0.014474764135057971
-0.005377755400775964
-0.006139875329537534
-0.006822275617777779
-0.004974322623505519
-0.007548297583723952
-0.004887273898137185
-0.00249042740621639
-0.0063445531236753
-0.008202090860368768
-0.007447287976723406
-0.002868134130028536
-0.013191017710106645
0.0006171930892075951
0.00039856696844205934
-0.004564288814645723
-0.0026073137784472142
0.0007366205022980804
0.0012962910537679942
-0.013188447136754232
-0.011320400889167267
-0.008301306564493679
-0.003218818190216269
-0.007997888484511361
-0.00200167077032814
-0.0005580314626708925
-0.007415059574265536
-0.00860379832505571
-0.0016980355938034295
-0.005327336818687377
-0.009015994526810728
-0.0026965875327389106
-0.003646246683324561
-0.000254029824131626
-0.005106996864922415
-0.004712713651513896
0.0009381864272006651
-0.006085584163495647
-0.004357316166150663
-0.01234773212036993
-0.005704864928762666
0.0036130402916732646
-0.008485896719288987
0.0023478051691107373
-0.003059981501368712
-0.005795051677290839
-6.07877464338844e-5
0.00317831333200447
-0.00011527071546032586
-0.0064801526897602215
-0.006913277922094877
-0.0038517576275229164
0.0019540307072394196
-0.0035379042700008413
-0.009278172422204542
-0.0040535738843574766
-0.008278380305880042
-0.008778006406690006
-0.008943669137768118
-0.000574140830205649
-0.0070100036131081865
-0.0026964790082823807
0.003959922677808886
-0.004383340830883792
0.007275622217610961
0.0007607781800009666
-0.0012111195980656477
0.0018365027456365395
-0.005074438874644461
-0.0017451797320428182
0.003989955051398107
-0.00038171834385260825
-0.0003964782129456889
-0.0014080882710438966
-0.0037195717507270977
-0.00999765995286104
-0.001628529394338774
0.00034152749278615986
0.00022131890783931097
-0.005187845729223935
-0.002619139124235423
0.014058790142599446
0.0010735357193591717
0.015059923171514207
0.0024530427680147376
0.0012951827704325263
0.0011281273415302312
-0.0006323248380905753
0.008810242001285534
-0.0015189419485123895
-0.0038032917281108757
-0.00908821629033206
0.00026463417576015884
-0.01105707900335474
-0.007339002066817702
0.0019820398698164095
0.01737368498351879
0.01588970866504456
0.028644426534570513
0.002221341137926836
0.028842909467155585
0.007424740635805206
0.012303549012031033
0.004252304283179264
-0.002078026822787073
0.0004257485710513205
0.00700441473552421
-0.0009323528026585814
-0.00622696300279175
-0.013551946959175094
-0.0006728757113657284
-0.001650495375851418
-0.0013961673542377939
0.0040426612249477795
0.020110648319978452
0.04271312189234715
0.09033414600899141
0.030198377006627954
0.013276079262535347
0.04010626971929117
