0.000384504193542271
-0.001003940409357118
0.00014966653305519754
4.371729774089748e-5
0.001098396330821988
0.0005645069084097737
8.46172220014266e-5
-0.008673208467309483
-0.08786876617053152
-0.19725090189307226
0.7338370964372833
-0.37748086333767333
-0.006349586612720989
0.010887042273401145
0.005181638528970686
0.0029065995665253524
0.002682596541648028
0.0003624121234693821
-0.0013356907798799567
-0.0027656946655963063
-0.004002372555516616
-0.006556879439542642
-0.007618779937879922
-0.01261429821864966
-0.020979282630085652
-0.038593458901320724
-0.034100928735154024
-0.020638186395372717
0.31930925033823493
0.23243197580925762
0.07483361368590108
0.03415826001345017
0.013540426403884247
0.007767446471769064
0.003987058822127528
0.0015044682090018355
-0.0011628949439693138
-0.0020144307459408436
-0.003338393918036667
-0.00468891070030001
-0.007110817235962082
-0.010161212913356005
-0.014261333235660263
-0.020380510868220427
0.000515264481863761
0.01784311849053646
0.12038173782182557
0.10748421111595635
0.06191696002489929
0.02920736380548605
0.015627084321169216
0.007784412014302772
0.00424752582654927
0.00161412626883623
-0.00048378506321275163
-0.0021655269133449167
-0.002532631475120697
-0.0038474811695894794
-0.0055994502759238295
-0.006620242443232675
-0.008132611770561701
-0.008843394329076732
0.005063342082207068
0.02299687413711517
0.0460039454978004
0.05166938139204397
0.03385632659859933
0.021468940656023783
0.012330924740411793
0.007626427915670199
0.004078664839158101
0.002339159406050972
0.0006545384204152359
-0.001982754153191785
-0.0019862395636957115
-0.002583192463578499
-0.004049457158372076
-0.0038609046953790053
-0.003902354674349548
-0.000662588138635037
0.006348589951694398
0.013008969648908684
0.024581955757213454
0.023817434594872896
0.020763379637061343
0.014136161478818939
0.008918719550575415
0.004087893530249864
0.0026649687027396596
0.0014910701515384425
0.0009789906226703377
-0.0017398904061491243
-0.0021364812942895784
-0.003502772915768475
-0.0030522566297781595
-0.003373600437889106
-0.00149906633564372
0.0005399709639021678
0.0037487827253807294
0.008669239086599384
0.01215469534070756
0.013390538371310674
0.011594055938005377
0.00967796274348128
0.005201290943194169
0.0031545380059863235
0.0021909327687220383
0.0017960003702332504
0.00044922876096479484
-0.0001310815933418867
-0.0011323157094005607
-0.002503853955583049
-0.002146261792300279
-0.0015951247315516216
-0.0003019544656257896
0.0012847994460114603
0.0016307766051209826
0.004255412950816086
0.007961525678893815
0.006436400119132879
0.007216546898625385
0.005556439991944467
0.002891646158261608
0.001994323448112652
0.0015292955620192028
0.0017524239710604483
-0.0003626547513675295
-0.000844371849948141
-0.0017796904796092323
-0.0015235796816522296
-0.0013190318796183057
-0.0002488312364654637
-5.424679226494672e-5
-0.00020305107852347068
0.000844129675328819
0.002612373902492497
0.0030855840424529805
0.002865193798520109
0.002930415745544355
0.0024473515166380726
0.0019090184030061232
0.0016494078319826333
-4.3530878850233e-5
0.00018806778803912813
-0.0003153211687971918
-0.002115887595592161
-0.002645593394947979
-0.0013991566974844937
-0.0014660534819002833
-0.0004467395298624955
-0.001679169705720154
-0.00022451668192189747
-0.0004308921135601302
-0.00011200047058539976
0.0013838880960609585
0.0014077363769111038
0.0016465882659545002
-0.00019981373962316867
0.0003050310581979093
-0.00044744132663791846
-0.00017767222500593755
-0.0001678284915340712
-0.0016226449353100667
-0.0010949594860242462
-0.0025993064500611333
-0.0016055526273173353
-0.0015158957651793116
-0.0011441882069074723
-0.001448230720565983
-0.00024186758017805232
-0.0010315331151796426
-0.0007865637495459389
-0.00013802101589145463
-0.001532345661859326
-0.0016737782509865886
-0.0009392645410427666
-0.0012476899280705902
-0.000615195848185091
-0.0020311050195380817
-0.0009719273438680577
-0.0018494894979340943
-0.0012961518978646018
-0.002559034082042125
-0.0016903495527601075
-0.002519929584094568
-0.0016839195226739255
-0.0023073300491349377
-0.0013640229330557248
-0.0033816498688062488
-0.003173064010634853
-0.0032232994810264598
-0.002599932443504184
-0.001980303383745035
-0.0014365796756178396
-0.0006981821823042957
-0.0018165308864028856
-0.002074362300230677
-0.0017012505302087676
-0.0025345797903192544
-0.0016994052408104254
-0.0025496285335175756
-0.002699977227985986
-0.003573721997515569
-0.0029727911070973607
-0.003362961846029186
-0.003630036141186165
-0.004975031785372949
-0.004839959789959383
-0.006285375805377374
-0.003986909838036976
-0.0032379559830922346
-0.003777147289179125
-0.0019107318441630619
-0.0025435876377581544
-0.0023583673234821023
-0.0026177061428373834
-0.0023309005745818815
-0.002696661531311194
-0.003581673254697057
-0.004213629005430959
-0.00451520622636605
-0.0051089366697498854
-0.005661814360549454
-0.0050491871353979005
-0.006518559546651047
-0.006830058331072087
-0.007782164435975032
-0.006008538321096351
-0.004876404035432581
-0.0040526014211772115
-0.0035781726282480665
-0.0037612608998242995
-0.0028490295983627746
-0.0035117173382137887
-0.002560454137715581
-0.003200199350679892
-0.003879494082048281
-0.005376432940309489
-0.005347843083579626
-0.005963182725875878
-0.007123031452853777
-0.006908593259079108
-0.010661517472875946
-0.010525002926399225
-0.01071607975795856
-0.008294202747111706
-0.007233396689553035
-0.005030753438113621
-0.004206005573843862
-0.004342213560196755
-0.0036262163370999185
-0.0036233606472078094
-0.0030901900414043275
-0.0031665930493628425
-0.0039619324422703545
-0.0046900090731128155
-0.005825102690787911
-0.006223792725921798
-0.008839305801282506
-0.01002037672236329
-0.0160173066108952
-0.01621434726955837
-0.015227994062296147
-0.012238861367206519
-0.00939284103796751
-0.00671116262256409
-0.00427562852116578
-0.004044359736405678
-0.0036427159387254766
-0.0035487198092506336
-0.003209721692129368
-0.004217854486240674
-0.005137044280536215
-0.0048106811186602455
-0.0070669617585447965
-0.009622813314879986
-0.0117565315867191
-0.014676871107013196
-0.025458603603381827
-0.02615131336991842
-0.023117986260974402
-0.014918022053117793
-0.00988858765977992
-0.0053915107065136145
-0.004779228288821123
-0.0035163142884665813
-0.0026779854571562676
-0.0023924459059919433
-0.0033377480954060366
-0.004703326837691988
-0.005152355184236399
-0.005490167434723536
-0.007811717591926453
-0.011316136092749871
-0.015319231339202825
-0.020140361944076177
-0.04172942449451352
-0.053011048261933515
-0.028993864655783682
-0.02274397137464659
-0.011352481365905758
-0.005323279653229798
-0.0019862355884742383
-0.002437423978147681
-0.0016287616500723727
-0.0015629354779021097
-0.0027502330970107713
-0.004218854251036483
-0.005638837972717547
-0.005794431352111027
-0.008735770332886828
-0.011801499627929372
-0.018186804763777417
-0.028305304476093897
-0.06316952115151118
-0.0953936618181815
-0.052871239825903756
-0.028402046205329712
-0.014189743464151902
-0.0008878271567010557
0.00032955923266552475
0.0006799606477383426
6.169387203542519e-5
-0.0009336709240007652
-0.0023760396860590736
-0.004008149212000328
-0.003760225330650898
-0.006029888288254408
-0.00938271338027582
-0.01335917771301894
-0.022756937659781932
-0.03786203487751995
0.0012124383606518434
0.0014652396080889686
-0.0026618275974006817
-0.00109552186073791
-0.0035647962594689236
0.0024782195072607263
0.002146599391330622
0.004711595034135255
0.003663482442178601
0.0047964184257920815
0.004010120527130648
0.005235515618979409
0.00451152291037556
0.004650436671502782
0.004087718353406665
0.005429142741719734
0.004280768203536388
0.004132514777860574
0.003546642164871704
0.002764248049228573
0.0028834338139936623
-0.000259118380403995
0.0025081852035475083
0.0009327580208075798
0.003578993426630836
0.0031245606880098194
0.0041757523559514086
0.0036255575100268304
0.003922118217606014
0.0042712430995743055
0.004118189736585881
0.005787385804621005
0.005127670831070811
0.004496310316874471
0.004208130424181163
0.003540431578721378
0.0045387252629749495
0.004482165168598491
0.003259701240774367
0.00317317295698667
0.0030286237536150135
0.0035908108346369622
0.003634682471089352
0.004619978272838308
0.004029487363317876
0.004999855060145077
0.004615876486394514
0.0048839279970307676
0.004521494932193547
0.005721927525501705
0.005563774328255117
0.005255085476268223
0.004385482964727834
0.004728168283128608
0.004989320382834136
0.004666515543383074
0.005431242562270885
0.0032184252195646993
0.004019752952913282
0.004099231770335146
0.005750495997521671
0.00574582398934793
0.005609205936471239
0.005435591474927937
0.003928900013417528
0.00509318008991533
0.004209765196722334
0.005108204371414162
0.0049513266901955195
0.004464507369629188
0.006014236198385756
0.006422513128923993
0.004046764144882359
0.006258338639004153
0.004811343315116409
0.004399015735760979
0.00438099126957963
0.0054243043281993275
0.005277249590938989
0.005777587884880891
0.004925771281295323
0.0063936552246162915
0.004684185684751676
0.005366845856968655
0.004611145549505585
0.005340851768715737
0.00480627732629082
0.005847614776623666
0.005611686753306215
0.006174694315182405
0.006615606821387128
0.006712745201431251
0.006426446936279389
0.006479466988974102
0.006241412427859281
0.004661926224078131
0.005022092630043826
0.005153291850806526
0.004816457158110673
0.004842790468692259
0.005858058711252315
0.005115332040611869
0.005303961779835342
0.005726180335543205
0.0060246680841243416
0.0061668951114752174
0.006079714927541761
0.0068131546592878215
0.0069573575395923005
0.007765666746671994
0.006525528795713791
0.008847624998123301
0.006468300670941406
0.006554869854457264
0.005788651866680097
0.005240521486738096
0.005790095298740251
0.006593035200595995
0.005696312491993796
0.005948532250624823
0.005932260502326533
0.006452625190305993
0.007376367827726839
0.006426557454252092
0.007275496409413269
0.007554478966154358
0.008977178194179291
0.00809965538127776
0.009906173014698769
0.009248583598955406
0.007957191373032631
0.006245742603652214
0.005801690484174991
0.004708951105328964
0.0067148896200148935
0.004897813624470981
0.006279153466202493
0.00544991722664085
0.006673453629402351
0.006133861712199192
0.00662765663404554
0.006404911784301272
0.006957787103390623
0.007548921678231941
0.009273552046167968
0.01318019238172858
0.012108821130057693
0.014281937972603532
0.007885664115818924
0.007661123946336339
0.003981064808691973
0.005070969639803438
0.00506221329170887
0.0057431491625272455
0.006217351645873009
0.006237167188762053
0.006694249318645221
0.006853152966623015
0.007998431177352749
0.008671272133114687
0.007795241563333712
0.00996184397924202
0.015214493656887908
0.015683377805868377
0.019715107693903958
0.014942452061463884
0.011342503250641726
0.003879579024923387
0.005713178171410044
0.0025831725575686222
0.005087633476075694
0.004688126233549575
0.006336396055889971
0.005596478711403243
0.006657373260853505
0.006613765756660759
0.008420664623565392
0.008572887862809983
0.010813832231516845
0.011100715462801147
0.015750458790451043
0.024644775815681506
0.0216295431153176
0.03253719857018262
0.003780813169146145
0.005868471893582918
-0.0014360676392710676
0.003408164011882383
0.0036698859564742933
0.005044563428366849
0.004971175473821708
0.005790480942614648
0.005515492256517963
0.007522471897572026
0.008196150072014755
0.010122166911057686
0.010279825986858315
0.013479856099967116
0.023006059630424864
0.02753209660229308
0.05498316325958319
0.030237289734920948
0.007736418335171599
-0.014853993972851726
-0.0019816793170292575
-0.0031393536663230598
0.0031934531033874724
0.0030524847709340274
0.004693123000646214
0.004786017203767155
0.0059696034482987275
0.005546847166678549
0.007783296418401895
0.009622431848950064
0.012491371054159895
0.013981647042279747
0.02161099767991972
0.0474108125813158
0.06237288318350283
0.14555404996716875
-0.06798784643888006
-0.013300856124260574
-0.01905050635191661
-0.0027414429211101168
-0.0004137323182571118
0.0036028949969816207
0.0030120338363544817
0.004824584666251222
0.005570807280590698
0.006201886265663969
0.006452692310221707
0.010615600592091346
0.010902479474524352
0.018201873040852072
0.028928725309897565
0.03501712137995158
0.14013113680446548
-0.7169064518445833
-0.4878177740218768
-0.08233052579727276
-0.011901327751645258
-0.009116470747669457
0.0016032240607228398
0.0014891764686069046
0.003551602729114116
0.004514173894277428
0.005172569282366971
0.005163394009965951
0.006531008707031464
0.007985040396722367
0.012235268854859593
0.012806858689282778
0.005232927758808312
0.014483716133398421
-0.08478362358962982
-0.3988353998347563
-0.07181613010205015
-0.004285294313786195
-0.020139733091555624
0.00022803506429152102
-0.0003718281731118089
0.00288367255478892
0.0025860053796448144
0.005014533983557484
0.004904065280590308
0.005817652093697029
0.006555536320618748
0.008382555872092879
0.007000638228248949
0.010655963059449968
0.005651912382301082
-0.016813334806936833
-0.022222511861293596
-0.13851150631224143
-0.015408268621467991
-0.029277052688425953
-0.00107110692746613
-0.0034775241294598812
0.0028683461328209625
0.002501680513618504
0.003626755048428083
0.0035138996584625766
0.005852536960489922
0.0047127698200116405
0.005888520908715362
0.006802245241469145
0.006225561250004419
0.0031160705495295684
-0.0019196524570627672
-0.0035342503347867604
-0.024936957315337554
-0.01848486213586781
-0.02596103889046613
-0.0017892291380458703
-0.0054729569379229565
0.0013983250236710017
0.0009161830333323849
0.0037687790307263046
0.003582338587740832
0.003546644166393954
0.003558306978312567
0.006317217623943575
0.004912756954997944
0.006387700746051145
0.005238961903981935
0.004566593637512381
0.0033720720649919054
-0.0032833678560916955
-0.003584771984311374
-0.015196577618627577
-0.002006842607424939
-0.003676764909005943
0.0036652365670901245
0.001640432496175519
0.0051953476889449275
0.004562510788267493
0.005132770032302377
0.004133926662859407
0.004890955664227802
0.00426898439171485
0.005360578882984478
0.004505797772252937
0.005873762317430559
0.0036483901567966907
0.05257599784954638
-0.07627779205189628
-0.0625016719078832
-0.033232455103161876
-0.020841980994753782
-0.010564536791180485
-0.0068241969405235265
-0.002102111376857173
0.0015966154733076474
0.005753273228956278
0.005697866219417018
0.006561856327865881
0.0078084757535873146
0.01261029909506649
0.017925931878990473
0.02546106646434501
0.0325233390418935
0.04808772486153987
0.016088695389166408
-0.02477119773596318
-0.022607373111789515
-0.0176734785164014
-0.00959135434984142
-0.005718028613786956
-0.0032153002979792285
-0.0019119644234416905
0.0014541283442592852
0.003423493256600541
0.005279535719139009
0.004943899125650277
0.008197023656443344
0.009703065716899282
0.016176448568281585
0.016331275957456922
0.02185890132278871
0.01851607307802744
0.003718148699281951
-0.002190302363520381
-0.008775353691459507
-0.00773125344551475
-0.005743350554810896
-0.002655434218578611
6.251536378170844e-5
0.0016729729197025836
0.0006711643956982975
0.0014188656219471768
0.005920395630700361
0.00565402466198659
0.00830728898850442
0.008676359068213482
0.010075353650579433
0.01258081074242333
0.012943600850460611
0.013058454347465756
0.005088681336769811
-0.0003479628087859146
-0.0010913905916284058
-0.0031095549594028445
-0.0016226299030056492
0.0005153897909919955
0.0012954059077022104
0.0006019562187381083
0.000152577336994254
0.0010974188256073583
0.0032485902758154586
0.0057512179374098645
0.006994762490405665
0.006582860722733479
0.007245742966817778
0.00721742588253626
0.01013400979697621
0.007671203914438144
0.0031803158640047566
0.00018548294151736193
0.0009778472935203979
0.00014683406385071257
-0.001137696486547236
0.0007679378372503618
0.0020031115670407196
0.0011606232771558746
-0.00031919472688774755
0.0022278614093034933
0.003550076391094317
0.004173663749265042
0.004404658620597042
0.00397459766396911
0.002695392090267494
0.005405796021501609
0.007794490583308281
0.0066198318851006625
0.002993495932243879
0.0024658872922905736
0.0019485494326543808
0.0016571354717438472
0.001797026144655132
0.0013602196302190653
-0.0008648252496805651
0.002634603174468087
0.0014781744252925458
0.0014037921601404136
0.00511541485171764
0.005264737389611401
0.004183084402562942
0.003748614603201901
0.0029865839528441774
0.005063831901304302
0.0069645503429729035
0.003763956476986191
0.003335453822181733
0.0015868635415303475
-0.0013216459951414705
0.0002818526666913039
0.0038844361240952365
0.0020503980056835055
0.0016123472993627322
0.0021737890970850385
0.0023099703337360125
0.002315253668090944
0.003026017598487595
0.004565642437607859
0.0026657965526409805
0.0033278333642048166
0.0031685620279444126
0.004281350317725835
0.003339452611119357
0.00306119684540882
0.001699411235109966
0.0010004067562408184
0.002246184928758439
0.0029354817024621806
0.0024499405506838556
0.0011790303476206662
0.0014344806257281162
0.0028263885396413013
0.002700141720585007
0.002520014900804189
0.001728082051780086
0.0022751609305039877
0.0035650758127686024
0.0034756854339812217
0.0032790155481427653
0.0031413081899980405
0.0033532521311903786
0.0014895398715568432
0.003242273680571616
0.002276341384379211
0.000754547548646711
0.001202867417347064
-0.00012553880559849288
-0.0011621695912188434
0.0010439409156428098
0.0007402132276631637
0.0005591410531310931
0.003529484714796847
0.00042218332533039123
0.0024477616527506644
0.004152922679220396
0.0049163137143253864
0.0037873129551896038
0.0031251203870926313
0.004327024912133342
0.0037639755875776815
0.00271517907008669
0.003066349195363037
0.0022711959493807955
0.0007378710694709496
0.0021737885263298042
-0.0006518924302715467
0.00032736836265554847
0.0007660006053576803
0.0009561244737870093
0.00013941815698132782
0.0018980244097236483
0.004813691521628868
0.0036898515117570227
0.0052963851227646195
0.006689609062847198
0.0065992811874037716
0.006814522138322701
0.003120295287700801
0.0017655642692251667
0.001571546409140981
0.00048395344882028895
0.0002993381257133098
-0.0009706172251049354
0.0005561363717061575
0.0005399010820031188
-0.0002155818146409721
0.0024248288535242317
0.0008108684141228456
0.0007494692476185327
0.004031682933749859
0.005973254778085471
0.006855917062813956
0.0062226556817636626
0.00685620204782429
0.005053833844550555
0.0033205397649312155
0.002765549815584437
-0.0006872835283419498
-0.003151623817019431
-0.001722395770339103
-0.0015750883491974972
-0.0010268761570258937
-0.00044774278350517485
0.0008313807107655381
0.002862099777083192
0.002138215075478646
0.0032147350216189695
0.0021673933357561114
0.005107840697890513
0.005743393076053613
0.005771732186405929
0.008032272201184446
0.007786635149441958
0.0050642609249600245
0.0017698743172309614
-0.0030477218332655804
-0.009263531230211884
-0.006247715149077577
-0.005449428085854202
-0.003082051998180999
-0.0026894121834419235
-0.0005001142873165583
0.0030681882309064757
0.0022735451748046977
0.004083336779399371
0.005594425243318154
0.004610329119810658
0.008243103536509004
0.010598672330619592
0.011734010943606196
0.011770211094549133
0.010101415542411238
0.012258775326893111
-0.018531229417346327
-0.01780874736740453
-0.02191672966087846
-0.013013263847487293
-0.00811696762908462
-0.004608017551011282
-0.002820443709030064
0.000461004202339186
0.0021458969413105807
0.005470373617824955
0.007031346558115274
0.006425962701950288
0.007771444293954408
0.014797523287353388
0.017360678844980004
0.02105430022432179
0.01761290023962115
0.028656412202509977
-0.03223189508320277
-0.05906382397712432
-0.033092347440903946
-0.024429183927992575
-0.013213337647746784
-0.008515321178794506
-0.002560609709352414
-0.00032816803124682375
0.0033004711126596344
0.003789336737658044
0.008103730486875198
0.007573881409024041
0.010726178175489038
0.014590658320748915
0.024458467814282153
0.03206866230814443
0.04664039100337816
0.11034506676274554
-0.11700968611137379
-0.08953910052446883
-0.07438413657711182
-0.033482250051492864
-0.021136686415272093
-0.009422872117488917
-0.00476578300361395
-0.0008393241788075608
0.001869309169785412
0.005037674569262076
0.006166554044538301
0.009775406423293201
0.01242681063597387
0.021751588981192026
0.03136582403111162
0.05594844953093805
0.0739258405615147
0.4454775573946966
-1.1410418289438595
-0.299247823151014
-0.07145985536514003
-0.041761483386160536
-0.016797765674822003
-0.009733031886375905
-0.005594582928121615
-0.0006069482743600899
0.0013328181292105489
0.004096620157817656
0.006411237063029902
0.010700848290460184
0.012941856855091013
0.0202538455508911
0.03772042507680639
0.0598040461784787
0.1405712252268623
0.242042562660016
-0.15283911995373728
-0.04120352516188126
-0.054869646261807355
-0.02604868930543513
-0.015634826589174592
-0.00793317546921252
-0.003917749705926034
0.0001460187887224113
0.004340693693681906
0.005526223883077916
0.006673427230267984
0.009323200794582336
0.012094595574628459
0.022735029876903935
0.03122529208344514
0.05358371506296692
0.10703876622992285
-0.005314936700743909
-0.002464009668368887
-0.00022052974252437284
0.0009598818203513336
0.0035609591643093767
0.010147050083694199
0.013614547412367159
0.019611780632097
0.020308222119415645
0.01549324907946559
-0.012284683800956844
-0.018983753704852925
-0.022779266068157153
-0.018435737903058982
-0.0152415613778766
-0.01244727379279713
-0.011346329728827303
-0.007445232395365048
-0.005405554241121674
-0.002943726058305663
0.00030934444718354293
0.00245513046489601
0.006543631866751229
0.012414504396476685
0.023603726597877735
0.03454583200957646
0.05387132114387706
0.04577237374910744
-0.027561337052763365
-0.046639937174993
-0.033642569864946285
-0.028202767307364963
-0.021043493131683116
-0.01631964533063767
-0.011774566045438951
-0.008666036041049062
-0.005693461529307787
-0.0025699230608445577
-0.00046237467929933595
0.003828420527331297
0.007993088030964452
0.01868205064299766
0.0317172536591217
0.06147205927151401
0.09219817847653491
0.12406567950528079
-0.07497308854944253
-0.0797951352929367
-0.06432182152494272
-0.037895669900910846
-0.02806635908647244
-0.018226316949060545
-0.0134318736204422
-0.009449503291739502
-0.007076864845526348
-0.003297532070751649
-0.00015287304795540764
0.0040962902123570545
0.00850880286292123
0.018441777209485553
0.03941612421798861
0.07116625020445601
0.1798157892576273
0.6010231339531673
0.9862072338396295
-0.15633872618922504
-0.08044259964961861
-0.0499952823608497
-0.02843347518695596
-0.020071830016022297
-0.01493697502681254
-0.010013594461105207
-0.005004999474482946
-0.0027383592578996024
-0.0006076052993467753
0.0033614604874890163
0.00800035586628899
0.01889896725248499
0.031704478854129935
0.05937091465156447
0.12883074320346075
0.3264227362193037
-0.32565446530357073
-0.14035204955664957
-0.08339932176405662
-0.047509475765332806
-0.029886228578974213
-0.020494041329318386
-0.014834061522102279
-0.009850494289490612
-0.005322984581193994
-0.0028440536567901835
-0.0007302682434187468
0.001522672305551506
0.006756554283565235
0.012917079025011645
0.022222277408182195
0.03258822743282473
0.04850080396563494
0.06056681062396078
-0.12031564186202344
-0.09482204247229592
-0.0626025467850925
-0.03894074429350286
-0.02649078013170834
-0.019139758740708005
-0.013212675230616113
-0.00890720936731289
-0.005778780458456026
-0.003164887814397626
-0.0023859552250990674
0.000930617249698396
0.003378205377769388
0.009493006435638031
0.01101928546937414
0.016532077557464504
0.01410537272274409
0.004501982355861672
-0.04146482730721894
-0.04770488813781283
-0.036140704689791636
-0.028019942999098064
-0.020367393886293023
-0.01603029482266912
-0.012391507017792153
-0.008610042547660523
-0.007301195618605204
-0.0028655919088021696
-0.0022669009303288154
0.000601061383600744
0.0016222719834594443
0.003156956907569205
0.00632148432875966
0.005940340675336499
0.004848690516142507
-0.005967771369246605
-0.020260043517048063
-0.02496585542875643
-0.024651707650075023
-0.01994487605061153
-0.016376021969313502
-0.012120965704835814
-0.009568469469039111
-0.008892412772600226
-0.0072567850576348856
-0.004806915069066895
-0.0022692277646269533
-0.0009286850789312858
-0.0003670257836682489
0.0004348896316646554
0.0007016924945784363
0.0019729944704061355
-0.0014704951631476025
-0.006400734720556161
-0.012223699778921567
-0.01571897282416293
-0.016788312870668714
-0.015213369713928221
-0.012449161821691984
-0.010835065161628351
-0.00982937060047889
-0.008633324157621131
-0.006104438679539234
-0.004485024455922883
-0.0033431553781618616
-0.002774689187879958
-0.0024293797130303446
-0.003393550089474691
-0.001625451148711376
-0.0010831900839485377
-0.0029742570206581897
-0.006802855729785066
-0.010948465831932633
-0.010649267308916705
-0.012249004021610018
-0.012416331169506563
-0.010371584279853685
-0.008832250926085883
-0.008521756858702243
-0.008826228123146212
-0.006265426897226445
-0.0034187637628378823
-0.0030268044880868224
-0.003178650694005658
-0.0031887447497568103
-0.003588540731922737
-0.0030124174314137496
-0.0021425631907608196
-0.004808252606423108
-0.0062753079210784565
-0.0073040834945682686
-0.008747264193989556
-0.00895216511687612
-0.009347746887840234
-0.008966137731699788
-0.009076811737831798
-0.007001771632779402
-0.006849976235649848
-0.005340169570458803
-0.005101354289148975
-0.003733117967007466
-0.00423706918532245
-0.0038980350194368573
-0.0038170595370049447
-0.0031439889952395725
-0.004191268327883431
-0.005170430603851471
-0.005267738547711083
-0.00752187507657424
-0.009645470438133205
-0.008632465129197455
-0.006633608680109061
-0.007979445905462153
-0.007864439362946224
-0.007041411900999777
-0.006825021170173594
-0.005511165444528618
-0.005626513701688284
-0.0046172992847804155
-0.0038871683713069508
-0.004599691639663827
-0.0036029737099281464
-0.003429181339686861
-0.003900290597663026
-0.005190067592834655
-0.006348195662594834
-0.006940180618705693
-0.0065694185835432
-0.006464215245941221
-0.0066597175686711274
-0.007938344317241748
-0.007654726892976291
-0.005698691515459212
-0.005912347401288013
-0.004640949755308276
-0.0065265616831656
-0.004764045396180766
-0.00338987093641696
-0.002230592138812648
-0.002849394109207873
-0.003161824676294933
-0.0026936209401454327
-0.003440067445176108
-0.004593459132329868
-0.0056978975727229215
-0.006906650682391519
-0.0064617220107252285
-0.007870409957200526
-0.008772467109047685
-0.007376698810904943
-0.007750706354904233
-0.006820279001337852
-0.006298590572578729
-0.005365780370020427
-0.003147344363856357
-0.003275583683824792
-0.002214446821640256
-0.00036272295211874176
-0.0008295643641996954
-0.0007373742512938132
-0.0032938545466267956
-0.0037503472312191075
-0.004481024885740243
-0.006522058161681709
-0.00731854023378873
-0.006571845075509778
-0.008997736929589993
-0.007925002177007964
-0.007073724309113133
-0.00636283636919812
-0.006518094637455892
-0.005676302026389275
-0.0030521782323319965
-0.0015121208220006338
-0.00021239314527294164
-0.00035140828636613804
0.001094053263165309
0.0001107068821419937
-0.0018612136265277602
-0.003338261173328761
-0.004300530836918729
-0.005787689811591231
-0.006902756929227371
-0.00843151842764242
-0.008561899767005708
-0.007458962302533661
-0.007758925817425542
-0.005464345304643532
-0.0060113682250656645
-0.0042658364559183285
-0.004155968924342404
-0.0013180725212135838
0.00026955455219162194
0.0002851464647011296
0.0033112652784575754
0.003068554018314293
0.0015163887675568434
-0.001237649373063978
-0.004810917421337607
-0.008523444187227535
-0.00893082238961439
-0.009241784355029354
-0.00890775716077742
-0.00896808990141282
-0.007633128330682906
-0.005782101149602779
-0.0056518923479054505
-0.0034651319957403055
-0.0019377462564854593
-0.001093670170559498
0.002182733116789143
0.004771558083279135
0.007428497933973018
0.00930890809405075
0.007880966009897444
0.002521370117415963
-0.004814370085071371
-0.011705201453644362
-0.012092300711736092
-0.011919758952997097
-0.011371662945771991
-0.010210588499394126
-0.008916467610008433
-0.005911796709760458
0.005912784159179993
0.0048700405497307956
0.005317652011236857
0.0055942264274777415
0.006981955372679861
0.006335457438781649
0.0066686500966304475
0.004607048085567325
0.004893160365252781
0.004694561749596753
0.003586571266162761
0.0038859659825094765
0.0032106174556086986
0.00509449463932451
0.005277315617528922
0.0049160564627192625
0.005074361985232046
0.006442006899940433
0.004683483304143218
0.004699806507275063
0.006622564807128153
0.006228324615750632
0.0074378328253682955
0.00537390643787243
0.006260006073405934
0.0041598614310810605
0.004548929532062015
0.004252262885872862
0.005064830549064809
0.004689476168559441
0.005178464199694422
0.005409994233996437
0.004036273379456435
0.0032882049039704374
0.005284689889978922
0.005153881350893142
0.005593338459779452
0.0061239309810654985
0.005433502571970881
0.005560060677649798
0.005540526689753639
0.00471660454873442
0.006080182156812959
0.003177400962839621
0.0038004022046642227
0.005935357606720479
0.003989221303793914
0.004745244529246796
0.004693820903359482
0.0044539975372325695
0.003252917437106547
0.0038361332386145095
0.004366039437472343
0.005513622856765683
0.005829771618916708
0.005881969218303308
0.0057654111331987236
0.004499349182740578
0.005149793016857661
0.0039035227693142403
0.005161317264549425
0.0028354173957082017
0.004259871074781464
0.0038678721324682773
0.004327728839363544
0.005318651550648864
0.00437708064677248
0.00443621238945521
0.002859009509023953
0.003398042535772743
0.0040274725617789565
0.004857269302962119
0.006113178709926164
0.005267528241422883
0.005179814534396657
0.0054814554897905585
0.005700001657149364
0.004681653055815455
0.003758083591534701
0.004696435894362038
0.00458521920245377
0.004034011627215752
0.004012183135440766
0.004958495203126579
0.004523896310958054
0.004747665022437516
0.003159817962643645
0.004390412967965138
0.0038671351046665648
0.004932259702730969
0.0043478029281416595
0.004525581268135622
0.004651391766003945
0.004443959988391555
0.005644159790044938
0.0048709514153335845
0.004556499635117027
0.003960250750853237
0.004565836661696827
0.0039348958429383804
0.004884762006288451
0.004299230580463054
0.003642702446628985
0.004236431880337962
0.004355560932435334
0.0038448884002218117
0.003585279684241464
0.003461082207244617
0.00531122064694478
0.0054702540298781676
0.0045849523694430246
0.005924349391761462
0.005056694819548611
0.005084306318772064
0.0056243775318457895
0.00502910663982924
0.0035294870431499246
0.00376069910972978
0.0022026051307778467
0.005002951288049866
0.003333690996340746
0.002598787267344624
0.004658411668515225
0.004643603840921164
0.004359979587686545
0.00509881206585093
0.004469293408182156
0.005456085601905764
0.006681409213001739
0.004665245262512101
0.006851883916012404
0.005848982265697535
0.007601574766657092
0.0024229760984713247
0.006973631732831493
0.002599795160654071
0.005298095621620082
0.0005891299123920431
0.0032225607592776466
0.0030529679189254615
0.005372102833748347
0.00484502346653776
0.003977771028150185
0.0050166304186122
0.00582038028657726
0.006036217666528604
0.006212586721320591
0.006946239335836469
0.005420664111120781
0.010060045812050583
0.003521258434912863
0.014033020520043757
0.0007820987342675358
0.007546769434384722
-0.0006370807039489435
0.0023425597033097183
0.0018499564662806235
0.003729189262866877
0.004958898776761487
0.005683881587076771
0.003921644681650253
0.006208737679162784
0.0058087240887228445
0.005721766339893482
0.007402888961284153
0.00608214924589533
0.009299410017196195
0.006196291838617399
0.019553140807381644
0.006986032848162003
0.02972417928355819
-0.01180603955052923
0.004908116679182784
-0.0026151011776355234
0.002818346144449357
0.003056569111314079
0.004258792402980482
0.0036621408240598927
0.0028249048617342873
0.005151115554670517
0.0056026057505887345
0.006088339998805655
0.004023316121862421
0.009332425351987013
0.007583559288493965
0.02043423175458935
0.0113637067118947
-1.2592961257914355
-0.058377901144351076
0.005988143708426078
-0.0063145488126496166
0.001494138753752906
0.00025327323058662595
0.004888105690883182
0.00511406872645857
0.003856949494699247
0.0052337831867077115
0.00587203004253768
0.006494992847233698
0.00564269241817169
0.00782961083047166
0.007921566007830562
0.01677870123659523
0.02152413613938252
0.10042849279170155
-0.0790994078692161
-0.4590758252672862
-0.006313097966672736
0.00449480277079875
-0.003422785163999879
0.0033481817652974053
0.002784710181421168
0.005158235794245633
0.004475514069002443
0.005237179225207894
0.005546806942830329
0.005978587915700353
0.007103867391518547
0.00807373524780789
0.00926497943053754
0.01042034882776778
0.026893755791198567
0.017109134606226192
0.02976023240122972
-0.050364533902045434
0.0014258721191325317
-0.005342523759919716
0.0021978543295578194
0.001902184667535358
0.0035843094211779948
0.0035874484825391844
0.0045927947613981345
0.004657058668235986
0.006194978085032417
0.007833329194030573
0.006113954349698969
0.007689487348165674
0.006478175501383631
0.011629095095886185
0.007774491592373535
0.019291425609013924
-0.0118093036756536
0.0018475442148152038
-0.0066444534551326285
0.0008510493760969574
0.0014788859911730387
0.003988075038574623
0.0028166700985800953
0.004931465246594904
0.004829441926584467
0.005182275774288921
0.006224787435635443
0.006705081712909836
0.0070393034686490425
0.006346258422684075
0.00753349621171043
0.006471237758745695
0.010492672691027822
0.005558430687369812
0.009786102146242946
-0.0010905858221274592
0.003187125620538427
0.0015471373381741322
0.0032790159414091617
0.0034363768159088675
0.004008064382723305
0.004830239748967024
0.004800868131253808
0.004837285504935328
0.006772380152176583
0.005857882375075406
0.006202055169257895
0.007505373484407075
0.007108762013293742
0.009331530623160528
0.00647941078063136
0.00798999771080588
0.003361449227914363
0.004409270704442658
0.0030356661120989835
0.004337314826090067
0.0038849325505511865
0.005933142081858883
0.004849778347945774
0.004973862253515677
0.0037474188292936647
0.006486817732238766
0.006036351940292338
0.005256272774758737
0.006708340293602869
0.006273046782049174
0.006221831087608678
0.0068644060347335676
0.008374004027176519
0.006074189262914424
0.004955522290572331
0.003973359998326793
0.005454899197979499
0.004058881568117351
0.00416699109357416
0.005201324844630648
0.004073585416685943
0.0032351919692411683
0.0039340007746792496
0.005530342714626392
0.0052616664621463255
0.006421089096157714
0.005566478012402128
0.007363183253502334
0.006056613387875583
0.008480836169043809
0.00714359248040648
0.006190727906862829
0.003948111379100938
0.0043762847868084615
0.005448130998543861
0.004167769882434518
0.0033837074318442627
0.0037308761058450525
0.002099628552986435
0.004382000523499613
0.0038749020959824828
0.004121447002402459
0.005819912631976544
-0.000657561652571158
-0.0017547913043109598
-0.0012502261077057028
-0.0018566596243081157
-0.0013423605614173103
-0.001611706167138081
-0.0016523188887764646
-0.004100690422090156
9.072383703279536e-5
-0.0027371895419507305
0.012276233680823277
0.0065398893690719676
0.008203771189402152
0.00299809817065807
0.0013702595393197902
-0.0006984397709379043
-0.0009740333725406503
-0.0011100038873212087
-0.0013044382881911396
0.00010448001706086864
-0.0011271865177199403
-0.0012715684376438823
-0.002746919091381017
-0.001555504930869722
-0.0043049394697468575
-0.002403211262421656
-0.01083340099128599
0.01077394913954077
0.017093913243329623
0.02475501168443311
0.009135169805425407
0.0065811522557303066
0.0009651329578308014
-8.210173796214542e-5
-0.0015139525034049577
-0.0011355005503022961
-0.0009817247305919977
-0.0009991918573847129
-0.00034112903247609535
-0.0016762416688211406
-0.00146896303740844
-0.0032694212897668505
-0.002421036283151852
-0.011392004924834463
-0.008896236424092041
-0.04100174537463887
0.09026397718632635
0.028404333595681893
0.020163307438682727
0.004873421697934779
0.0012833007411627803
-0.0012344833350588379
-0.0007299908241375808
-0.0012563445703446738
-0.0016433565591477178
-0.0002052577029679067
-0.0005725837456477515
-0.0009710007478147663
-0.002713533412335926
-0.0007019126656903744
-0.005791669023579557
-0.002811818980411183
-0.04409050641758448
-0.7924497148397827
0.5636545298067599
0.08924830108192568
0.0039043018246740493
0.004042502556440533
-0.0021450051664394427
-0.0011716300361601256
-0.0019838064072595003
-0.0018726567725366597
-0.000979590773492116
-0.0009215384689749211
-0.0007311362838019256
-0.0012368268452317003
-2.3299904228552774e-5
5.2192415180259155e-5
0.006480319931118704
0.00544885935843613
0.0886940938526022
0.3678941436467184
-0.14449536344136213
-0.06335139828806723
-0.009255888875576235
-0.010643283731948524
-0.004111411411996544
-0.004168711184575559
-0.0023960872232903652
-0.002669478966049224
-0.002424686997017599
-0.000601038592903126
-0.0004677542213830882
-0.0010860055191848563
-0.0001487598721645199
0.0035765903101968796
0.0036506664764159613
0.018848895962853638
0.025354897758090383
0.10669502745703557
-0.05835302137772618
-0.020272595710005524
-0.021703507004897402
-0.00816533445955319
-0.007610573560558352
-0.004014440182466954
-0.003361764969156177
-0.002115828847227958
-0.00035840828389102316
-0.001776211610161115
-0.0007533046940779623
-0.0008153864935455346
-0.00035202681763352905
0.0012484433250156536
0.005194285952316991
0.006672426155264727
0.018125228888074104
0.007074873186648228
-0.003206051585044102
-0.019717093148765408
-0.00852970815546627
-0.00939387402791948
-0.0049057443179272645
-0.004725819235593118
-0.0030379359512278264
-0.002025884498615149
-0.0020744619981198794
-0.0004791146573645705
-0.00118004583954521
0.0001602938082497445
-0.00040293495290644237
0.0006234789231446321
0.0010314690729181484
0.004373338421987678
0.003865280840660341
0.005732902555422297
-0.008996964388208063
-0.0067110148663260955
-0.010283219419403885
-0.005641645721396552
-0.006312506869478698
-0.00431669721894228
-0.003504371414549749
-0.002607433087865077
-0.002142312617581325
-0.001294184012528854
0.00017895469742434012
-0.0004861800248260042
0.00010765299817915103
0.0003180297216358168
0.0021745669573512076
0.001402464892239753
0.0023411694555386746
-0.0013170088883484243
-0.0014346212911744262
-0.005934135499890714
-0.005291958964467473
-0.0059221929852976765
-0.003938065108154384
-0.00428970407503407
-0.002542756547481583
-0.0026279959336090145
-0.0012760134126816288
-0.0013046136805467494
-0.00042565629525853404
-4.929331615003049e-5
0.00020910177794099868
0.00044599312109819164
0.0004172429444070695
0.00034654051803085324
-0.0009733561720605216
-0.0011412745109838818
-0.004024713638647876
-0.0023787218333287652
-0.004543301884747967
-0.003157993853658247
-0.0033616886571421044
-0.0026377655584398137
-0.0021652571832101765
-0.0022024012920010077
-0.0012710916584087314
-0.0009316805542465466
-0.0011944648922648723
-0.0006338885550826607
-0.0001516829138784679
-0.0005911973497894304
-0.0007262212412630465
-0.000884309406643673
-0.000887923001621923
-0.002092501158217305
-0.0017295749398830848
-0.002589458781211947
-0.002395899466973301
-0.003288311756467664
-0.0020760943111055633
-0.002281416922063468
-0.002013507705750503
-0.0014705360717497146
-0.0010059545739527385
-0.0010441037082360924
-0.0010450075552643086
-0.00022754110143571703
-0.001576129051196589
-0.0013594365481076891
-0.000890444530223169
-0.000505925586366926
-0.001595128810289278
-0.0010074730590990978
-0.0013200010312450238
-0.002366325392284646
-0.0028623503968766093
-0.002902995889435651
-0.003060831537634017
-0.0028046381779641147
-0.0021083948299545937
-0.0017313946665365777
-0.0011056135981364638
-0.0007488974546560574
-0.0011326007577586918
-0.0012942850942263742
-0.0014585294522656996
-0.00117350335527187
0.0001576480611613039
-0.0017181043553303314
-0.0007820929871243392
-0.0012157358583426137
-0.0011571131408641313
-0.001959453990456987
-0.0020421773984947815
-0.001797129819834424
-0.0019728915079605773
-0.0026473675060790396
-0.0013411316270674442
-0.001710805736578387
-0.0005893866187547055
-0.0013725305726746948
-0.001880376472394351
-0.0015004099382369942
-0.0006736135454500271
-0.0012180452333195404
-0.0010967017900238118
-0.0010426698846233116
-0.001391829312723276
-0.0010974977331945613
-0.0015602599346433398
-0.0007459745854710813
-0.0008625295960484501
-0.0013712543688421722
-0.0014492209681704516
-0.0011795746873196288
-0.0023701683253665325
-0.001284871507559131
-0.000817136445092948
-0.0019054077657469314
-0.0019806653919806705
-0.0013287961675788264
-0.00154311350111212
-0.0011802281160389037
-0.0011409598155042954
-0.0012534782861379982
-0.00042773207571508926
-0.0013723496753778983
-0.000915428460818899
-0.002150577926953437
-0.001203462076178343
-0.000804020935840269
-0.0012375638997269383
-0.0022986418727459533
-0.0013080798060030512
-0.0010650738214677661
-0.0019551460297245376
-0.0012814869778331392
-0.0008337183482694124
-0.00044781757518938314
-0.0006481422782373525
-0.0005223912455126925
-0.0013689924760269358
-0.00038792874301555897
-0.001722158541710931
-0.0006491667435206491
-9.332121088022874e-5
0.00043078389260964284
0.0005084015839671348
0.0003341471096907383
-0.0013856355948595384
-0.00024198400958112365
-0.0013940166442244595
-0.0007827279927659831
-0.0024391492315194584
-0.001502582349522013
-0.0022687783744565516
-0.0018798142163030933
-0.0009428137212170492
-0.00190554050391317
-0.00040593389240120494
-0.0025203006572747056
-0.0008330379157361155
-0.002198530710805554
0.001826735913722479
0.00034657456513730256
0.0019562129473530356
0.0006878708726673512
0.0009703683584850309
-0.0010474161714412347
-0.001630332003657356
-0.0016446246270985373
-0.0019580810283960767
-0.0011930177156947788
-0.0018445989721216631
-0.0013037683914600804
-0.002586187109085537
-0.0015442512132940052
-0.0026364739626437376
-0.0014258069681786622
-0.002959465741190605
0.0019426476802361765
0.0024604943014188527
0.005604085754266009
0.002549522456161164
0.0029702733021742386
0.000804799600808908
-1.603317263902884e-5
-0.0020075921518552804
-0.0011080629378449499
-0.0010519605924141364
-0.0006931355697595807
0.00143760955729882
0.0010466055016574583
-6.251426328975659e-5
0.0004406265060565982
0.0007624310186798537
0.0006277376144568434
0.0014141223960745517
0.001852552958874348
0.0007304768965148599
-0.00021859662705092536
0.00099145173637948
0.00014786420766790272
0.0004053577777434126
-0.0005434432749017011
-0.00012051019390842845
-0.0006222538169450284
0.000814727662192996
0.0019204251004083569
0.0013011330682200935
0.0022335108208130124
0.0028151823058640336
0.0032467159458131494
0.0026126965852657402
0.0019863321735894674
0.0012803641494690146
0.001462317479455815
0.0018462957925769658
0.0008380555769561789
-0.00016837037585847983
0.0007218506611838254
0.0013180235609115568
0.0006728449471654932
-0.0003690673531257713
0.00118915818348228
0.002229953221543603
0.003423820786411368
0.004534659930661548
0.004659585982698995
0.00406813094272638
0.004766478307254745
0.0036446243677629156
0.0026620294486332853
0.003269198401449401
0.0019204090260556074
0.0032781333893358556
0.0017651395919334857
0.0005729893759633287
0.00043632211843642354
0.0011887354328196146
0.0015129905052700427
0.0014045479339550905
0.0014822298076871531
0.005004939157530878
0.006050933705161267
0.006241889649052528
0.00728501721280989
0.005264482849597845
0.006164007045643238
0.005274080010832663
0.0047328306412883605
0.004289089893687448
0.0046701733377276095
0.0027985959682573845
0.0010078009026991688
0.0013314135540339986
0.0013889645074347508
0.0012483880072537536
0.0015494056806162465
0.001871061231689192
0.004320099440272654
0.008173370240448037
0.00843557201848904
0.010922206220152865
0.010053878305021713
0.010249043231970551
0.007807545360904269
0.0074158760228677815
0.005290830876038588
0.0036512719448548447
0.0037875214733867767
0.0038216309549236644
0.0015689979006516645
0.0014688873535197249
0.001032666891816781
0.0011946463250229011
0.0014652166746088274
0.0034443641910662025
0.005213863288979982
0.010425501951960514
0.015615219081392304
0.015104307674812072
0.014908910172870958
0.012599019825072165
0.01142926831928766
0.008504914411974722
0.0063283845862608335
0.00395504553108798
0.003872830105155609
0.0029243753678707615
0.0030116135963612627
0.0018133566362690823
0.0020751164475429776
0.0011921385765071531
0.001995776453800988
0.0023750032492782292
0.007316630953915794
0.017163178782035618
0.022690905851886677
0.028460130874165945
0.021697680654869395
0.019706338556317583
0.013542404188165208
0.01149090331141222
0.007206922332783071
0.0048713400476627765
0.00407329482848021
0.002637469102744136
0.00193318956833251
0.002230885479545183
0.0005828585526437913
0.0002156821286893339
0.0002546613326846878
0.003031797239469496
0.005583266317841713
0.01647367645895133
0.05006227761012996
0.04244638292163262
0.04253702172685248
0.026434129043649966
0.019611861040439216
0.012838264834467587
0.009802035877464598
0.006371409855785168
0.004497809629464968
0.001356108554682758
0.0007644295804997653
0.0012018044008793548
0.0008997973797472532
-0.0019654598489450945
-0.0017317094580918584
-0.001381534495741401
0.007378445323969032
0.022448340511401058
0.0797004568708512
0.10630365407028725
0.05551158148442065
0.04010533774274105
0.02228767414653047
0.015239161038817393
0.009639368252221399
0.007258977511762244
0.0035963756540130535
0.0036234744881925188
0.0005532410346294742
0.0006894077924536862
-0.0022098834805580917
-0.0029459767306663585
-0.00783867938539393
-0.007305198987097984
-0.010228804120193493
-0.03050335369639425
0.18771306256579476
0.15420089266875228
0.11188812876061424
0.045088079738916036
0.028454861264887273
0.014610168712284502
0.010023689218205442
0.006064627223989203
0.004451482975671163
0.0011897410748251268
0.0005927294278236633
-0.0017520509824743096
-0.003854252867180292
-0.00917331692196775
-0.01250297780703688
-0.027003143200882377
-0.023971764341283938
-0.251045080639546
-0.6096482841848594
0.47096678208195525
0.07886103742868866
0.04655077146791303
0.0185327657827309
0.013346577451467195
0.008489543297640326
0.0060462685651986306
0.00324854999253511
0.0019114256031941223
-0.0003683575877211649
-0.002736643548876119
-0.006164157399660808
-0.00924781189064419
-0.020497953035852296
-0.03098852735712672
-0.09501096115062743
-0.15778426702650378
-0.17541531602697705
-0.10812250311269833
0.0024248024444778215
0.003545739527623145
0.011129050930316482
0.005920222315636663
0.005706222074912994
0.003924228274164961
0.002116141028699074
0.00022936321196961732
-0.0006419196834583716
-0.002560630731960205
-0.004888943792081186
-0.013111794262000527
-0.01928034477978704
-0.03942165986668498
-0.06212428672503614
-0.055542071256692166
-0.060496044430091746
-0.021886119432677074
-0.017088665333316978
0.002439671315522433
0.0017330908888733758
0.004620089330089626
0.0029096450256950374
0.002522814980596918
0.00013847152892355354
-0.0005856303480563254
-0.002426299557348663
-0.0034797765197256752
-0.0067939290699079715
-0.010777845969778203
-0.01826177913629553
-0.025299927857985585
-0.04760099099182789
-0.03688832648154541
-0.021038932624996946
-0.02310000369537278
-0.006785383831783323
-0.005789808043536176
0.00022160477934190484
0.00021012260077672175
0.0021283742905733923
0.0006242203054411838
0.000585036020955421
-0.001007227977457786
-0.0015822067310010558
-0.004134083657337436
-0.005894741866073482
-0.010410350625729495
-0.01281557449921687
-0.02035686032891946
-0.02331016613211696
-0.015963728929893686
-0.01906157270069
-0.009806940581622115
-0.008645275507015973
-0.0022416027475392684
-0.001987743846191492
-0.0004676401312889971
-0.0003728499758164543
0.0011786452074506826
0.0009225420923045639
-0.0005839392153349282
-0.0019488822359235503
-0.0038503477236202406
-0.004873119766847905
-0.006002229336818661
-0.00997556295951668
-0.012534580100105911
-0.017561990423063605
-0.012584373724407995
-0.008708682145337815
-0.009492967024531037
-0.004291003687824888
-0.003674984118591219
-0.0020899466819422068
-0.0013127782130818598
0.0003010561268652887
0.0009303296400387925
0.0010767119384683583
-0.00015743814980173805
-0.0013934684929267063
-0.0026162433921790604
-0.002893450241834333
-0.004451159401430873
-0.005602308457799684
-0.00926109043848988
-0.010526113467993516
-0.005536718671058962
-0.005953756373541103
-0.0046585092481102545
-0.004297366549763789
-0.000906221448129843
-0.0012069144364811747
-0.0005741515054738589
0.00013874562253716764
0.0017564874755584727
0.0006362651431751848
0.0004125230687177997
-0.00018936403160564825
-0.0007550626230144376
-0.0012407126740664788
-0.001293495495788173
-0.0033326269780704805
-0.005394156395281906
-0.006150030633316731
-0.003424942980802931
-0.0025017510898640003
-0.002454216279743234
-0.0011698185685965557
-0.0009296849734157292
0.0007365169480222158
0.0017998412411529994
0.00026853520274808555
0.0012194722718440055
0.0016166706852161535
-0.0002417872372615231
-0.0009041787142507393
8.508260770602787e-5
-0.00013413200796973432
-0.0007751583706643813
-0.0023476254032554888
-0.0037527624808052296
-0.003030064814876317
0.0244855423747916
0.019549689678888694
0.02357422087947983
0.01688315469880284
0.015913383215738708
0.01479224725877302
-9.368697911754046e-6
-0.008792568544039432
-0.061174271066331186
-0.08508655888520908
-0.11804552591216984
0.008172808537774212
0.01524767700257914
0.02603220923715516
0.01603205837478932
0.01925123609991706
0.02733984056850918
0.02277926825733185
0.027478636110364954
0.022141078544339145
0.01864095902867335
0.01566772949611671
0.01196677556339804
0.01187250451507847
0.005878882667132488
-0.018073389815792696
-0.03356295009385777
-0.061153879426850716
-0.02855362967458459
-0.0033987919384778284
0.020383465748799103
0.023562576095617575
0.019570355434773822
0.02163895164065077
0.019804611973211286
0.017159574072222142
0.024075432908902232
0.021185189910223272
0.017505293184856937
0.013861064378971581
0.01371717637728563
0.003724491005153231
0.010061362228157535
-0.007903875919456767
-0.018495130055892123
-0.030298768740214234
-0.017421847362400215
0.0031744197535885565
0.008464359253741172
0.019568397183602988
0.019924665036905074
0.01347733524399084
0.017137685898681067
0.02454675396047679
0.013232672254329081
0.011431032908140827
0.013353228901953082
0.011222193999176688
0.009321386495203287
0.012165922660175466
0.002634452826458066
-0.00971958787906085
-0.008960559308283876
-0.013089269413457973
-0.001170415405598939
0.0044556528214595974
0.007221124143481823
0.02004001164041641
0.020936273436613733
0.014775028533224547
0.010611899946432298
0.016547670949748242
0.013020807303023534
0.0055305329190534465
0.010755269521498391
0.01200910368838454
0.009066968288977902
0.01092256853916365
0.005787283668562639
0.0011344113191654951
-0.0063709185698377375
-0.012405159324885775
-0.006106154015372111
0.0013888001216879819
0.00028855764497582323
0.01797600474053229
0.014629867071120612
0.013046882762940422
0.009412488436374496
0.01354298478760927
0.013822324042846104
0.012584945798331916
0.011234427827461008
0.009098096168293662
0.007287949164392914
0.013490325565567542
0.005634169806177016
0.0003041358103897814
-0.001795084167590501
-0.006757729652573873
0.0001137739949439707
0.006479354522148106
0.014565142836427486
0.011293881289560343
0.0028582479129779653
0.0030296886934231063
0.012445798520166368
0.016534952791515928
0.0064210411814643025
0.016383880142237846
0.014373910765048323
0.00861795222658429
0.007099431161015538
0.00529989947842162
-0.00030490296777498256
-0.0023333168629344966
0.0014140282973548527
0.0011660029570087895
0.007957450949981487
0.0059374653363846305
0.006919980397195607
0.012847604311098404
0.009394589169765983
0.009748443778271684
0.012501903317413816
0.010730592328970138
0.01066305523266956
0.013625153042656286
0.01342887561032751
0.003941828293200801
0.004348537733053036
0.006466952645338991
0.0077617657990546336
0.005063857553985755
0.007554532729941693
-0.0012909713478403949
-0.006260998032701098
-0.0010757218491809612
0.00024090859375296532
0.006139933184991606
0.012767845828094027
0.016843508599759215
0.0058045870479740795
0.009522245009691824
0.017075953957688607
0.01637412896370934
0.01032893486041908
0.010759004491718599
0.0060192071352716085
-0.0023653360866277328
0.003376784919530028
-0.0028950303939579347
-0.00748421635292698
-0.007071001178909217
-0.003323131558193703
0.0053161811931196285
0.005210611817784228
0.004496121689061562
0.009680174551473075
0.009615120269957379
0.00404335064280456
0.006668961079096536
0.013163428720782518
0.010771110094751195
0.010020999519977421
0.018384753664057205
0.012383098288371659
-0.0009273341345629829
-0.009823168021178075
-0.00839676986856726
-0.006800511891955898
-0.0021761348373325676
-0.00770297889424987
-0.00414936068659932
-0.0017345366363072559
-0.0018822955084608604
0.008482840445818502
0.007007398038363838
0.006878293039789544
0.010602271647643075
0.01529109916312398
0.012769390871260717
0.01505163009222519
0.006614847731049584
0.002115956580278746
-0.0056085325666143165
0.0009122025973956659
-0.01112325036711365
-0.009832997173837761
-0.011532271484089219
-0.015389955676181738
-0.015400753414934293
-0.00715882940404674
-0.003854426106685519
0.003012403165970479
0.004329784006750894
0.009849606146958316
0.017863642494059
0.015315557495743091
0.011606841477615001
0.013326684224814386
0.007210345157803232
-0.0013409331622587606
-0.006458027220550633
-0.00825901162528834
-0.021562645193766966
-0.03536521818874815
-0.03632029322710051
-0.03994542688917593
-0.021192320780614046
-0.015271431037186353
-0.010792682186814373
0.0015125557920634297
0.00828251478238904
0.011469906279880555
0.015163746268890612
0.007775918206672358
0.0056494876386750815
0.009469211259425158
0.012925655403621533
0.004504270745623299
-0.006428363180880702
-0.012560601494246261
-0.039654238329561116
-0.055182117978724875
-0.06815228914846093
-0.07211677329555347
-0.05173004755086062
-0.03693674077448689
-0.0074730463886560645
0.0001636801056582014
0.006751315891777689
0.0112300012047372
0.008056425063967483
0.006998318173135352
0.014058696621424454
0.007528399951078636
0.007673019443794506
0.005885183960265304
-0.010387965628323174
-0.03410942237412998
-0.0600599779528231
-0.1067612621982766
-0.15401331240092478
-0.12996875167785
-0.07607725676622887
-0.04447530126214198
-0.01749948798997843
0.0023132501417352015
0.010340124131462205
0.013453652288983525
0.010582189926436558
0.008337872109365941
0.013284269152428918
0.005944350208559523
0.012095960523601356
0.01188754843116832
-0.013092352038153976
-0.03858595966318078
-0.11362839129549175
-0.18618462498529545
-0.2956971607388076
-0.27137060684955844
-0.11805835675837795
-0.04319450136832699
-0.016746831451624453
0.00667269449217384
0.012866275081482251
0.010299010601774327
0.013389276547120181
0.019670082589459452
0.021110639336987994
0.01704845738954172
0.013806056709601347
0.011621646817486491
-0.0052931694745242015
-0.03257899931705648
-0.12386463765114898
-0.2627663065503744
-0.5661285731209911
-0.4639303325981636
-0.1510018382851943
-0.0565415837558912
-0.0031373868362627785
0.011494264594967945
0.017290520935915696
0.01589597075350488
0.014591205634269546
0.01825020814946705
0.021324522517060497
0.015283394265559878
0.01311590750003937
0.005225906588266306
0.009267505108472856
-0.01951662228796416
0.04121455117198344
-0.4225534654938702
3.8693224202598393
-0.11684778106181591
-0.10365500313322451
-0.003749197595919764
0.010979025732983408
0.025104228814560405
0.020830888717062613
0.024858622383072113
0.014466842983288031
0.014092558664045237
0.021050100287880458
0.018634990558560088
0.016965472936725536
0.01668457357671556
0.012674006372437674
0.026891771180430582
-0.03234544231551562
-0.10715125637613238
-0.5151022467512113
-0.6368769197153155
-0.058895630350789464
-0.0019152727075256466
0.021077600799566647
0.01858608717676546
0.020390390111623025
0.019338652062370995
0.014527849909231857
