-0.0005429696386289134
9.426375071121715e-5
0.0015052771206423485
0.0008755144030907409
-0.0010439092495568415
-0.0022965418469236072
-0.0028157452157802935
-0.006724501478700972
-0.01254787447321781
-0.015738841692912873
-0.023638129292060238
-0.032060365919445846
-0.03942426181356422
-0.03507829556710389
-0.02804240484561565
-0.01796504824616483
-0.013174669704320352
-0.007437097937510481
-0.004835914684052485
-0.0018846434325666406
0.0003831133713078197
0.0011235390185511426
0.00193344428615874
0.00014784089383191142
-0.0006334843126049835
-0.0033442893177146505
-0.004771516422936346
-0.00945201082240588
-0.015031629353660002
-0.0245686441012647
-0.037158029893074
-0.059148671977503293
-0.0683110957695085
-0.06375850541991
-0.04169395148624547
-0.026120271901969288
-0.015170883574449148
-0.00953105965340297
-0.005515186471156895
-0.003436697078291524
-0.0002776442081982624
-8.177807861558415e-5
0.0006039501856579625
0.0007850516366111488
-0.0008688067262827249
-0.002529416566146219
-0.005486771254380495
-0.009851375334528716
-0.01861745808504056
-0.03212579389136288
-0.061220765373804616
-0.10514211071596681
-0.15397354854660544
-0.10607105838789183
-0.06582574785863082
-0.0327900978478845
-0.019760828768896704
-0.010545138333070154
-0.004754496793962443
-0.002627730883331872
-0.0005596661776043886
-3.915678992349103e-5
0.0009945794518098194
0.0012055882430469997
-0.0010174468732846097
-0.002718671435901443
-0.0053965545523663085
-0.011151377258194728
-0.019289461494298478
-0.03780035141716676
-0.07801578378636215
-0.16275475527144967
-0.49726631647664427
-0.19219367094153422
-0.07153936535743297
-0.042098160995288424
-0.019682728267833828
-0.00991618402531983
-0.0037147447058670123
-0.0014713355393459263
-8.860461302189149e-5
0.0005931649237882987
0.0014128081982580066
0.0006081637221064562
-0.0013656772214805423
-0.0021882605159116173
-0.005183655072842933
-0.008116931578924616
-0.01710801565586301
-0.02662674420393018
-0.0789823133055652
-0.21354466405132627
2.5182607430198582
-0.7018676582921785
-0.06599829818822708
-0.030480794916232703
-0.016530901739354772
-0.0078021817082335795
-0.003678095699711506
-0.0007764346597849658
0.0007548709755318909
0.001992099243733522
0.002676369255441893
0.0011227227515618412
0.0004445806783083759
-0.0014946308768000033
-0.0040866516131247916
-0.005049694166015918
-0.006663437925877853
-0.010183029934116345
-0.00829457529329517
0.07466421651649183
0.545820935493589
0.003941617546305862
-0.014239638318891896
-0.015604938513110319
-0.007750578230568805
-0.00449298771017046
-0.001128513665211281
0.00024363013738435622
0.0017966827478045793
0.0011993098287068336
0.002202127283940332
0.0026029862404669145
0.0009295285007130115
0.0007241125873374509
-0.001438378428922598
-0.0014718228654508328
-0.002421974595346389
-0.00033957650641390583
0.00986857228013338
0.03477488078549254
0.08399788064647642
0.022800024243670877
0.0009589163722655928
-0.0028610498530371427
-0.004170907593554701
-0.002552461902796361
-0.0018161273966362046
0.000345961658013649
0.002321070187897422
0.0013906273725309754
0.002002704583935756
0.0032251130587668633
0.0030329364885647555
0.003377813438609256
0.0010490764787829128
0.001060167645088567
0.00028867650014999507
0.00241740428663173
0.009484767841809918
0.021280132167881202
0.023559483977258034
0.013546894322836744
0.002780641587053072
-0.0006630451822936016
-0.000877242626686391
-0.00031312503742784254
0.00017454805045835425
0.0012989796833449542
0.0015225963100503784
0.00255678879159142
0.0027330220777024503
0.0032675987985703453
0.0024777290738930047
0.0028507572985488855
0.0020835017808495753
0.0012513552149710885
0.00236742238327303
0.0030465128543463167
0.007019237681295519
0.008710926801151328
0.01004764653137584
0.004732849701359367
0.0024982172928854907
-0.00017296122865741937
0.0016053869491720505
0.0003905875262511651
-0.00038167529801064594
0.0027394972468091187
0.0035367719791828648
0.002346929366096989
0.003088874128989475
0.002812125198283643
0.0023362700375025545
0.0027751557626313123
0.0024869070730754086
0.003237713456560127
0.0031681855660712238
0.003368248396838216
0.0040023812507803845
0.0043851339259712175
0.003952317883084395
0.0024730980902261555
0.0025720227362033337
0.0015804398907944813
0.0013360520991687092
0.002732373186452712
0.0022832647007256057
0.0019293864783865569
0.0028322257868646492
0.0034324718490827276
0.004259885277362813
0.003432374883773897
0.003142681585765803
0.0033367378768151524
0.0015813932635747189
0.0030192708906978368
0.0034873094747141327
0.003933484688121963
0.004424371424618434
0.003931031638805347
0.0034423546707681844
0.0031288927043744215
0.0029634911418908094
0.0017703839166836764
0.0022714033305485434
0.0027790879449350134
0.002299311962847915
0.002738995358364961
0.0028402864279750946
0.0045822703968241
0.004137348339151445
0.0035501712352571492
0.0025976291707912416
0.0018954895853575044
0.0021970444120850657
0.0026719617519371085
0.0026980494069615175
0.0023937134955080504
0.0030403555223462546
0.0037321821516019837
0.002374654164107554
0.0017326942373097989
0.0014638277933314565
0.0020208250764894064
0.0024897282588575253
0.0034165391641318736
0.0028431220819236038
0.0029225410288801195
0.0039040228791089697
0.004869979066436975
0.004938688881338167
0.0039805397377442354
0.004233178284855882
0.00408627784035962
0.0031313113134410282
0.003237844913916271
0.0022352425590016693
0.0014001837055826623
0.0023887561923090174
0.002521302633397412
0.002283166999325129
0.002040671084597606
0.00141503619776522
0.002763472337866942
0.002682357772987886
0.002669165294144765
0.002340912717933649
0.003249918227619406
0.0035065473012489945
0.004153410554061166
0.0023817855189297286
0.0033171679653139097
0.003910306088855442
0.0041389061283122535
0.0029463882330160508
0.002297837866478743
0.0020901380301743626
0.0005518053764836097
0.0019029745469568292
0.0024100331801574434
0.001150318984494536
0.0021021795075213206
0.0024093613799891127
0.0010624653340214018
0.0025291789581558745
0.0031306804712997374
0.0021587478197662674
0.0034632832698990143
0.0030941683025287083
0.003939331639297904
0.0038063056734168625
0.0034637535629902984
0.0032238919650074156
0.002218933149294056
0.0025636797346928943
0.0021898377246924406
0.0015205314726815604
0.0006910533743418345
0.0003865341396711096
0.0015555139925585155
0.0008575378144030897
0.00018700422813080749
0.001198736340250519
0.0014146874160272706
0.0008883503009582276
0.001971801794576571
0.0020932814439523885
0.002789054993562366
0.002591104783916407
0.003616275431420211
0.004113428242878426
0.0028223759480369487
0.003413521376109433
0.0020312462878966362
0.001539268032785802
0.0013789705023703126
0.00020126347952598145
0.00018258724433050568
-0.0010177435156770646
-0.0010969720772772394
-0.001496264140940468
-0.001745740682359619
-0.000783309992503812
-6.078864803489705e-5
-0.000238991681861066
0.001238486088969913
0.0026738430489357903
0.0019571485733213935
0.0025753482855401543
0.0039031168368102174
0.0021796302391095994
0.0034230728301241817
0.002796237893607221
0.0025094902247169973
0.0012312327072473421
-7.181238045099025e-6
-0.00118728664071962
-0.002647413991725336
-0.0016061032252575461
-0.0023957696876843043
-0.0033186179364255953
-0.002916717639816816
-0.0029937585356841264
-0.00149350208157232
-0.0009311075265002432
-0.00016538597366496093
0.001553156588301126
0.0018119874188724245
0.0018092549590435745
0.002858304245312177
0.0028162837540307525
0.0015962950341769546
0.001689452867647029
0.0010901388169805135
0.00036571260633880466
-0.0013540621191274304
-0.002447448494682914
-0.005497243302050314
-0.0061195448243907815
-0.0062465294169259675
-0.007359548329748718
-0.007075391813517489
-0.005245203260796178
-0.0038504488910036595
-0.0024749358702754907
-0.001224295454491573
0.0012050455123174598
0.0024847402249828037
0.0019565947434287013
0.0021953622840360652
0.002385550465456506
0.0006607321387610071
0.0014129859221793414
-3.132760091996271e-5
0.00010217403508544956
-0.0026814627060902842
-0.0057468296515393105
-0.007528997066312334
-0.011792415857786403
-0.012920246763206227
-0.014079829645644824
-0.012398304168446088
-0.011756043273817103
-0.008346728701849868
-0.005383914598674615
-0.004226312131359448
-0.0005820161137191547
4.744292086430877e-5
0.0015342358863240045
0.0025036868657607827
0.0015101271465530464
0.0009164211521972935
-6.598832696323454e-5
-0.0006643399378361381
-0.003251426714749071
-0.006340717306281431
-0.008482079291011581
-0.011835692396892868
-0.01614789853388632
-0.020690398577268246
-0.02235050118053167
-0.02163760753986033
-0.016990571065233457
-0.012520661882219562
-0.00876377918639449
-0.0052066962318901054
-0.001921459373848721
-0.0016425970501418824
0.0008180700986081296
0.0014832453064961486
0.002636136605373196
0.0025836617522627253
0.0026965865182951437
0.0030970775696649534
0.0021309418244994773
0.002358188497307145
0.0021193943912840925
0.0015997937821148232
0.001424941177013822
0.001628958375443598
0.0016704878837614117
0.0013955388359126984
0.0026341761109422096
0.0026683905103858842
0.0023483391974553785
0.003514040519559203
0.0041128087824065535
0.002819665688105616
0.0037328679454072576
0.0032429817897991695
0.0028845400942102443
0.0038433242334374174
0.003290463032538381
0.0025419593802261174
0.001958873752303276
0.0024359803123450334
0.0022351470723410145
0.0021784744831561736
0.002759669037655705
0.00233472602536028
0.0020690971783788883
0.0018142003045408114
0.001966320279192239
0.0022826582909482645
0.003187453701830558
0.004021992997558294
0.004107336559076505
0.004091130510712328
0.004213608220989365
0.0032401872030978864
0.004797539917279289
0.004188625659300048
0.003326823314426608
0.003555741013823334
0.0023550847678301843
0.001561393100385118
0.002063443183877784
0.0022766136737435373
0.0020341286836348524
0.0017987581137096308
0.0011113169297691076
0.0020017316377180547
0.0031681275595659155
0.002647084559619103
0.002514029992919866
0.003700396417144201
0.0045481223228848395
0.004611479350851239
0.005121489902494776
0.005320931739308075
0.0068143801885743455
0.005651726740842309
0.0038525126019312316
0.003855432698413579
0.0037514029520613426
0.0020379652810344267
0.0026681705402153474
0.002121820693179387
0.0012922961617363178
0.0012489158554753953
0.0008581031403522623
0.0018223784083872222
0.0021546232789681325
0.0024422199093646776
0.003159685951088745
0.002140884124663287
0.004615697824281546
0.005281448551726164
0.006746794569985252
0.006409873215500626
0.009160724913826065
0.008105536767409839
0.0061323698429463815
0.004789382294814045
0.0033382193053999422
0.002724930218264543
0.002113978280563966
0.0013259315047534563
0.0008361581777944389
0.0005739446616577198
0.0005713325337728055
-3.230321954744074e-5
0.0007612882543915421
0.0012426802367829757
0.0015428081678054155
0.0034179750398792208
0.004773981777747342
0.007720571025574104
0.009044529261462554
0.010224117765777025
0.011631397293560526
0.009440238110821834
0.0069359965598419235
0.005328101563430243
0.004242195973866479
0.0034515370902930475
0.0027310665951285782
0.001648599373799929
0.001001321861751843
0.0013580865242091783
0.00043732718531107936
-0.0007261877387419633
0.00017471317150742106
-0.00036263722692919903
0.00026047330215910676
0.0024426361441717104
0.006206584547071478
0.012090208128197425
0.015418327464622565
0.014617016308624331
0.01762375456591447
0.01315618431409325
0.009520286596741182
0.007006797636212943
0.0053970362685766314
0.00415882815254627
0.0030829087606684407
0.0022092746447709725
0.00145486523189831
0.0015199379821094297
-0.00016602617841494823
-0.00036655656813278136
-0.0011016278610104656
-0.0027804572482081893
-0.003405647059804126
-0.0002769363234875988
0.005547772757297309
0.02501301552619443
0.02819126713260461
0.023954021215645493
0.026227296265723374
0.017015797418794477
0.0121512051799146
0.008941511485772068
0.00623770500846584
0.004008067688627258
0.004152691541162412
0.0023119704999250146
0.0011590754071228288
0.0014249426169954979
-0.00029212505913238417
-0.0015719762246836917
-0.002769817756265316
-0.007003916945526232
-0.008669219491414753
-0.018193081655416162
-0.007257583309183433
0.05106153850171767
0.056951618509097475
0.03958312481238883
0.034442019867765836
0.021037037386721684
0.014603710326416995
0.009125151831119208
0.006250403608302504
0.004668915150531806
0.003267819413392919
0.0030214073881564573
0.0012307975647012296
0.0006643430779322008
-0.0013254607478472287
-0.0015777203795564931
-0.005523454375529452
-0.010508922146131016
-0.027576705215250092
-0.042415898381071945
-0.040292338867581004
0.3102842231233748
0.125079465937376
0.06104970799148242
0.04094493676259686
0.022020980733264344
0.014475800614810526
0.008856569239511053
0.006403301976194214
0.00406852990432774
0.004325659768152437
0.002685116018755766
0.0017559666008678716
0.0007117246620694421
-0.00033404820937650104
-0.0031527321390269884
-0.006121378194472405
-0.017811057617022414
-0.03187746027671071
-0.11329519550260732
-0.8450259027241616
-1.778735583857958
0.2910080325154622
0.08282728712332743
0.03473768645566001
0.02049430819040682
0.012716144214063864
0.009755070249152615
0.00746956416916688
0.00523370528158769
0.0042477199673353885
0.0032066477324049054
0.0017992868885567952
0.0009862129233929354
-0.0005505626064733058
-0.002881357692834184
-0.006621978287197727
-0.010575944212992636
-0.02862824925834424
-0.039283063222895154
-0.06326267397589622
0.1947796902524309
0.10877988950111248
0.06452296153154631
0.025552710593683903
0.016202901930351635
0.011265357304057508
0.007351831918839703
0.006038204645525613
0.004739919741309832
0.0036229680507599595
0.0021753059970931565
0.001219894309754744
0.0009781220168117413
-0.00024141970478326329
-0.002301492217341457
-0.0033018491142774086
-0.007727126849887688
-0.01003575649651416
-0.019489569114416017
-0.0027206343225873453
0.0558649955462736
0.0611930423498689
0.03891447881528067
0.0174081106624369
0.013364920373907793
0.00853496026017757
0.006755886591634645
0.004432265773520038
0.003162168409394875
0.003191967025688604
0.0027719328687477287
0.001536773725581036
0.0019148550114408273
0.0006945105207754031
-0.0007600200332860451
-0.0008013358110232483
-0.0019042433339262173
-0.003201294030832042
-0.00038537669729455325
0.006098355832800323
0.026109420010920682
0.028262179032485
0.024607217548716358
0.013085755348480707
0.009648614297381737
0.007583253015926826
0.005963049943224861
0.00456222184325455
0.003564864992974748
0.0030807615940434113
0.0025618864251461637
0.0020210813983566394
0.0012922868916447451
0.0012871923963791204
0.00010756304787616683
0.0001629207030039079
-0.0002018797429840882
0.002451226290985661
0.0028511827687807967
0.008042055521350112
0.013881032503719411
0.01721054138852383
0.016432036842624724
0.009070923913562942
0.006732406073661836
0.006266579815382471
0.00535861175461805
0.0035316237443320693
0.003172246512652654
0.0034592131451870057
0.002395460195575921
0.0016292589933961316
0.001082293169803188
0.0004654096521757357
0.001411339428099155
0.0010401777649926673
0.0007130254933660158
0.0022059105446668695
0.0036711988423462016
0.0057596394606446695
0.008796771926121922
0.009368393677013368
0.010787931033296895
0.005371822009945349
0.004690895427467275
0.0056105117733715815
0.00477036276258923
0.0032489910934637043
0.0028763321502273884
0.0028779090432034865
0.00297755060089886
0.001847223456053506
0.0018976710364952613
0.0005803999404631766
0.0005283193042508039
0.0011029410365621015
0.002235043291759746
0.002733108130403114
0.003960424945306501
0.005772364525506173
0.005875305840466314
0.006743169697430109
0.0069796109627449695
0.0036468676482937163
0.0046554551943136825
0.0038045368919032334
0.0037332649953098047
0.0030801821101846534
0.002630204195833445
0.002565840161330509
0.0027153806639523114
0.0017029481928399594
0.0017408011654736063
0.0018699582308558571
0.0013067673960552655
0.0018370314268261825
0.002404008146310394
0.002717313317299695
0.004040049605247302
0.004942556268424466
0.004185404302747507
0.004301933797647728
0.003373715490682477
0.0032226190264756666
0.003991243536859673
0.003479432725563469
0.002405260551649244
0.002963113806631846
0.0018728186799786748
0.0023536794059408964
0.0021712171942543873
0.00205139111709114
0.001876734558223901
0.003344400900665597
0.002306005762903651
0.001740041580056328
0.001675926665214588
0.0030367919314979656
0.0036916045943549843
0.004275257025300468
0.0037446797389365117
0.004469607548855312
0.0035063574892694777
0.003033883418201314
0.002780663404508341
0.003481935261806565
0.0019717709145310757
0.002539165625632571
0.0025619234894314153
0.0023823287790527277
0.0016270225746596889
0.0021155727015718913
0.0017304084074171414
0.002480238529936846
0.002153106064696507
0.001959530760878638
0.0019514594963516425
0.0020268449918374974
0.003419508131309742
0.0032971942521413857
0.0031784220552864765
0.0035130326528092894
0.0037736807029594343
0.004051318301375123
0.002634108915380913
0.0025142110657305674
0.0022859068226993334
0.0014855801389405962
0.001509308470411019
0.0020419267841012565
0.0022270313353635243
0.0020954183749924975
0.0018653879401691453
0.0019200454728090584
0.0018273188937433953
0.002589547844611061
0.001729375795295964
0.001883802191067946
0.0031364745043711193
0.004455290594623258
0.003550132377232001
0.0029692421566481814
0.003673215211905417
