0.00044794659064819275
0.003359329889397772
0.00012300209863631058
0.03214662160557676
0.031717667337622046
0.031929732181646235
0.0254620929494945
0.02206074818154343
0.017572857051061326
0.015862389710308615
0.013367019359543502
0.012880548565573836
0.01182797671843288
0.01131882517522166
0.010583670147245032
0.010589765215763545
0.011415809557176268
0.012108019539569668
0.01407646070088508
0.015174681490028662
0.017435277325108935
0.02221767493921554
0.026206714881963796
0.04271830062994912
0.05521284811513759
0.04114570030939408
0.03477870523011758
0.024091379109167296
0.020326735181229124
0.015264450472067054
0.014072497133554532
0.011393506216892422
0.011458716366485192
0.010974994113165517
0.010892492674438084
0.011421155746762704
0.011575852191547734
0.011895248261670854
0.014668265984973417
0.016021937935517382
0.020496418622397976
0.024774678673810852
0.035666460151580995
0.07621619734899174
0.08102646024290729
0.07415814634502452
0.03968232245867351
0.029826456023016517
0.01870982260323417
0.016068924806274774
0.012115808652735727
0.011746988547375605
0.01129985311721313
0.011017061047090885
0.010292524318170996
0.01138945007398844
0.01163321872182759
0.012386058500518115
0.01316051548954283
0.01659608255773939
0.0195765818881621
0.0297783442666009
0.04111471984182225
0.09002804587356548
0.24285439088775512
0.08671976468075746
0.058118819815921395
0.026298740793581486
0.020986763821097567
0.014230934314229065
0.012531584876026104
0.010853867975940932
0.011010716718513837
0.010180447457318822
0.009734676594974397
0.009680724983715638
0.011282440308626712
0.011443734520862538
0.012844224464057278
0.013924060769439469
0.020082817649472364
0.026520438747909457
0.05967436023885199
0.1937089447850968
-2.444176461657093
0.18054066806045055
0.026033540869211415
0.024347344880147857
0.012282962788932695
0.012627713936497566
0.010345955933583366
0.010352255833026458
0.009065509532368498
0.009378597380765399
0.009729460488137378
0.009049684316434086
0.0099083125020066
0.010284551734402531
0.009879289088233593
0.012285290872230722
0.012488511972723828
0.0247873877403461
0.026686080921333427
-0.16819299137109733
-1.227699564997438
-0.15709483154591722
-0.009490176408256022
-0.0054914243774093095
0.006907665795392877
0.006862004795252364
0.00861739460452266
0.008157986650911593
0.009657865575895049
0.008915159949199475
0.009324163626480598
0.009753054054555892
0.009830134995760747
0.008017339043216009
0.009122597405286209
0.00655603637165394
0.0061293869292082595
-0.005819753487392068
-0.00996258351643965
-0.07244481043746548
-0.21758103094850914
-0.0695083382107019
-0.03904739022734644
-0.00743611929053508
-0.001175626086499886
0.004524230516105613
0.00614394619194084
0.007231873793447949
0.007616906479556121
0.008056650414034337
0.008884785714490423
0.009747243984273304
0.008367328979423664
0.007735331106035007
0.006140039252787687
0.004542594822829657
-0.0018697041231248125
-0.007922044894488993
-0.04141796434629002
-0.056291464123030134
-0.06081768036448576
-0.05364850742984077
-0.022042809190282425
-0.011611952987047224
-0.00020639986878802152
0.0025669480116472
0.006474199221688395
0.006565918263832314
0.007673178182078634
0.008124869844220272
0.008105566408227736
0.00767653719256805
0.00816557753939777
0.006743509561924858
0.0063772592632706905
0.0021738188418018722
-0.0010283077259592966
-0.011342002694056597
-0.022487639502849724
-0.02246817419804846
-0.035510255693043676
-0.02365994722786488
-0.015807817703380484
-0.004840802065524835
-0.0014703783213726096
0.004394557655330106
0.005243042166913921
0.0069760520124785294
0.006914730077535373
0.007838074902314062
0.007919380085935923
0.007066295929975117
0.0067064103819849665
0.007341766345671451
0.004594291991953899
0.00293499543127888
-0.0019356875976554151
-0.005289178178703479
-0.017423240395506107
-0.0129410391802573
-0.01362199654588564
-0.013563984013225078
-0.006810837065565413
-0.0031720306326714267
0.0018177502950708427
0.003147023225929371
0.00518779562747145
0.007095511628692474
0.006393493948265838
0.008272196606805822
0.007438317508568195
0.007127612054869423
0.006667051248510224
0.0067226099387267995
0.0058406936918148685
0.004357244668012696
0.0013103074741549828
-0.0037680499261745484
-0.007226767863059938
-0.003540431526439169
-0.005899036790960077
-0.004200137292317145
-0.0028641370136930186
0.0011875133203066537
0.0032929284150371003
0.005140849315689769
0.005762315297995638
0.006560699044283778
0.006976000764562329
0.007936574786405767
0.007869150380534443
0.008149411057009186
0.006606323441274637
0.006153481738692232
0.005542949589061523
0.0042300095511130075
0.002882283699401908
-0.00013231530329842534
-0.0029032884461855724
0.00011389146416470081
0.0014374563961777253
-0.0003854358949341154
0.0010868270443749233
0.002425579371922688
0.004566096915374981
0.00566782588991142
0.0074018677353899645
0.00727486942374554
0.007822260958309043
0.007165336513656958
0.007935384845906644
0.008114742830442567
0.006889911621451754
0.007029880625117008
0.006221857665549814
0.005284336614301948
0.004853467396082148
0.0025279206097916307
0.001490236001506164
0.0032905529152406536
0.0030707936423521143
0.0031347822773136374
0.003942789410967508
0.005564010235240223
0.006724259862218618
0.0067135187689442485
0.007685126136200426
0.007511412298654394
0.007592387842253974
0.007943365136002259
0.008942136315154794
0.007888034791035371
0.007371316859231861
0.007258803519718643
0.006999882406929
0.006942678994945853
0.006364725147802967
0.004776523579972934
0.003329932437801611
0.0059271422471532925
0.005385126208873592
0.0062766122253713075
0.006512907578721683
0.007383794460750205
0.008164088239326227
0.007980108453359102
0.008272584715280949
0.007585322133245756
0.00792060465577027
0.009089855976380613
0.009590915344175343
0.008494342922097529
0.008442419501340047
0.00791181778867666
0.008177593820677296
0.008119550975915508
0.007391746603944894
0.006237159578346194
0.0061019536779002275
0.007902515069734776
0.007702372810290023
0.008501047202084569
0.008582839396419607
0.008498311186078926
0.008321577670317184
0.008609230540230536
0.009440421188409001
0.00944992739471925
0.009483878698189608
0.009388934329409149
0.009192749738312748
0.009343433628668818
0.009279475535853897
0.00896928285055903
0.008419935965004888
0.0086042569083676
0.008312945610631565
0.008279945728012
0.007592994222832958
0.009372823660588938
0.010265098579192446
0.010346324605756992
0.010484358926166282
0.009745354549348086
0.010223386999733268
0.009021213977264221
0.009621098635060159
0.009132560294660053
0.00920925928419182
0.010097592671462235
0.009127458870686698
0.008854226827691871
0.00975859901214233
0.009361001483511532
0.009884054491760516
0.009278000533727517
0.009061371968404789
0.009270389410846463
0.009975795043956872
0.012175853745151828
0.01222119329526327
0.012111365701003917
0.011885020247571371
0.011868313788180127
0.010858607161480668
0.010770762754824291
0.010773004977728508
0.01074443401251472
0.009632657843232709
0.010209561057284431
0.010059096347765544
0.009736225566917075
0.010526729416132068
0.010564703149115473
0.011281330790936727
0.011475270970024284
0.01076385662997835
0.01061341259971265
0.011426363325604968
0.01508797442451232
0.015132734193161594
0.01501323829605578
0.014586520346911656
0.013479878540371347
0.012367813037481835
0.012181271659910061
0.01105027902624779
0.011148957381187525
0.011215537359611063
0.010708384442305026
0.010339949271863167
0.010474531607364099
0.011014953579430194
0.01095996643244071
0.012166571482307147
0.012586549390478236
0.013208005661661849
0.013282171251614091
0.014603511595415999
0.018628310592504884
0.0184208753076209
0.019050157546165934
0.017096228387347527
0.015074639724640572
0.013482970002717178
0.013079900720268907
0.011910501256905768
0.011474940877903067
0.012157543441998365
0.011141938205964794
0.010335876928977358
0.010942747657928431
0.011238791145890152
0.011835363737048597
0.011442414268294763
0.01286175696998307
0.015328921570393412
0.015867106624941625
0.016503094061528556
0.02248088594889601
0.02536203776934666
0.022613145861653784
0.021476483660723675
0.017172590776075268
0.01522150304997247
0.014081652344995725
0.0123219520307675
0.012315559265317851
0.011442784120128776
0.010711847753855986
0.011316236364174748
0.010953665553402945
0.011534434874165658
0.012053747553785295
0.01307093065869429
0.013617639783408625
0.015512758818259855
0.017255947873801632
0.02218675785051268
0.0016002019502124882
-0.00554147730085103
-0.006095858991835659
-0.0019958465439782053
-0.009427747382853204
-0.012519756678778384
-0.007185004272110472
-0.013619957831113026
-0.01231420889151143
-0.008531145462751459
-0.00977044178710939
0.004143583215112786
0.004380654715101548
0.020391393749702256
0.025990791467415047
0.028568391626138157
0.01635154584168635
0.01647061078402033
0.01453951621552042
-0.004327506891348512
0.01316088635188553
0.007249280358524194
0.005097837521078203
0.0030494519282011482
0.005637666304635667
-0.0034920952957615105
0.000342958121079094
-0.011612064043777355
-0.005009351647297626
-0.003880612377216386
-0.004777387008217102
0.00010734015541825101
0.019955466975324382
0.02586356526296841
0.043984868781823235
0.037279534951549315
0.05161378038820862
0.028538100280379276
0.026159038907660682
0.011097845745119031
0.005434495599414092
0.0031382580690541284
0.004436367118025751
-0.0037853691733691526
0.0006191517707718986
-0.0038836211390188943
0.004784826864154059
0.001189972043557661
-0.004380641807935194
0.003755611894771342
0.0035640969884640243
0.013358727176940756
0.02009507521834536
0.03618887022946983
0.1899827927583921
0.07502957143890218
0.036772866007395315
0.07324083524263414
0.026807535074870045
0.020897011274572774
0.02242769513835901
0.005803159721560007
0.006910789532354949
-0.00532352210018503
-0.0023646056889121644
-0.005548221340085405
0.000617041596132029
0.004747451179931144
0.00028545837223503017
-0.007198513757160571
0.004174511201775517
0.010923629491011699
0.042723720819871816
0.07753299188717372
0.017158135971445967
0.653328534112897
0.25455602460850585
0.0784355309810018
0.05652861608385188
0.02483727977948225
0.01384281632341707
0.016465486901192993
0.0032929842513039417
-0.0056065663844256895
0.0033101556295680916
-0.0035728135687484353
-0.010376147079771358
0.00029313489121806095
-0.005434829714323893
-0.008656858709638074
-0.0014577955829497976
0.009243614589303019
0.000843314822942396
0.03105478231495286
0.3627510460822372
-3.6827951344151284
0.3586665265686933
0.20795353931083327
0.05558969674068438
0.035414464922551674
0.013336350847747825
0.010290090131969661
-0.0006851729095799476
-0.012866539265622968
-0.007346159892126062
-0.0024484141547932835
-0.006148375063350132
-0.002722346676430789
-0.0072864860403631096
-0.002706951579432947
-0.00437942767890367
0.0031887978441827647
0.02557897409985794
0.010856196924281742
0.11661140067343116
0.37570773985142564
0.3264775479704455
0.004925621655827042
0.03667524924680855
0.01656806996425294
0.005379024062761457
0.00020904480321899243
0.0011926453786333868
-0.007968346400932358
-0.013132570035058404
-0.005699447483893576
-0.01125082006413408
-0.001929293466275044
-0.006885084389163506
0.0011016109432227094
0.0046845376271236975
0.00992491206017843
0.012570986394047495
0.02780633646946997
0.051782545340224646
0.170750909434953
-0.10737171687954684
0.05880928168537041
0.019969754659770304
0.015887274000187364
0.012376333893854065
0.0005365946385413652
0.0009932438148746144
0.0030362993387497523
-0.010174969542084532
-0.007403515282731086
-0.01515965329763344
-0.011015144503550196
-0.008493294761644316
-0.009702844868501542
-0.00376203946361952
0.0019003221203316928
0.008623525603193573
0.01214754213719158
0.032443210588347975
0.020123942842209076
0.03546566449183498
0.013587032392988968
0.012855239028809383
0.011772595144620633
0.008397199305928369
0.004277939901173575
0.004137201540550094
0.004735721413064353
-0.0032757950130369575
0.002736116272261647
-0.0015488609475586682
-0.006903974447845195
-0.0030940832787294216
0.002824501128731733
-0.0009489079710960544
0.014914149577101516
-0.0012717642105262634
0.014848059277594482
0.012012657493263272
0.019241997679045362
0.0037071740079437426
0.007512258772346132
0.007814799165849859
0.005563774132286528
-0.003492701079743498
-0.006714351465936141
0.0035280394806738113
-0.00015938523241328334
-0.0026096603760962594
-0.0073069357415487465
0.0015411566100133217
0.0021123839090672137
-0.003932950084729665
-0.0005379495155974662
-0.0019500114454351404
0.002686334385789856
0.008112989136296152
0.0008553717483711417
0.007995599855871642
0.00820992174491169
0.006540212079609035
0.004770304081808382
0.004907281625166573
0.005030936999648368
0.00021997699110382833
-0.007736927370044841
-0.01242601470090345
-0.0026145592195416477
-0.010011621950110072
-0.006558403311643912
-0.002841666514109096
-0.00463971464833271
-0.004382101317651702
-0.004991562010668797
-0.00909308827533381
0.00015451806751148617
0.007189058484527264
0.0005690769821802459
0.005196683808263142
0.007861964221201397
-0.00018999316048387972
0.007674352120936668
0.0032900633177013225
0.0038804859075184453
-0.005305355329942221
-0.007599623108246533
-0.01118597210480113
-0.004124469396648559
-0.0073276276064617426
-0.008151671735321801
-0.01059019460827201
-0.011627468382211773
-0.007280281871794568
-0.009359599912869854
-0.008809547806169984
-0.009050686091491258
-0.0003516862092067283
-0.0006127935965868541
0.006187402592766631
-0.008587124267715263
-0.005703299523337518
0.003841760382174481
0.00098136475096191
-0.006384169961577061
-0.008893230189765365
-0.008528672684643227
0.0023847713717883015
-0.0014162302404696588
-0.010098925477435159
-0.01034888052276657
-0.004043042363926507
-0.005377668473196098
-0.0029191723950166403
-0.004869448166032865
-0.013658240153849775
-0.0058162463900156445
-0.009625614469821762
-0.002354374161936161
0.003431147504478956
-0.0008402999555619943
-0.0006358656978423403
-0.005961914573296554
-0.0032510081483923233
-0.010025108232211595
0.0031379976996985144
-0.00726055263792699
-0.0006302412973733258
-0.0014368218683783697
0.0009733247746193393
-0.005326011073765326
-0.005375105758021042
-0.006278988103625843
-0.002740092058551817
-0.007778195018028405
-0.0060543038982918025
-0.018567561076091876
-0.004580773795490311
-0.000489312658765845
-0.0064822653630385065
0.010630914821767812
0.0008530726782482062
-0.009269232274350652
-0.012793680967332143
-0.009895567257171797
-0.005554059174570636
-0.0002851611302792196
-0.0018159006302246004
-0.0009816016060380653
-0.0022270566376918106
-0.007621365120430687
-0.013272208290848105
-0.014530236401523448
-0.013180197214297465
-0.013171864715469361
-0.007372403419817779
-0.003777583226251867
-0.006100854218932368
-0.006761646140468824
-0.005348088734860722
-0.004490120833468523
-0.004618922897379092
-0.0016734828599676422
-0.0035435136531009304
-0.007562410820720243
-0.00491247349421238
-0.00596984173445515
-0.010299837310712816
-0.008457216853526777
-0.01023836463387984
-0.010199061647369563
-0.01593277102970765
-0.014074764595173398
-0.012295848681570277
-0.005968133688171781
-0.014472191144261445
-0.0010521250317962606
0.0037424548675177574
0.0012117090054921862
-0.007936736905092353
-0.018202855858484412
-0.00223665623774541
-0.008924591965119336
-0.0035315590785552145
0.007288315747233152
0.004377894476290331
-0.006110224622002241
-0.00984355044394295
-0.006863383399220962
-0.010585482342870706
-0.00534027760907978
-0.0039638283237269315
-0.012652424691607616
-0.015414896745463933
-0.005510163080437199
-0.0013700739308871992
0.000908635647746341
-0.005080120447930894
-0.001040712339846232
-0.0049905389491574515
-0.003803271249516798
-0.008958132701124524
-0.0034254770673565246
0.0018167942892688277
-0.002419437495656114
0.0009056682410820477
-0.00029879091861887775
-0.004369715025437355
-0.0016486494140448022
-0.004176550607742885
-0.006513787136187153
-0.005516473500289549
-0.009845106645319101
-0.0005867586174667464
-0.004629093237826028
-0.003191513545253639
-0.0007150992303505714
-0.005022887480759774
-0.007850457521131306
0.005060642637033698
0.006181190262346222
-0.007448884268264079
-0.003129349040744011
-0.0037027595475297844
0.0014221550743063224
0.0035634254143741724
-0.0023799695966938666
-0.005187832962005576
-0.008070211409451342
-0.010403418497816732
-0.006841558302938543
-0.003439811708272671
-0.009933348518505419
0.0012570386082103807
0.00048555659408999546
-0.006949048382910388
-0.008115983621928488
-0.004777927485883625
-0.0028846219636009408
0.0038418184431092536
-0.001223161351929573
-0.0033722646260893317
0.004096208748254799
-0.005289714576763792
-0.0026572018737146172
-0.0016370204213752137
-0.007262121683621782
-0.005706394686199932
-0.013317329476787121
-0.013490498142710845
-0.0047286492785580374
-0.009770793316112799
-0.009571660698116104
-0.01225892361271646
0.0003916403648988533
0.0011667436490692532
-0.004444150444774688
0.0037615854331323655
0.004459146813475494
0.014067368309201734
0.006731065332177398
0.010966114910892171
0.009182470784141672
0.0019854908350899793
-0.0017159677220808188
0.007360953826774605
0.007467009675067133
0.006878916003893672
0.006740501888057772
0.006640680521223637
0.006078320816661068
0.0070545999629446545
0.0074802454985912785
0.007828719171368842
0.009386833023694328
0.009558883984190502
0.009097047460771116
0.010104371413626316
0.009669455911842897
0.008352107585652486
0.008485377370048381
0.008775180921184149
0.008814350419542899
0.008783839042382243
0.007058941363769471
0.007036410619274265
0.00707827805929989
0.005710464519072891
0.006529883284498147
0.0065005953030373865
0.007045185427577099
0.007370587426556689
0.007537153837093453
0.00810165838297152
0.009840598067984038
0.008959595333949973
0.008464983432686804
0.009012821673316039
0.009308685309929843
0.008924598190299782
0.008755444294787779
0.008152637940050873
0.008113997677778078
0.007906717536467213
0.007054306231169145
0.006590858409961669
0.00618231188127793
0.005383166799749912
0.005879659406147269
0.006006378803448031
0.005799322514911822
0.006577409463445603
0.007421558737776546
0.008103109326801009
0.008981779260194524
0.009623965697597348
0.010419096034281736
0.009325931017818732
0.0101123623277173
0.01032569457902351
0.009990624165350277
0.009422899676550137
0.00833327903473792
0.007916199955027754
0.007044507486079869
0.005780729711019215
0.005580076273978761
0.004752296299108592
0.005249901590255768
0.005591186450504456
0.006320488114967981
0.0070848670874306425
0.007985688714346306
0.007985826714706601
0.008938593241952906
0.009355232811741599
0.009846907652300035
0.009640101045740463
0.010568487028619664
0.010288779525508052
0.011114180963451287
0.009512063554167413
0.008362199476737836
0.0074873221534722655
0.00704397814848545
0.003123751569115714
0.0035866525941147397
0.003915725884619925
0.004046886110510731
0.0051769029237551285
0.006595260289932168
0.006538244906467075
0.007476646909501591
0.008421086135983073
0.009454409235725571
0.009680668330442897
0.009859950107392306
0.011658586249074997
0.012272825290823255
0.012464392904327498
0.011172488842349414
0.0112695019671036
0.008991125748799919
0.00772736162066328
0.004556403228912412
4.495344531277987e-5
0.0022842894657097886
0.0026798627653254804
0.004325829989126721
0.004663854752107909
0.006201558452520177
0.006796929856039153
0.007031483769888765
0.00848027931832733
0.009659388829565746
0.010102163467461374
0.011616117413871327
0.012866315039098785
0.014078142041331237
0.014010740616468478
0.014759678286179346
0.011824879887612235
0.010667835780250266
0.0052845565071349635
0.0031553080610649885
-0.002237597636835259
-0.003196874102325744
-0.0009584251615662958
0.0007920721842194205
0.003332954743006643
0.004313914311821846
0.0066947179946642
0.006705509902271103
0.008837633098039463
0.010205765012687317
0.012529127169740193
0.013686760905355722
0.015315963519541159
0.016336701505594065
0.01888110596382821
0.018361544805465955
0.018129966275931032
0.009989483147504377
0.005105824039633627
-0.003063302034651868
-0.012632066332208713
-0.006807797984964916
-0.005272463560626625
-0.0007740519222625545
0.0011611805635068542
0.0034028286580562875
0.005664880578987649
0.0074366341159119
0.009028586406153092
0.01078963250931504
0.012480849316541864
0.014906869247239725
0.016250339800863607
0.02078664588857274
0.02303756392111901
0.02845032148514546
0.024701648795729492
0.023119515014442118
-0.007229330451958589
-0.00963076618903546
-0.023714849418219323
-0.018229418345360307
-0.007716302563960291
-0.0035962706380787773
-0.0003171549470273176
0.0022988377039838337
0.005572204678033198
0.0074562456374692105
0.008904220033495122
0.011266340579952613
0.012717338123083316
0.01552316616668463
0.020135250387318757
0.023444324014700254
0.03295084708761105
0.03970415838522748
0.057284642472971055
0.024579412276266307
-0.009984884943712302
-0.041744787874718144
-0.057544914199663365
-0.024285872144698427
-0.01433109503627975
-0.005501136478213389
-0.0014353447400615085
0.0020565272678483588
0.004598376569526351
0.006561956066802676
0.008770532901462388
0.011567058633750082
0.012486309007591812
0.016476426718737457
0.02068964419924489
0.029953128021537958
0.039887778012393835
0.07420047082652885
0.08839315316694665
0.19057334144251198
-0.1670557311268676
-0.07348246794739874
-0.06221777273866576
-0.03637262459666765
-0.013408185178501673
-0.007591152827133526
-0.0012963994032218855
0.0018497578005748226
0.004907281028046872
0.0059042343785966735
0.008616546169401662
0.01165473547967098
0.013777219280116293
0.01650122050303728
0.023410044538390587
0.030006341516135022
0.052975653776826434
0.07857235629233483
0.23920656742832574
-2.110894496877615
-0.9229447193628728
-0.21441895897778268
-0.05563351042773852
-0.023969163957645423
-0.013429846874872984
-0.004515759073543215
-0.001138563865538755
0.002966765380197081
0.004337410730932131
0.0065022586641127565
0.008898333102153995
0.012200759833523304
0.01343646361944918
0.017150807602292522
0.02094465076713401
0.029549161580896575
0.039678807953442176
0.07215463071834537
0.0853038974570238
0.18091328467822906
-0.1572412184138587
-0.07056457955258494
-0.02400718718826024
-0.01767367792837038
-0.007942417984665908
-0.004422911108182718
7.463476410916794e-5
0.0026303820843608795
0.004289489478797462
0.006845653023429578
0.008926178604620569
0.009870824093638092
0.012444110955075393
0.015543877844175819
0.018769013302392133
0.023516272880099557
0.03363874465958061
0.038906487202539336
0.05697131951358592
0.024552545706807472
-0.009143614391338005
-0.0400847395108278
-0.012024838806257246
-0.0067053799096087364
-0.00461600143240745
-0.0005328642693353351
0.0006995106920290751
0.003476913874769611
0.004454485630346675
0.007374921925940215
0.008814617825772463
0.009914954417155649
0.011772336864051583
0.01490973324864491
0.01599569328444405
0.02064941879385368
0.022156995880943924
0.028589746009637654
0.024387921994139066
0.022879442414994705
-0.007166900668445546
-0.009442698080900879
-0.00196704220481087
-0.00299676997823583
0.00030855768577869755
0.0006543864990039595
0.0025658148642686996
0.0040027135534578765
0.005314404472529847
0.006341475183020016
0.00845749132015874
0.009771313694252902
0.011695057633155589
0.012997106046075485
0.014804055409515926
0.015895810242156964
0.01850374843797313
0.01768193360613545
0.018512705084016298
0.009884998320029717
0.00494782573904328
-0.00263239188413805
0.001259307976054534
0.001574237888495297
0.0025450243082988148
0.0029224135370976454
0.003693207162258541
0.004589596075341449
0.006115099549894875
0.0071849000746128265
0.008731566594888709
0.009408493023562729
0.010060435708526086
0.01187809718991882
0.012017268337631613
0.013417773518448707
0.013942686594968284
0.01507109112085817
0.012012847985991148
0.010130007756051053
0.004316494310782908
0.0032411773871774264
0.004361833526042003
0.0028623213986423146
0.003740526687861253
0.004232140245248876
0.0056424349353628184
0.006161785250940101
0.006540344680395086
0.007836880699697598
0.008010856418175002
0.008840095329710855
0.009046418329727083
0.010122375197329395
0.010717177054383633
0.011636071512539793
0.011711385251742465
0.011088073409781542
0.011620839139280888
0.008916835868646911
0.0071750025027879395
0.004899842763087999
0.005850714894132621
0.0046045687240101356
0.004750197200643058
0.005617846535299655
0.005516646571953928
0.006447360594916654
0.006475393208984539
0.007661605230856901
0.00841082926157672
0.008977851864695312
0.009031530151356135
0.009580251914278146
0.009709123582532439
0.010910017600147703
0.010018585512597579
0.010018053940165108
0.009188426326685768
0.008479174742567425
0.006957531650939902
0.00660558383594194
0.006824534349083782
0.005142108321304861
0.004904845548260481
0.00613746550094134
0.005548142990803566
0.006292835157595309
0.006646103191018067
0.0077143080362424695
0.008723291768812065
0.008604564599809206
0.008959725126671574
0.00864531550258187
0.008570286082183616
0.008744280396606203
0.009522082611174609
0.00945700055570658
0.008918637423239903
0.007975397247552338
0.0073571477582976925
0.0075012255579146045
0.006961468214830003
0.007021330079854954
0.00624760477332633
0.006900416262818314
0.006579747304115415
0.006684836050535519
0.006835756775252001
0.007414812340503087
0.00804999622844144
0.008837989412560952
0.008940957075579663
0.009960385508907533
0.009668133177921739
0.009431836684380917
0.00824354508809412
0.009880357983456895
0.009385667643937338
0.008605856590139327
0.007813570863672858
0.006823432673422381
