0.00022671906591247931
0.00026737652572436573
-1.3474910030995086e-5
-0.00040136847218839476
-0.003607793806869515
-0.0035441787193467213
-0.00645297783330871
-0.0054388530254414315
-0.006418163145841483
-0.006311600067885877
-0.007012864493934537
-0.006408510128780039
-0.00824463321766955
-0.007411501114851683
-0.007360298402323033
-0.008025133054197685
-0.008469992740682556
-0.005861612795651273
-0.008289682953040332
0.0038297234241303777
-0.0008224971088509516
0.1542126674623234
1.215958608384451
0.1914274630736005
0.0061103802726089245
0.01367437018803962
0.004904522390591529
-0.0031510575357329407
-0.004841526741854617
-0.00521332704776348
-0.005058588656557716
-0.00648315375368146
-0.0070052793967303765
-0.006702208796692122
-0.007198685656482895
-0.0067493451774119475
-0.0062840489908876345
-0.007120250736717979
-0.0048265576180068735
-0.005596214130464679
0.0009532850673625036
0.004583569824804573
0.044554001814511
0.06522021487890067
0.2383580536112298
0.06425877179998098
0.050750019252019635
0.010103147103200054
0.0025990864314145703
-2.835219969350605e-5
-0.0032042210312238904
-0.004363644117229382
-0.005815303571515596
-0.005693761815436631
-0.007192935070349789
-0.006579365185859779
-0.007020881478955394
-0.00581157860801308
-0.00582603980501664
-0.006195345236907338
-0.00457988728508644
-0.0017524597704542586
0.0008132552683965248
0.011985674896488288
0.01907788840331021
0.06498953617227418
0.05585771174156628
0.06384358759696068
0.023386840380199884
0.015146130209674813
0.00408981864076002
-0.0011582302396950044
-0.001267966775038482
-0.0035976283622567457
-0.004493559591919954
-0.004599236656519073
-0.006013855775709492
-0.0062389330512467875
-0.006124356337097335
-0.0065128038293119205
-0.005888492935108613
-0.005483306632050002
-0.004167585880811182
-0.002585868271084237
0.00226120881499532
0.006159033901091459
0.017809201174398975
0.02354890306327867
0.03985887326376471
0.02371054825223366
0.02022600220720035
0.007009761487453549
0.0012883457598351752
-0.0007082304353755439
-0.0026252718970124953
-0.004169574839613371
-0.004075372699198551
-0.004473647792291582
-0.0052647175796563216
-0.006053144197027638
-0.006163519146403856
-0.004894998781933263
-0.005369255258639943
-0.004625676304760618
-0.00458639767731901
-0.0007521090477538709
6.583914627017001e-6
0.0056253865615256676
0.00830515950290786
0.015689006344552288
0.015274938837328772
0.015829478581543724
0.010056782036007366
0.0056771823639624975
0.0007148789341080301
-0.002048185092169308
-0.0023053102074271194
-0.0046119557544091186
-0.004533197419470724
-0.005892355225304091
-0.006475020860718442
-0.006091440463805381
-0.005906720171580507
-0.005959385521248327
-0.004821156061222931
-0.004899410265856235
-0.004388422762613045
-0.0029291235021070825
-0.0006926991336720905
0.0013033310313666135
0.005448968182885971
0.005926828374227361
0.008577131491750834
0.006238554252054905
0.004978118968510487
0.0014673295816377027
-0.0016006047935008894
-0.0026103507756880602
-0.004380360400587898
-0.005402251637035467
-0.005581391980050129
-0.006026276328298729
-0.006660949182178714
-0.005989929278259226
-0.0061705905338709085
-0.005829750474167903
-0.005792848353284072
-0.005197988624267049
-0.004466376553193195
-0.003469096235529503
-0.002683505090251873
-0.0002269629990421807
0.00023780075003268584
0.0026747279518950524
0.0017096955805698368
0.0015411782850184746
0.000923894522707082
-0.0009436273827571666
-0.0025064609397592945
-0.004281601630627638
-0.005006208768212672
-0.006228095091574362
-0.005335222830389911
-0.0059995812998459574
-0.006115109079651249
-0.006055657960333124
-0.006451982006078416
-0.006279318444198049
-0.006523099910158524
-0.005514883647101735
-0.004349492625925535
-0.0040279849177140715
-0.003695026671799527
-0.002972586406918847
-0.002105013255225167
-0.001427111387321145
-0.00020671479967900898
-0.0014927481187421052
-0.000245126175194093
-0.002275717965309436
-0.0051480310923590665
-0.005913457181985495
-0.005905913556670351
-0.006006673846117175
-0.006205420077509437
-0.006713937265934876
-0.00702053085887565
-0.007221618339617585
-0.006618671636480645
-0.00664506925141199
-0.005993093368228665
-0.00505447359141682
-0.00541287175639045
-0.004645399682807473
-0.0042200043603161635
-0.004308379005322368
-0.003931280295829359
-0.0029543193152128345
-0.0035386693114119222
-0.0029255979144805805
-0.003930714512945008
-0.0035470915337427744
-0.006525222331748988
-0.006197047749759697
-0.006945972466566404
-0.006983388351270202
-0.0064830505664519415
-0.0069016633049316205
-0.007358330073274683
-0.005902491403963502
-0.007083323221376201
-0.0072204375474646245
-0.00660104661217666
-0.0072626117049543575
-0.00690488061059381
-0.006673195470871962
-0.0058480812702920775
-0.005422547444706658
-0.005539101800785182
-0.0057458173746307364
-0.005370187302089899
-0.0048225241992945955
-0.004862836117396192
-0.005592223561464019
-0.006804846978414708
-0.0066960011898392156
-0.007508332111911931
-0.00790664214476752
-0.006879044959424201
-0.007105317418228626
-0.00789248092903185
-0.007093108471900284
-0.007446376037642671
-0.006659274172134313
-0.007701099928087213
-0.007672140838605617
-0.007146501639854885
-0.00791510883977287
-0.007561919295126264
-0.0076648059038095795
-0.006217442535614726
-0.007164712783642983
-0.007478336348980402
-0.006969823155166468
-0.0060673130581196996
-0.007670762507814088
-0.008334371131563571
-0.007855699893311065
-0.008596219351039795
-0.007427590877405669
-0.007399793559858657
-0.007699980374019924
-0.006618822940080501
-0.007160865779351029
-0.008335195960948163
-0.007650969439760209
-0.00838741140933872
-0.00800636114091751
-0.00780848629581667
-0.009080782284249219
-0.007664441742997547
-0.007878455184391746
-0.008296180638129924
-0.0093168119730419
-0.009168813562078314
-0.008796548023293221
-0.007767755654709903
-0.008748751780525713
-0.008783729523349963
-0.008046752503879942
-0.008485074968206632
-0.00874638887696791
-0.008292996059606686
-0.007716623399359898
-0.007465365893594671
-0.008074646063912368
-0.008693769553113446
-0.008742006035041385
-0.008199692677736249
-0.007982444343798144
-0.010011795105605828
-0.008800359262745257
-0.008395003074359711
-0.009206867342076359
-0.010077106979976925
-0.010666157347347988
-0.010543272394828303
-0.009757322481331335
-0.009548950523067968
-0.01043646052740447
-0.01106808320727055
-0.010044028020161475
-0.010176668115799741
-0.010022429630374087
-0.00997257570029456
-0.009020088970659947
-0.00833619414467132
-0.008167880903809049
-0.008979795777807657
-0.008315490046652862
-0.009194082005383571
-0.008798676828235558
-0.009602611945366078
-0.009400783875267174
-0.009995304937701755
-0.010605776198381886
-0.011496402983530664
-0.0116195704042994
-0.01193983849695326
-0.011840751779515936
-0.010995656067309187
-0.011076639712110169
-0.012341989847635295
-0.010997115723622485
-0.010198008620017778
-0.00976841798259694
-0.008270850519323756
-0.008458681086035006
-0.00820615466525196
-0.00902817605246465
-0.009215612207723977
-0.00921818079743434
-0.00919131570358202
-0.009806658264357851
-0.009794102992476105
-0.011356410652712517
-0.012407932669757578
-0.01271131126254096
-0.013838400393598993
-0.013950518478279259
-0.015234784402551353
-0.013775117582688257
-0.013146192970565395
-0.011494811145689801
-0.01135370301896698
-0.01118911993654323
-0.011205060053624283
-0.009679033508654967
-0.007992996697262783
-0.008561734947499297
-0.008648854564436155
-0.008050009581105261
-0.008807293473849476
-0.009994715016875273
-0.009523264490349006
-0.01074470485748357
-0.011046240292069033
-0.01324586339760918
-0.013204461276764484
-0.014874795935528883
-0.015979630352843284
-0.017662522004010663
-0.01660114235351448
-0.018177352002566653
-0.014732881954133407
-0.01383607520920718
-0.013478276396446508
-0.011053166758104851
-0.011312435896489725
-0.010635793277648613
-0.009592039041106124
-0.009072387745286011
-0.008625329404165183
-0.008428712335614251
-0.009083878720450632
-0.009542913890494682
-0.009958037799853287
-0.010994243447855058
-0.012387778438042472
-0.013913681816451225
-0.015194982475433544
-0.016990351784753898
-0.020093513671922112
-0.020907143386404974
-0.0229416641873778
-0.021740249330678175
-0.01935978419946058
-0.01644247838335771
-0.015071035365164484
-0.014531940404608782
-0.011944697915147132
-0.010570142008925448
-0.008809805260606582
-0.008883972040592445
-0.008469996923666394
-0.00811725056664278
-0.009199336622462117
-0.009611796992829458
-0.009296277444145636
-0.011519576745473272
-0.012437438439165442
-0.014694723913547906
-0.01665910833185571
-0.02229302597698695
-0.02432409246108821
-0.030914721691317728
-0.029931250818252146
-0.030616130075888173
-0.022410489088802343
-0.02051081976698608
-0.017054719657785867
-0.012786287637647345
-0.01227991591036379
-0.009269635760051733
-0.00869019971736112
-0.008167178407522107
-0.009898200576912096
-0.008488960019744899
-0.010116798109443085
-0.009236664654807634
-0.009875853893031483
-0.01074174892973265
-0.014136352186674337
-0.015564989182065843
-0.01944234784912024
-0.02347791864010229
-0.03552499935760768
-0.038714780457078345
-0.053781541942759616
-0.03903397538777002
-0.0321641434037843
-0.02028898706577396
-0.015892439460703754
-0.013583121985822249
-0.010786139932736444
-0.009450131013782304
-0.008230457483352499
-0.007985257255564033
-0.008307617032655706
-0.008583244504402425
-0.00937990895742094
-0.009337701560063782
-0.009297963949876604
-0.010573373990880158
-0.012711497966241766
-0.015672633955190234
-0.01789557569233241
-0.03078028925820126
-0.03818287377208769
-0.07767314930184863
-0.07233265053307433
-0.0730725372940402
-0.03334888770778055
-0.025625680899197208
-0.01703548943993101
-0.009570979705268797
-0.011422652749489063
-0.009226617350043079
-0.008167828297802352
-0.0069843049805591575
-0.00911829946646587
-0.007895996572840479
-0.008397541708424897
-0.008349901907573443
-0.00872810663476198
-0.010368034385213554
-0.012775438502674685
-0.013603046976750289
-0.020959154751785045
-0.025825185954135146
-0.06420548267345798
-0.08889156161591363
-0.23513302725497476
-0.06783893095678761
-0.05627955156913703
-0.018853571810793366
-0.005813254510450279
-0.00878609869679321
-0.008467714953623135
-0.007391005849504835
-0.008069727369223453
-0.007498224401729913
-0.008448292154059978
-0.008379892187853151
-0.008185530822042689
-0.008289919385788842
-0.008786453247971776
-0.008546055311608148
-0.009509235849392405
-0.012418353581343933
-0.011872809537905649
-0.03175511904625304
-0.0252640342015301
-0.3202187685226798
2.514816963394568
-0.15669706815542234
-0.010911316615344424
-0.020895482628739734
0.0049461433745287085
0.003162564791039804
-0.005837774592015936
0.0070145236126879975
-0.007761319659209919
0.020685975561954985
0.030579110058349353
0.03238034710454782
0.0222385381438597
0.03432988274646798
0.01604126059467792
0.018316906802672575
0.011747323213585773
0.00505543537520017
0.006288575706116658
0.007673475738050078
0.0025801108638658647
-0.0077182099415615026
-0.004483589263965469
0.0007629183456167544
-0.013805758471482837
-0.00681337787538159
-0.008025659792134994
-0.0037622779686723013
0.0044785042691601615
0.0005912443016374486
-0.0012975829222884156
0.0023530928673579712
0.006703106065793952
0.011417625372803894
0.02575590223042439
0.017832466137466658
0.007024171465139767
0.01449286086199638
0.0034851126305992484
0.007387430350058036
-0.004209353165574413
-0.0022227658864727344
-0.003364768477583014
-0.008079095485636666
-0.013539074777887041
0.0032257990125120297
-0.009758783695278384
-0.004162264035761393
-0.011128252833237031
-0.0024128010180131205
-0.01018070215895282
-0.010773662374835794
0.000390101431693231
0.0035136374483898487
0.003937036444898055
0.01166660910745075
-0.001589919974466681
0.005481629716146335
-3.93402275803245e-5
0.010519633842691927
0.00921180705640958
0.0013875694563562926
-0.00357363095206534
0.0007059138324652381
-0.00928605520802036
-0.006880801044868828
0.004334242320972491
-0.00018681291660324227
-0.003515935749113507
-0.004893416082376429
-0.005818453156127247
-0.005373248047832612
-0.009088270160176857
-0.006174373156074875
0.0010946231791880718
-0.005773250851716321
0.0064665371827973715
-0.0022072459466424077
-0.000987779635725472
0.009677634527936812
-0.005025430576795215
-0.005304789479611511
-0.014676533628530681
0.0009059937245985963
0.0027467465565295802
-0.006390340080709279
-0.005393545610571472
-0.003090013932762299
-0.0008285092300380785
-0.010824408090537615
-0.01820048156904214
-0.023176528655739253
0.0012049678002203936
0.012531819707046235
-0.006410654260209011
-0.012236002880309823
0.0022733602881641517
0.0041870322686740225
0.003558072841625825
-0.005081381326033158
0.009646359946233658
0.007669069704201498
-0.006897434712962856
-0.004209207202289305
0.003087394416711329
-0.004090403872975006
0.002851060114278407
0.00425452900683265
-0.0004041924665858518
-0.010487292805467074
0.003254328042703379
-0.0019156914403572066
-0.008811583048493702
-0.005331603573999061
-0.011259158312236863
-0.005976177246306551
-0.012121763985738518
-0.006915938804854575
-0.010091704363038547
-0.0011467745410286953
-0.0006009493603420736
-0.0018272076672969984
-0.0029709068947755407
0.0067346535527062715
-0.00013427672427934834
-0.0054100943848059005
-0.009238939807266037
-0.011994103935380716
-0.005793963299952062
-0.004081066909784748
-0.01592873552942376
-0.008421709955522006
-0.009457790735783959
-0.0020748189795862025
0.0018020565294240348
-0.01023633246735652
-0.007493876880875018
-0.009723866199015226
-0.009788933185970957
-0.0037751735267803855
-0.008082300113777025
-0.011055396199393613
-0.015610227076249102
0.0006321015399552365
-0.002327025235731338
0.0036326376802355994
-0.0004605612606017438
-0.008277697771989992
-0.008108816302821543
-0.008088592920453936
-0.005792100647254644
-0.00717647887242697
-0.00707744115514138
-0.009497898783436954
-0.009814646889100538
-0.0003024951412973403
-0.01879556944823305
-0.010748977518992738
-0.015842670175099226
-0.004651600892327475
-0.007828862200977157
-0.007420927139572631
0.0015086703931967527
-0.000997661670130419
-0.003348240411830551
-0.0060123455134844205
-0.0061742918518072135
-0.0060195696476841795
-0.012418516785003532
-0.002921698486264228
-0.004306405400813777
-0.007258099260529717
0.0035254384647786406
-0.004204588331766181
0.008242155983470532
-0.0028578676647750007
-0.00634072449531239
-0.011242048257730721
-0.022756312448192914
-0.0102316417915438
-0.006250166269389835
-0.0038152966582345963
-0.003934975841429222
-0.001678875413028112
-0.009877742768589963
-0.013467702955349103
-0.008587758130370545
-0.01198360941298323
0.005635499441618677
0.002048797717086077
-0.002691576138736827
-0.006008776439016162
-0.0007405248633934613
-0.0026009639969046213
-0.0056631979245200335
-0.0028907267097163613
0.005524995311796266
-0.012441847776951386
-0.002888876124348438
-0.0035775425571658204
-0.006019875416499731
-0.006598016479205248
-0.005302135603163552
-0.0016240021827795743
-0.0015218028848441056
-0.005646166053396014
-0.01018610581139111
-0.016166175412606624
-0.004324787199577043
-0.006344543946926247
-0.006772740830540732
-0.006848564097246821
0.002600960867817538
-0.0002953627370831937
0.0037422792381635516
-0.005554005298166146
-0.001234904491478429
-0.0014215855923258164
-0.013582038096903715
-0.009775839906134218
-0.0038249957226471707
-0.006288867958523608
0.0020825552991089354
-0.008148981365315817
-0.015651344429538267
-0.007364775569566951
-0.013076469406727576
-0.005726721922117529
-0.003281147863553565
-0.013878447968571562
-0.016195075375589743
0.0009086945130976787
-0.008802041668651062
-0.007104974562959455
-0.007645629593383069
0.005765788255958187
-0.0014200748021883413
-0.020146649568942965
-0.008594432161581126
-0.0054621148769976495
-0.0022026428298233553
-0.009156806376816453
-0.013250491429586229
-0.0017342952603046505
-0.011669407279264821
-0.016877451385075334
-0.014366213897245404
-0.010420584685607394
0.0058806169453156434
-0.0031185937071851215
-0.0013537367195306702
-0.014384274647873507
-7.647325019638409e-5
5.197700423537478e-5
-0.004637960443166543
0.004042412766762272
0.0008001391036947425
0.002734573427529773
0.006781420146718564
0.00040669506740877897
-0.0008702186142144844
0.015320212237988318
0.007985932708552525
0.00015265162830326853
-0.010301561073114097
-0.00880022116786298
-0.006770031013200311
-0.005862373447773792
-0.007080324180433918
-0.008148446813378316
-0.018487672878469735
-0.011522301277089884
-0.001765206512146151
-0.0012995495203227798
0.0029853830300150238
-0.0027909710527504053
-0.0016219973467890773
0.0065092864571027345
0.004312057774993443
0.01638710958702333
0.012031094647487998
3.1257507822808357e-6
0.006253516810911799
0.0008723379551387692
-0.004488860931743307
-0.008992916357803301
-0.013788075021478713
-0.004651375304121215
-0.004082756963650121
-0.009886472253974472
-0.004025561159212641
-0.013479747784346715
-0.004169894798580232
-0.013238622301808585
-0.0004946847848727076
-0.012057523063170088
-0.007827547522918223
-5.5289085752054795e-5
0.015980273412604842
0.013326037697032687
0.02005390744346174
0.009397536730058302
0.0038550846857489792
0.0022551987112985616
0.00668024195143658
-0.0007713883439884454
0.00441994993599394
-0.011778067407699355
0.004347930313823808
-0.0034771708959963517
-0.008182113991586491
-0.006979435919252112
-0.012348476144308104
-0.003049924829045494
-0.010494217842503019
-0.008570895631242614
-0.011671261413465132
-0.0071521209146297605
-0.0068819539404523225
0.01586366685034261
-0.002353022803474798
0.02234915298574564
0.03136892456304524
0.017486902034758164
0.015728449546860597
0.0034342741226246498
-0.004337431670212262
0.005007678167792837
0.007931935745860107
-0.007879226636705865
-0.004697265408226601
-0.0018759093633824078
-0.009852679712005333
-0.013095120871119664
-0.002335420702240435
-0.01393510904406044
-0.0020027253750080115
-0.010235048891734738
-0.002637335753469913
-0.009840371339367196
0.00415495356475101
0.0013779976119779043
0.04099026606149751
0.028521697086671682
0.026411888195012456
0.020016558840552128
0.019839577203754205
0.0030587214512905153
0.0025071429699877424
-0.0012018657529482986
0.002560462784043858
-0.009423320934755924
-0.010511169056323108
-0.002596361049107245
-0.0024490785854035576
0.0002581440671657808
-0.005538015606652122
-0.013011543878912889
-0.0013436351494579707
-0.004025421502005404
-0.003917686613372941
-0.004839262210062719
-0.05645595688892345
0.13042574097222046
0.021739070385637896
0.07680133453235705
0.043412689354183395
0.028049690414539863
0.018615717255226025
0.016113595830392895
0.002967081015455008
-0.005650417345883153
-0.0022185684869496258
-0.0034977749385908894
-0.005332333249349574
0.001917285091652023
-0.001640282873209501
-0.004621959492040222
-0.0016670195671425433
-0.005772944737234176
-0.004417918629005975
-0.00359257646892739
-0.0059831310879297625
-0.09108899018397729
-0.040106415940547833
0.3542582531577424
0.4187622563108463
0.011465456940058454
0.07035384885285201
0.044037257507306506
0.029039955946975067
0.0250399211700637
0.011715435442135732
0.0012343354582199024
-0.0012276147627171947
-0.006561780583479391
-0.005483470960391725
-0.0039746426698654205
0.0007047587264487455
-0.006769883088727196
-0.005905323138416889
-0.008290886916417047
-0.01352226874104837
0.014224037316678564
-0.02295736844372443
-0.012167655277565347
0.6304207368502058
-4.298844414536272
0.5670693657255453
0.3166856335928433
0.08456405891686893
0.051356074528933385
0.03490428719083504
0.02290395007502012
0.0118422530348304
0.002170157334064727
0.007470835196589925
0.0049011763540307215
-0.0028156697387086912
-0.010008591420894821
-0.010344140806811796
-0.0014545761103123785
-0.005804875570067915
-0.01419249238052309
0.007863517850626504
-0.002841565005225119
0.04828369123246932
0.10653501276644432
0.04633678700954688
0.6452020288620488
0.31529734290570605
0.11312874230106697
0.09778103831071878
0.029429225772192008
0.029606158757409587
0.012482135382097985
0.006080091507820191
0.004595606387062341
-0.004104845789969717
-0.0034854193469152205
0.0009625962381785633
-0.001787852655755488
-0.0016891697116075564
-0.0020815830623545912
0.0005920582500043855
-0.002139982375044015
0.0011608218513523573
0.02154112327243888
0.015049273401430951
0.06761795344974697
0.07893149396759777
0.1296794331558985
0.07257485676405066
0.10268195369313773
0.027049844296373412
0.036996780482807474
0.010478220602389583
0.019394701835692685
0.007257385283696522
0.003302466856993425
-0.004189202615549994
-0.009594067014839041
-0.0016530797422060362
-0.003479283326899221
-0.0015337573359050644
0.007123974478323764
0.002827542178533979
0.00625187797570395
0.0021755493739009507
0.007041760703548547
0.030003145846696385
0.022856067968690705
0.06246896299339007
0.03174871643045261
0.07530075644090434
0.029545110789990697
0.035406633448170306
0.018799159296008977
0.011064623940520938
0.014335982919008627
0.0019561426240096305
-0.0050603231866728935
-0.002779899355525369
-0.008619366975994592
0.0021393843269425224
0.000643797162538008
-0.006000396865287103
-6.861216262506057e-5
0.029805457043753206
-0.003867850318451304
-0.005021348150991304
-0.01110091717677191
-0.006165036691033859
-0.0046643800730363965
-0.0010118512437521383
0.00020909393873237985
0.003533935057228654
0.005270060578781528
0.006093437463500501
0.008841208612843338
0.010278165846840496
0.010603523281051087
0.01220465556955476
0.014198413289560535
0.015652468404767115
0.018036981346360056
0.02328774422726369
0.024990621327497076
0.03127654604947111
0.02750340954908267
0.02835433925016543
-0.000894732157351475
-0.04158222625207661
-0.019976181967307875
-0.0172308793163057
-0.007240775853205544
-0.003641650067120879
0.0005714592958087783
0.002292540216878936
0.005053673473198121
0.006410431601555955
0.008735742876351038
0.009919175515036295
0.01169378481867792
0.012864071209472387
0.014481707403270032
0.017377574291712484
0.021611072762352943
0.025825690679155418
0.037377003212414855
0.04183040902619184
0.06614507563415027
0.23928262688569266
-0.15043014530582255
-0.06206070686164183
-0.057973170087916456
-0.023477792252391525
-0.015939674177741517
-0.00453248282921972
-0.0015834900591656762
0.0024704128110866084
0.004686206297500096
0.006164597920483142
0.00796177469572238
0.010387363568290429
0.011311108356456602
0.013294012655167782
0.015682526150275294
0.01796682122394491
0.023019169983070586
0.03288697848068216
0.04282015877076861
0.08090917178587356
0.09447978635035637
-2.6539981636804524
-1.356833809991241
-0.22986003751605882
-0.06038195890716224
-0.038922666249432476
-0.014592130226118183
-0.0074869544729467856
-0.002179914549534966
0.00148045651812691
0.0044164797534349595
0.005677830877169725
0.007786205158911765
0.00925708307893507
0.011540368443589704
0.012814833031284667
0.01557249635434318
0.017810450828343625
0.024919274812075204
0.03153136831432825
0.055263426951144286
0.07917204410978954
0.23908652637070127
0.173686547255871
-0.16568636018278202
-0.06088682855924235
-0.06188124558729688
-0.025215408952988922
-0.015118159960290605
-0.005159748343345621
-0.0019038860461829939
0.0026273273568634594
0.003926566061732303
0.00633099972248186
0.007782244105455127
0.009849245952727254
0.011258344304128818
0.01280894711375227
0.015113482702767972
0.01807940281912069
0.021233357003347227
0.032009723999580915
0.041017310050720714
0.07405240167594102
0.07418341453654123
0.014592180189994019
-0.007543450317759601
-0.048343316354092794
-0.024386490598838205
-0.019527802575152756
-0.008364205582675211
-0.0049831674795593065
-0.0010428337744372471
0.0024240345808150205
0.0047001710781168545
0.006833639443386848
0.007935838066085395
0.009297261329588798
0.01081557960023905
0.012152013613053273
0.014270531969528375
0.01719180057798338
0.021109182054693917
0.024029401680576202
0.03338984719771978
0.03750541964871454
0.05699681249979213
0.022683434736447784
-0.011774983874525928
-0.010042380921274234
-0.014608662172326224
-0.0077097201988573436
-0.004631868328297277
-0.0008548214961087996
8.947392194409117e-5
0.0031678183345756126
0.0051535861898632735
0.0073588223502641424
0.008898045277001661
0.00966690687274922
0.010778910265384547
0.012211369469792538
0.013695394060263528
0.014512527996879828
0.01722984556810386
0.02169706677973184
0.023239161964465467
0.027948328882105678
0.0218164480582403
0.009102848228056674
0.004312106575041652
-0.003936287260536825
-0.002358413321032393
-0.003276031172466146
-0.0010142207555890474
-3.017143291924362e-6
0.002522595182516022
0.00472080635630185
0.00558174404705805
0.006483983152609576
0.008071432801741595
0.009285152369159274
0.010280063415933653
0.011769136067257274
0.012375879349356066
0.013416088906625103
0.015522488565464062
0.01646414868223842
0.018620144677424424
0.01744584980831339
0.01701227882317517
0.009896377048279231
0.0039045227810671577
0.002463387395890457
0.0004577719236871114
0.0014482488360155676
0.0013358334954903784
0.0027802192449075972
0.004025688936678777
0.005721086147634809
0.006828708146708323
0.007298465899082898
0.008158220435868526
0.008724339571605212
0.008870069646277519
0.01154194189659038
0.011957576959039925
0.013194642814528494
0.013674966771668578
0.0145031425902368
0.014254890433383537
0.015271572741197335
0.010720820296680984
0.008035137133300847
0.007734514758579149
0.004704422898511106
0.003971613550336397
0.0033625640205761326
0.005242410655149127
0.004360457471422265
0.005516848768164146
0.005941006668579818
0.00714192349492591
0.00734506885409176
0.008601490810442206
0.008226528157792986
0.009248699599243024
0.009948230191640345
0.01118062608648529
0.011873736319411058
0.011309542922805902
0.012334551317702823
0.01291739084975176
0.011804970825274761
0.011564344770838498
0.009182091372028333
0.007900270707434834
0.007492102383467108
0.006363044875265986
0.004879140064819021
0.005009713856911559
0.00572395720287252
0.006360361514558078
0.007120745540157994
0.00706454254912118
0.007773703480637118
0.007953347149241426
0.007977797257262605
0.00941572397255844
0.009184039510644428
0.010161842045210229
0.011324878216217336
0.011158722872223342
0.0116680580029957
0.011227465685116622
0.01136732407806787
0.010233008505638855
0.008855070422560453
0.008551478043652869
0.0076119550909143265
0.008007134805780233
0.006585548320791116
0.006758045108846397
0.007237307766012215
0.006649557513303737
0.0063983045691614416
0.007091188576356685
0.007174219222428878
0.007332031272777765
0.008583891606831321
0.009693409432933332
0.009908140081346361
0.008618543693870686
0.009792614256593772
0.01066404468222642
0.010642792737761494
0.010739196677694704
0.009622794353235776
0.009587848327585326
0.00853205570935389
0.008043578208295368
0.007663622456769233
0.007887390624678772
0.007005142139943241
0.006702593423409415
0.00658229197866573
0.006430848233379761
0.0078011936740492675
0.007946055425943718
0.007857229298062303
0.008395513100702127
0.008305342065522199
0.008930490895144342
0.009172120148068764
0.009192714454779503
0.010073340617074525
0.009959791753115718
0.010171694999312713
0.009888997357458379
0.009825898594539252
0.00989998179976244
0.00876943187391255
0.008879528996562408
0.007614677388513097
0.00723312007497154
0.0074098060124646
0.006719307575825181
0.006370013935758496
0.007256056264496167
0.007441361850973823
0.007087538344301192
0.005938174950637113
0.008001565760170045
0.008986973760288439
0.009384989600212038
0.009031717642734631
0.009144769641295404
0.010165976267974802
0.00940335709922619
0.009527541469737293
0.009687277172275799
0.010186862566426171
0.00890782150014138
0.009507004924788592
0.008774243645242121
0.007760342153708346
0.007587074363759525
0.007339933648613791
0.006868348567314642
0.0070293873012882225
0.007354342689881381
0.007868086132699478
0.00880480358528497
0.008006023598785458
0.008005951663253255
0.008640905529416907
0.009509149358471958
0.009338980701846177
0.008490978108584448
0.009555823116099928
0.010393697289352726
0.010247846702659439
0.009404100735775463
0.008730243172241319
0.008307228084351467
0.009979041501974845
0.008758364588832916
0.007357553854050737
0.007692423079228648
0.007723940490960692
0.007488929589903208
0.006841960832112515
0.007857003131886767
0.008228480212458606
0.00799433477967662
0.007639911185244534
0.00903502172840616
0.009085775289014181
0.009370664149087512
0.01002393271709437
0.008675020900501105
0.009242145752595906
0.010841366286705735
0.009913069629922213
0.009644910415379033
0.009693270942923049
0.008955861120070765
0.00890290672171901
0.008581009666032409
0.008581094681054656
0.007047400139567493
0.007270354977845566
0.0068502668733945215
0.007210651394290595
0.008141022688518509
0.007520983808545528
0.007839062204254038
0.007894053408090898
0.008035635864311209
0.009465597586195371
0.009741971664536244
0.009394973069557175
0.009597864949869729
0.011084204582993805
0.010618514900695108
0.010454258496698983
0.010258769208054531
0.009262158462155945
0.00864216910889434
0.009443036758396056
0.008859931607912992
0.007593235521414227
0.006910576232121019
0.006227734267728116
0.006762420523955371
0.006449964593199404
0.0068813829951100865
0.007833722033384774
0.007256605271513705
0.007492923768730195
0.0076230331775883784
0.008841984992419592
0.009354504310858236
0.011073290146339404
0.010758387772837042
0.01073542418511421
0.009788626185435537
0.011347314127628853
0.011249866488202427
0.01023271342285871
0.00974071137890447
0.00976477629123867
0.007744450116129688
0.008186115359917109
0.005829045960884801
0.006739987157145355
0.005617739654230025
0.005436388752676011
0.006718707722290946
0.007288100292119743
0.007348093687658006
0.008310075418999013
0.008720321869054883
0.008576847170147364
0.009791035659217242
0.010916150586106435
0.010560224260267752
0.011012011603256369
0.010993753700387318
0.01277204748113249
0.012105817575595581
0.011676725332866778
0.010846027358243443
0.01037339115641643
0.009218887884793215
0.006548292944326318
0.00569997537315249
0.005131386321810151
0.004268200277497314
0.0041983993269828525
0.005870856797647482
0.005349414352341343
0.006300004041943165
0.008066417346718124
0.008522359963564064
0.009314580350367078
0.01086978422937249
0.010673378860435826
0.010562311916958866
0.011445814841537309
0.012697526684514723
0.013461110026067423
0.013934615895198765
0.013142316727916943
0.012458326285621624
0.012803869335203187
0.008058401470118224
0.0049988022820336145
0.0019602687480371013
0.0021420303507254774
0.001718041913128855
0.003940809888196185
0.0041890803849016205
0.005454293610850442
0.00643523128741601
0.0077199612343268635
0.008385388673157494
0.009223178977619218
0.010890308016656488
0.011361415522164584
0.011600264768530487
0.013452321118281173
0.014578382120427806
0.015532553756920954
0.01565040792517066
0.016556459002710584
0.013814481829290669
0.012155893055845904
0.008617965802256312
-0.00047266514650130126
0.000145444933815481
-0.003033157566390805
-0.00013290609984306206
0.0013752273247440378
0.004273971867076055
0.004572816966925621
0.005861559908162926
0.006538268855973957
0.009487464427750435
0.009630274791628972
0.010781832075960163
0.011990816155849697
0.013572057630830286
0.013813193912804873
0.016052566727435158
0.01779893017218261
0.02048514044429722
0.019669859769826256
0.02149290760239622
0.0008784466468024732
0.000250991315366121
0.0005925305135211936
0.001614572997908859
0.0015923590158923313
0.0005087820909825008
0.0022565073909130034
0.0008779000576598966
0.0014935473110813352
0.002161510690438269
0.0025681868407539162
0.003661422743174505
0.0028116887208049705
0.0030878351801088724
0.0019527101309517294
0.0012498282729683367
0.0008102463189519296
0.001818539560447374
0.0011290821800193928
0.0005630381994109749
0.0009378296981752962
-0.0008523459973960898
0.0005937621286018065
0.0018067793555934786
0.00014440565706951838
0.00048575559315770507
0.0018732379214746533
0.0005984376696740259
0.003088136351568693
0.0012062374810254738
0.004063314809012311
0.0033308611130460396
0.004138142576943099
0.004595467926556199
0.003760763534709005
0.0019222113094489344
0.004763760338233181
0.0013161174953222143
0.0021933732153313667
7.396869141763722e-5
-0.000321090488849582
0.001399791775175224
0.0003911122472640028
-9.18847689689341e-5
0.0007287616113245906
0.0006221658414169506
-0.0003379027965242063
0.000231623828669654
0.0004994298960200146
0.00032882698699928314
0.0014982951031382882
0.003013849854629504
0.004589581502114382
0.0040458746390505135
0.0036584326575901803
0.005754041350856175
0.004782763428688535
0.005420342539267779
0.005970200815895393
0.005113075394147673
0.0027080165152436057
0.0010241000415975188
-0.0005397382666831948
0.0009853815299392598
0.002125875932843034
-2.0801058902633313e-5
0.0007016562705773816
0.0005937596396626176
-0.0007920560672830244
0.0014760651884614185
0.002170391414596772
0.0006416112991766399
0.0031795962931151917
0.0038323800631002063
0.0025948215415339437
0.002980899138784077
0.006876348794986814
0.00713371737695317
0.00997927797315554
0.0076179032075821135
0.009402312227169862
0.004418093664353726
0.005184104096490705
0.0009152189894587762
0.0031656720524961706
0.002640721609455077
0.0013242325680709352
-0.0004026315008218371
-0.001558630197493004
0.001519360587659878
-0.0007356479794322962
0.0027955232037812287
0.0018904374750493625
0.0014161162062197715
0.002772092862477164
0.004887718445235521
0.004168613347488007
0.005868774800268636
0.006764901678606978
0.013688517186147426
0.009867094611824988
0.019522315181457084
0.011023698315118022
0.0090671693543195
0.0032110611712751055
0.002110970170587307
0.00035036413560777976
0.0021119835201477977
-0.0009198695635761307
-0.0007409824786143145
-0.0015050002067455545
0.0007747077370369299
0.0009760741294150333
0.0021312591487681045
0.001899268894378923
0.0011071195246444097
0.0014667783079367427
0.0045406015645433
0.006293835079505963
0.005781951104418248
0.013048137329524402
0.01011708550259729
0.0325997571852595
0.017840774859006047
0.02647440364097745
0.00463801442122723
0.0033382262259892947
0.0002852056176387976
0.001030115484961789
0.0005412657574097805
-0.00039414819826886946
-0.00033924100668723714
-0.0010317920199983692
0.002425660497255451
0.0009587235561950715
0.001008442639554945
0.0009406876137265225
0.0011227135823323362
0.0021954749031466896
0.006100294423493919
0.005046177174163517
0.010529597645232446
0.008710336996388112
0.027910648969365747
0.030417518622798807
0.0834752468966135
0.003995844417953914
0.018741876815210234
-0.002943509011731518
0.0018295932206840056
-0.0017150078336696148
0.0016390147687168457
0.00021125434238761752
-0.0008210641672915246
0.00041460488293840767
0.0014544064753103782
0.00101601723992878
0.0013637445968026675
0.0004387941055344367
0.002005465420335435
0.0011605115596611398
0.003592133441580004
0.006094450137366941
0.00622162645335393
0.02643433068359122
0.02121609885091692
0.390221776121315
0.2155721484820125
0.017628983623338198
-0.024008153581400307
0.0009392717908869519
-0.005503167893571113
-0.001359327934372545
-0.0005433731041696035
-0.00036949484439416174
0.0010443022893570494
-0.0010404925354419838
0.0001233092045406361
-0.0006085409432805977
0.0016177429961397145
-0.0005608802656330231
-0.00014937032503263426
0.003182108989163182
0.00502519109514521
0.0035593570421944753
0.00909675486601671
0.005035911715997813
0.033996650052878434
0.019095304480369633
-0.32324247084339547
-0.1535442639400141
-0.011708757248897424
-0.021685846236811163
-0.0046758136420619965
-0.0049835931683629795
-0.0012775794234171937
-0.00273901527181619
-0.0017183555184322554
0.00035602122150588827
0.0013538330185442233
0.00027649000400787157
0.0011361986026286592
0.0005715105880086711
0.00016265866640539288
0.002442821200683997
0.0010475124448676922
0.0036290337912912563
0.001014536264176244
0.007805017398178821
-0.02036379384368726
-0.02811981329580016
-0.14468094034877504
-0.04156876906573142
-0.04190299396184351
-0.00974848131741081
-0.010193596594870584
-0.00416639257144771
-0.00201592281766874
-0.0014202406230312504
-0.0014283107069181316
-0.00031933366467675297
0.0013758931350004375
-0.0005141135406326409
0.0006871712504473884
0.00048519874620825995
0.00025187725725743304
0.000910722029266042
0.001201593282375916
0.00043680963549426466
0.0012911953652890477
-0.004848192532499507
-0.0016134740307234999
-0.04190152987031675
-0.02397064595522565
-0.04471765339971659
-0.013089340332618432
-0.01352547758945064
-0.005452843480665375
-0.0045299133474506655
-0.00282921893223833
-0.0026829980920960008
-0.0013986885417084714
-0.0007017431962105837
0.0004396147653665017
-0.0008156711652742082
-0.000890271045431454
0.000546887663445433
0.0002744343429336366
0.00044504123236078347
0.00034441752600847844
-1.257234747694758e-7
-0.0020020279726596594
-0.002854159303976229
-0.010254449952355514
-0.009765232761889406
-0.02517699320731439
-0.013404104216425523
-0.016659042550205744
-0.006949765293800861
-0.0063541663548669185
-0.002496991809121643
-0.003964532105694684
-0.0016363060513365324
-0.0010540960587770284
-0.0017995793095673916
-0.0008785399136336742
-0.0009071913645305849
-0.0005305060847749453
-0.0003833172132521371
0.0004872160855148417
-0.0005235599709697585
0.0002998348254523594
-0.002145244109990055
-0.000749304314119455
-0.004388876887396765
-0.004853192913937047
-0.009964025227007551
-0.00933357539961165
-0.011685546262946891
-0.009171163548063344
-0.006003960601859162
-0.004010601498594092
-0.0035661179921735032
-0.0034037469118978784
-0.0012279560943738819
-0.00230118097516837
0.00033656861287306207
0.0006340015149863711
-0.0001797508177246386
-0.0010867077574219747
-0.0004199328971452229
0.00010986536036871057
-0.00025609189862018614
-0.0005387788443470917
-0.0009059378805049684
-0.001469651150101811
-0.0018306617787990265
-0.005246822743884536
-0.004661068307065168
-0.007288637480431545
-0.004632443149721116
-0.006088588312228113
-0.0034996281739600654
-0.005043555849937158
-0.0025269907086652417
-0.003576118369575995
-0.0011802950909093589
-0.0011007606455799
2.954611565455557e-6
0.0012177429732999133
-0.0005031293954189638
0.00028601658962601733
-0.00118664365726518
0.0004707318482896957
-0.0009485649844084901
-0.0014368156593368325
-0.0017899994345869173
-0.0009889319775906254
-0.0027672634247990152
-0.0020638077784848998
-0.004371234791973144
-0.002982021150397183
-0.0035710670832230437
-0.004678006305916036
-0.00405153035798002
-0.0034361203299980462
-0.002187040593415285
-0.0005819808844279072
-5.093376785513318e-5
-0.0004113935834392093
0.0005771224359992439
0.0002505682200594644
0.0005404345103541397
0.0007584571634753011
-0.00019769844393425018
0.0009211707346535362
-0.0008008980903202497
-0.0028371297161854086
-0.002383802507561757
-0.0017753586908470327
-0.001763142706851042
-0.0019186917476613006
-0.002012146278079163
-0.0034927024663368
-0.0018937770281378993
-0.0036898062316378525
-0.0028470941987868903
-0.002937832860627543
-0.0019412831516100858
-0.0013280289656839323
0.0002657652975868724
-0.0002991867131289358
0.00030305977887218837
0.0005094589033282923
0.00025438021524853765
4.026183907351034e-5
0.00010640353933389366
-0.001099297220094235
-0.0017315779596357975
-0.0014324193252134086
-0.0008922026756904887
-0.0010233816522786227
-0.0007491500127225274
-0.001934446713294331
-0.001888863187163625
-0.0026988292786958917
-0.0022670297248507734
-0.0008598958841854015
-0.0015451636972423817
-0.0007493654862733127
-0.0006246385771925361
-0.0009973420943047815
-0.0007512702949823321
0.0005184095642270688
0.0004171316823967298
0.0019513855207118833
-0.00058670360486214
-0.0002743231338271736
0.0003753720490203278
0.0002581776669930597
0.0003954558821259506
-0.00038530231116639557
0.0003628498522264576
-5.068477526458737e-5
-0.0010796959043751606
-0.0006437897812585279
-0.0004389134659520433
-0.0009705553566499623
-0.0011990396963785011
-0.0019372059066048483
-0.0006166403295750851
-1.9365852702211332e-5
-0.0010355403385955602
-0.0006662440619207577
0.00023228374986579875
-0.00010332205932667588
0.00018873637640568776
0.0005315324135581588
-1.8301025993464027e-5
0.0004338193258271847
-0.0010640003757696453
0.00047609645500593274
0.000872721018229097
-0.00029915090381819594
-0.0005680453920428345
0.00014501855070965552
0.0009423203407492761
-0.0004233547193626047
-2.8147087573378684e-5
0.0009844774146152797
0.00016085988286889275
-0.0015555606871877137
0.0008991649430500091
-0.00015498085533139085
0.00016564598562486999
0.00015085157523878287
-0.000759764317357177
-0.0010662925950399842
0.0005553223996459828
-0.0010812579612067958
-0.00011630763670935327
0.001438507663368275
-0.00016522569877009438
0.0008193456449752618
0.0004477458329809854
0.00043404704441145586
0.0014227175251739922
-0.0006403602405577484
-0.0010656711003528161
-0.0001866069234194806
0.0007809687951588877
0.000330122140398114
0.00021332240211554312
-0.0012457384087242182
0.0007999205548333115
0.00011950985537234421
4.7329266162052935e-5
0.0006532990518004434
-0.0011322652598931358
-0.00019409822832248448
-8.088775018675741e-5
-0.0005638618101855904
0.0007919550419171488
0.0016216497586871129
0.002020041828924466
0.0019312624655053053
0.001543290716445482
0.00220910839855557
0.00018791736750242675
-0.001112300281060327
-0.0008989092105852809
0.0010561582046853101
0.001857995650757684
0.0012735635385490139
0.0007720135343960422
0.0005712570618628019
0.0026517657989966513
0.0009352212209293909
0.00037738292691700875
-0.00013626671848452726
0.0005478488037772057
0.0011287955913702654
0.00033526978798263543
0.0006325398467842884
0.0008146720339092359
0.0010609905120034452
0.00011448424486583694
0.0010688941237395997
0.0013354977640501384
0.0027165795885609615
0.0004270217232421042
0.0013384913268580224
0.0008471314788565349
0.001911064840593649
0.0013747040198809563
0.0012205017130846262
0.0010724873913234042
0.0006877271091834678
0.0011260151083925553
0.0008316052684988703
0.0009699766978655796
0.0017244934950740786
0.0016678971032171798
0.002396154340086607
