0.0008502921473658556
-0.00017106254507464166
-0.00011848692679235775
0.0003050442733452775
0.0007149225785993845
0.00026749770619410895
0.00124051561485427
0.001757377641794859
0.0020370647851210375
0.0018253827512021137
0.0026935253617712505
0.0031537069359307626
0.0015328885972362765
0.002830822019507481
0.0028200456974839237
0.002012801972403149
0.0019448839316077173
0.0024204209910900407
0.002586558628980577
0.0019558616444199208
0.0005771272009761489
0.0004786381730729154
-0.0002139392290934744
0.0002609375830122876
-0.0015927074466616775
-0.0006438130666026435
0.0003467608310645249
0.00012065382776313015
0.0007733328369590948
0.0023371487594484376
0.002398142175765554
0.0023774584453180644
0.0025123488401493526
0.0032333871952724682
0.002482491089674804
0.003298504425066709
0.0032769897769137375
0.0023926063106106633
0.0018292389305541324
0.0018095594236110185
0.00205339183986489
0.0011221564272467272
0.0004902432909911764
0.00033990753637440385
-0.0010887869735820524
-0.0008317144989018188
-0.003505752653873025
-0.0025880429049879184
-0.0016996985833440468
-0.0005846060928476698
0.00031046919047969334
0.0011778452281320457
0.0022523153606212945
0.0014515179676080354
0.0017061981083964855
0.00179392590200614
0.0025592155010854866
0.00286824002100353
0.0021190161936498523
0.0017491919767382007
0.0003131551019897529
0.0016514194889251615
0.0013304851365209165
0.00035166733521460657
-0.0005033263941291609
-0.001220704930446888
-0.0025648085875149234
-0.003092494972136267
-0.0069586410163326425
-0.005201589139430259
-0.004033877343239425
-0.002306534474600989
-0.0007240714740353103
6.25221706854299e-5
0.001351460951668177
0.000985275568410596
0.0015118984037759257
0.0026544902428845257
0.0027380768972933597
0.0029770711393425422
0.0028051624739944187
0.0017076334569321651
0.0010677879705508616
0.0011867176552247684
-0.0006531076727763582
-0.002018612709465936
-0.003194027299034733
-0.005146628591762861
-0.00432731862583812
-0.006156731820790405
-0.010558020341859193
-0.008478586954779477
-0.0058227646926408425
-0.0035820451000640706
-0.0009639394799016695
-0.0005130329266739688
-0.000529227106569239
0.001026855440312089
0.0021376994708529975
0.0026658038309783794
0.0020670862026595832
0.001969735162816765
0.0018087498911188548
0.0013540363972894213
0.00013663465339051222
0.0005647417925417578
-0.0016176127778110274
-0.002656488719442385
-0.005337657550499214
-0.0068444227491700265
-0.00818323250058653
-0.010111672577187172
-0.016845440744375183
-0.016576554158837825
-0.008335569857619685
-0.004564098023525693
-0.0014337973979997524
-0.0004206939463632147
-0.00033132788175424543
0.001304095257446657
0.0014400938180671868
0.002594775073741586
0.0016242075817445994
0.0021568301357320603
0.0018012031737460995
0.0014591204835932557
0.00015110748794379132
-0.0016821889552381558
-0.002541543786100306
-0.004852037529305866
-0.0074011326782719
-0.011338594760757851
-0.014460411439282778
-0.01742130136328187
-0.03556523284400743
-0.02415447437275541
-0.01195568859334633
-0.0019990318582165365
0.0007614429189324051
0.0013093606120020923
0.0011249733436288656
0.0022274841602398783
0.003773543335940949
0.0021693132614565474
0.0010169095560588935
0.0006750280703828179
0.0009798973811954033
0.000806104576774684
-9.146875914017524e-5
-0.002451974740288872
-0.003446433626113022
-0.007029730945704394
-0.009807530292757244
-0.016110740254007386
-0.022844439098369536
-0.028544458884078906
-0.06766833928563568
-0.06481695192962322
-0.009919788366730183
0.0040369651526506985
0.005145266666790723
0.0034840372143354155
0.0027470133023690057
0.002406391356244344
0.002285972951982385
0.0018294308364317667
0.0014055381285191114
0.00036020220580799885
0.0009306982889936849
0.0001583800854180996
-0.00022919814176643302
-0.0018201663144447515
-0.0051161261199408415
-0.008728422559853219
-0.013606193789000364
-0.02213857979636766
-0.03213405597288327
-0.051891587833962194
-0.13949277756718864
-0.0840111823490003
0.04879728612674675
0.020504178953192762
0.015236995821700705
0.006615780717759223
0.0037904531776064864
0.0031513383369542024
0.0025103159224926755
0.0022325282450601914
0.0012481888450388175
0.0012899869183782054
0.0007443875814764136
0.0002538052597419299
-9.570937380056296e-5
-0.0018918221969134571
-0.006140081262933567
-0.009390607715388176
-0.017088420430577973
-0.027920355055298437
-0.05002853783421574
-0.08803698326407557
-0.3293451140022402
3.551038190354198
0.4608552148255354
0.06732071054510023
0.02341719930441797
0.009997792693300539
0.003141802672619423
0.0024918328078589375
0.0017265136889484942
0.0015625619012606814
0.0014873147443066244
0.0019317142538448477
0.0010394409142032977
0.00034595648145954434
-0.0017402988539853422
-0.0035466969036308336
-0.006536848980366922
-0.010507550842517557
-0.017090091354664095
-0.033328562265679526
-0.05728457456051426
-0.1207452557272192
-0.197889172144324
-2.142554742007122
0.049453570631845536
0.03727405125364663
0.01690465439522786
0.007035024637736503
0.003959076206289112
0.0027320937696014634
0.003324814001017646
0.0022266014378434207
0.0014352510585685934
0.001945831070715099
0.0021841096679600545
0.0011106384778306192
-0.0015179055522844469
-0.002787820000809187
-0.005784817546377244
-0.010456357021659046
-0.017418445125425945
-0.02868541027799312
-0.05470381794867537
-0.09287576367349279
-0.07588110817358727
-0.07383681409464328
0.0028695036591302853
0.006333552385227907
0.005448336662711552
0.004482844215895152
0.0026770446902335096
0.0026725513558055864
0.0034832110294235863
0.0020957592571442035
0.0017895976495929705
0.0023532941528129673
0.0021182709136818505
0.0011524189788938725
0.00024539807864304165
-0.0017126628893453966
-0.0040593245699481195
-0.009717905412463495
-0.014236529551726239
-0.0227798791099302
-0.0351297734164723
-0.05965441721001388
-0.041328050781365866
-0.027418202448047612
-0.010965816886050013
-0.0003096037340849544
0.001773516863924281
0.0018028595829951044
0.0013783135155568662
0.0022197532888321224
0.0022619706504434806
0.003371889440515135
0.002124899895623627
0.0023113363692367325
0.0021887348935041074
0.0017214303906614744
-0.0001400468412081614
-0.002242690051526349
-0.004433039871155016
-0.0066255841974619326
-0.01007540139083182
-0.015061448408756341
-0.02346704583193782
-0.0304828313609898
-0.01886761606469829
-0.015744591144040213
-0.0076804851763526485
-0.002373584872383689
0.00047601892056302276
0.0017929746656215654
0.0019780194667299
0.0024833004079082917
0.0017304331504182319
0.0027024482669891496
0.0020460227783066906
0.0021677724941526213
0.0020065081742846164
0.0004604631332704899
0.00019324877175922118
-0.0007005491491843593
-0.00240464726287493
-0.005156058077802343
-0.006352885120861514
-0.009470479611804942
-0.013519555988322367
-0.018315303420237652
-0.009863086770105237
-0.007406184616049213
-0.004092305920207464
-0.0010844026894784968
-0.0005782087566602188
0.000680019903384592
0.0018465318925772153
0.0024151569987358643
0.0021836903750458844
0.0015537186461863682
0.0024421159321235332
0.0028046197732896514
0.001998415467484212
0.001602741689004216
0.0010873047285185934
-0.00010959532569246521
-0.0011331570769092555
-0.0026360818175695656
-0.003343625099327573
-0.005691089002253283
-0.008628683641065994
-0.009313108065895796
-0.004333013373913357
-0.0040488173655741835
-0.000654029574475443
-0.0006825782261930414
-0.0012705276602623192
0.0017448607577976523
0.002020485102401094
0.002803406687614877
0.0034270540097468
0.002551515545239114
0.0036291510451249647
0.002590836991906598
0.0022983406377936706
0.0013605632172150111
0.0010560660918321361
4.4905489653247505e-5
-0.0003908455613562361
-0.0004895750472649333
-0.0028279735306718104
-0.003969795081517917
-0.0048426497330428435
-0.004731571435149953
-0.002110245573102138
-0.0016503824948464136
-0.00047945305152576626
0.00024548014072288686
0.0008030504909707948
0.0010400029942836443
0.0013895624567599593
0.0017002945220534014
0.002405196577092609
0.0034422222028125528
0.003488793381810065
0.0034262217910379336
0.004549996906489473
0.002532830971822712
0.001993141289713376
0.0012295853433093751
0.000642304885128948
0.0007024715338131919
-0.0013855029883561684
-0.0018911885360661255
-0.0020741821568461107
-0.0025997200984227116
-0.00045101708042981234
-4.148311828588698e-5
0.0010232354605828767
0.0008201095204157516
0.0008111840809088616
0.0008528696925843978
0.0012425541116203045
0.0013964414458705041
0.0021445420975458674
0.0021066871834831765
0.003414429224216701
0.0032544862176886653
0.002620987213350373
0.0028391282352637397
0.002889523961333215
0.001356647932066492
0.001436643039852306
0.0011688043672942788
0.0010557948962752611
-0.00015479125414005719
-0.00048668795704687163
-0.00028380204396529955
0.00025862944289214664
0.0007173665583161393
0.0010847572854465668
0.0013649280494418305
0.0018364373826182617
0.0014679394781901395
0.0022438761802785877
0.0017493811545072542
0.002226860802103834
0.0037489540149410862
0.004616449332146508
0.0035840760497375308
0.003628051109894794
0.0030367504615631024
0.004346130713216455
0.003219025755539345
0.002718282275845893
0.0019528462006337187
0.0023925202230220006
0.001164335695105533
0.00016938106931330507
0.001046049432536921
0.001285380900981974
0.0015946794516868681
0.0015324134981348483
0.0013231026292856536
0.0013719672557843108
0.001453066384751321
0.0017778232565243278
0.0021126306147729677
0.001960528008759422
0.0031091659793700977
0.0038184585218104883
0.003703577140099939
0.00336466971551365
0.0033306400112212923
0.003501616056361483
0.0034371139709872644
0.0038804450351423224
0.0030148821201049746
0.0022322204195011947
0.001492466550231221
0.0002860340941425245
0.001993731564949604
0.0015196845383364202
0.002019498156968485
0.00151116561591621
0.0026548566336859138
0.0024162696294126
0.002660210860376633
0.0016251925289382735
0.0029754758889414734
0.002800900496975649
0.0027645777937817745
0.0039360686973523625
0.0034783336986431677
0.003176370567443509
0.003594822413807412
0.0036801838843074754
0.0034542377945311624
0.001955782211996738
0.0020354994193428713
0.0026014225966055926
0.0016879160672913572
0.00029004044518852703
0.0010529058439887478
0.0016184415685876322
0.0011312596228761787
0.0012769099313808736
0.0012144465273385549
0.002287641103169834
0.002014642400608486
0.001579974364769376
0.0018617458732485546
0.0022727814157548357
0.0027713496700922137
0.003162907652684906
0.0027259883792147156
0.003437106597953548
0.0029232419284811865
0.002769793841601671
0.002534877611227862
0.0029148535544511814
0.0023188776595201516
0.0027635109819239214
0.0017512218899601271
0.001195695762541368
0.001857284652325121
0.005227750203798124
0.005113565533587921
0.006337817635490213
0.005975873269450052
0.00571862844083209
0.006384945734509891
0.006257031004393803
0.006984543239037562
0.006171210377665998
0.005432550580853674
0.005980647153207339
0.005456800479145063
0.005733368228284387
0.0059458940364074215
0.0064232112571025405
0.005980280651258288
0.005497824476406855
0.006312111418010666
0.004804491962222346
0.004924360984333452
0.005643603093506136
0.0063489918519722575
0.005876493196323162
0.005825272724549608
0.004937702681037471
0.005116246861744637
0.0052704967267404625
0.005578294643684472
0.004794468218401377
0.005298335969552003
0.005406014333104221
0.005535550340558058
0.005745942953292498
0.006243183961436864
0.005656874482441288
0.006451496736628677
0.005599517133055077
0.005933398029768594
0.0066545170079074885
0.005997870502621501
0.005651938102935743
0.0053016976169924165
0.004903863955251163
0.005728779088226949
0.005030862610173541
0.004971159905049027
0.004750410502969343
0.005362636953577209
0.0057948044770021615
0.0058552343767289015
0.005324560070043686
0.0054397646650633505
0.005027801773006136
0.006029911984441334
0.005047207196842867
0.0052624031276188865
0.005047998459548792
0.006123799993891411
0.00539010631164313
0.005870574416170427
0.005512931419596441
0.005631688830712505
0.0057589979388827164
0.004677179170276785
0.005526126705623274
0.005870669424314814
0.006520881285937835
0.005606040116835966
0.0052369198512513945
0.005547569789533288
0.006089082257522449
0.004978718520953571
0.0056487560927622445
0.004318373324638119
0.00467561820121812
0.00480456233213439
0.004700229794934591
0.00503915930758602
0.0045645529821227455
0.005100114912892434
0.005151753775292203
0.005220933026682493
0.005241355468045863
0.005906242377857768
0.005358294746702934
0.0058559211144501465
0.00557842299340837
0.0056697260834272165
0.006233440158491583
0.006745826541031749
0.006470754989240793
0.006299976577003248
0.0052520080424033385
0.005136036247703453
0.005336101000341656
0.004937362188913008
0.0033916381636846953
0.0038078481731253465
0.0039102431964491485
0.004026254712991017
0.004341645776090088
0.0049188708789737225
0.005164588740582913
0.005011791397697795
0.005650784216460161
0.005774641391914155
0.005459328509536996
0.005466823453723716
0.004983803819507313
0.0066850437950003025
0.005979114662750464
0.006411547000927312
0.007126028859169733
0.0062948146313580285
0.005928778629551951
0.006252562877701277
0.0051935268528061
0.0019739846561990216
0.001453382728638335
-0.00035073935219011255
0.0022510549599923336
0.003129455552878172
0.004741603528437738
0.005765143797315836
0.005434965579253448
0.005822252684179722
0.006170722561268334
0.006626936865093373
0.005746209256663809
0.005667592258582327
0.005976512280175967
0.005922857604306596
0.006867881525700605
0.007073790249314166
0.007346592502771301
0.007412236839254312
0.006972080700963134
0.007328759448196985
0.0032801383352961152
0.000480737453213652
-0.008752734156255186
-0.005306535851371498
-0.00221394942657697
0.002681867409369826
0.004745989026890975
0.006220708918165855
0.00544485412066816
0.006061094211928329
0.006355646898640192
0.006754565384958459
0.0060015571167910545
0.006011754493473581
0.006119762369409771
0.007107804227788908
0.006840996200430925
0.007957951107515474
0.008332587434662054
0.008022121683778497
0.00933257669116392
0.007291304853246641
0.005485516977935842
-0.01118327269340189
-0.01623382441839253
-0.024650393238528547
-0.005605885374182152
0.0005647175134144462
0.005971485224567367
0.0069765133769742705
0.007934417844276714
0.008404244096716465
0.006723378870553277
0.00557804702127079
0.00580891367813229
0.006573800834332277
0.006493861449569496
0.006537964066503333
0.00773891120650894
0.009048837298726398
0.009484683565781351
0.010794939015454336
0.01215868346967254
0.013931156457308193
0.0036503910961982224
-0.009951360331992891
-0.09782843376374342
-0.04508364482628709
-0.019475285033209878
0.001987832694113202
0.006380352273943195
0.008913164586046953
0.008261826821979125
0.00841243528259603
0.007098139318583209
0.006517564890764091
0.006443305498728407
0.006543708313725316
0.007082318387744563
0.007270672969422025
0.008476833751309022
0.008821017373441821
0.010843245195039758
0.012351444947092049
0.01699767239297014
0.021214590630032254
0.025668925264321706
0.011031751532933452
-2.12299159785982
-0.09044626909894805
-0.013112381397321647
0.006377548748046541
0.012318523619794073
0.01123119547054607
0.009789538767370164
0.008677697182640026
0.007593369030484703
0.006417616291456472
0.00670436520887848
0.006560805493432691
0.007526446739419132
0.008042914349409366
0.008188994174615676
0.008823464123027792
0.012249291833812341
0.014694159822406792
0.020847584610608656
0.03729464120649151
0.06902102773665875
0.2996404732093784
-3.177137987445149
0.28129453618970607
0.06096918126224663
0.03206945403370253
0.019090756009687647
0.014844437043737335
0.010625010870083967
0.008977409187460856
0.006951942642847472
0.005913764332170516
0.006610392956274531
0.006848566434726544
0.007742624075365202
0.007757571090117382
0.008686019861724648
0.009861626909030434
0.012541852098650564
0.01581184551705072
0.022837076209361366
0.036483019775462054
0.06870462171959225
0.1215668093370653
0.2856954741303374
0.13759225482412316
0.07349170329345656
0.036071325808253056
0.0226801677747441
0.016158883208027854
0.012781336340388078
0.01055091689174
0.009114701674997925
0.007476956681788939
0.006892821418110916
0.007747671918577712
0.007277906777149977
0.006767339623661529
0.00888254976072551
0.010016893167700748
0.010942459157737155
0.015098073862773339
0.021347235192204998
0.03179762189160748
0.04848695540829896
0.07525747193249456
0.09743861000093869
0.08096050903206517
0.04915470204588628
0.03117049493514739
0.02111088167825868
0.01580130508001466
0.011857120332269011
0.009923185560100528
0.00822690371700734
0.007344266861600715
0.00693604141437852
0.007273255706394343
0.006236867186150287
0.008172381112720528
0.007348971393042925
0.009120045163516848
0.011433365270919217
0.013745997857656539
0.01806071633156954
0.024157958453996226
0.033027246508078166
0.04376236160924006
0.050224596813739204
0.04410574849273498
0.03358835361643152
0.024514975865616667
0.017329993053152297
0.01456690186526442
0.010753050687748816
0.009293525437896752
0.008349085643543974
0.007207041201162029
0.007113391978747897
0.006562618962657951
0.0070157765408445875
0.006664378203152309
0.008147840393412884
0.008624736008855004
0.010362971534812868
0.011464591511587121
0.01495699443870163
0.018546734903580556
0.021935687965903346
0.02775938387038778
0.02960233810864993
0.02783543950626955
0.023703812042438953
0.01856538905461184
0.015560226668267294
0.012437917707568216
0.010217661264354068
0.007965214741937744
0.006786580377176463
0.00549461280108795
0.0067308617839471245
0.006729212927156097
0.005979071512074574
0.005566572480753039
0.007232007772932097
0.008524721955074524
0.009181308577829441
0.010213398336117613
0.012601209595007974
0.014954341280784282
0.016841555737041533
0.019704874837871093
0.02021904906565621
0.019520425452036305
0.017055591693574776
0.014373154185018947
0.012549156105185528
0.010258528665810163
0.009009368000623106
0.007374359667091847
0.007128517022585343
0.00595103961123171
0.0064096810396603076
0.006018148044055659
0.006306459356244837
0.005928547630894914
0.006071562716905736
0.006944163698091993
0.008353487429478165
0.009411157781614209
0.010284491936690437
0.011783267763223693
0.01312066736160501
0.013684249470176785
0.014165244998239698
0.01379593554593905
0.011942052310502056
0.011150366406553662
0.010094182064358496
0.008582755333932273
0.00800851020724888
0.007517991355735298
0.006874561191487743
0.006229206083727401
0.006464041511588887
0.006487569478000441
0.006319773020021511
0.006075348871849515
0.005608926980062718
0.006194406707917482
0.007684647933562103
0.007980326289592716
0.009342810444166792
0.009769078990984226
0.010525407920530165
0.010947813416193048
0.011326879037446832
0.011435902634916851
0.00999663045125974
0.00974333741288827
0.008472103768509444
0.008215062401829665
0.008183082443386183
0.00785090023888455
0.006788961388003256
0.0051574886955032696
0.005800672225305557
0.007026323538189716
0.006477540796102967
0.0056339669711641645
0.005673371205539693
0.005818701062437714
0.006998027595899451
0.007295889625155089
0.008746525896902677
0.00819913375375666
0.008931039050825512
0.009033487441856785
0.009846148642419637
0.009189762470045418
0.00890879820300433
0.00662880038717372
0.006854646109476904
0.006472453473446087
0.006628646048826247
0.00694388456021026
0.0057947001703243205
0.005568240711575443
0.005667641997905532
0.006626969609519088
0.0060051742239309374
0.00576705844858073
0.005614706233259007
0.006173029780954034
0.005605997972299608
0.006419377780471463
0.006929866387035921
0.0062523390125757295
0.007155350602520155
0.00759912544799004
0.007812435626236327
0.007544962395535039
0.008126505522356388
0.006746502400794432
0.006374977903311152
0.0063964273199026145
0.006303870281508434
0.0058943759781725944
0.006602750483292146
0.006203472333721117
0.0054708438794110695
0.005794016572876029
0.005285070932450782
0.005227149975387264
0.0062761784123296005
0.006472632713962304
0.005504411624135441
0.005585490095507079
0.006498315219813549
0.007188056122853777
0.007820510709487982
0.007945982031966137
0.007281821102360019
0.0066562419619078375
0.006768253024882566
0.005639252497697785
0.006044117707608799
0.006573301150542249
0.004931775213367579
0.0058371902287734315
0.005928561438516181
0.00508544056567152
0.005549566413868363
0.006257195761484952
0.005884824812874226
0.005483201429210007
0.005433927243779265
0.005179903627012002
0.005887576889698101
0.00550786212319368
0.0066950113050015326
0.006428679541058078
0.00690910080031689
0.007233751657980686
0.007175758394925372
0.005910397015604678
0.006541364284158927
0.005473715520939195
0.00584118392318046
0.006333792612003193
0.006117355862627523
0.005383717133586294
0.006022648571820418
0.005954382641366475
0.005995523086310442
0.005200714787153409
0.005527238948317876
0.006624475032632388
