-0.0008339777875450826
-0.0005640770937867508
0.00015723752834294552
0.002338851227539647
0.0015035576608864204
0.0006649983907100404
0.003433189772291011
-2.1996096542843324e-5
-0.00034237189007887275
-0.0007304773651180013
0.0023535605975856244
0.0018586793087322154
0.0009180180179333207
0.0011147570576174701
-0.00039686917126718533
0.002306993124628634
0.0009483241004836856
0.0015283388800823104
1.645612482427351e-5
-0.00010881579579664696
-0.002763097773160399
0.0002498124850004765
-0.0019165171728720719
-0.0010843189681472372
-0.0014927771646856725
0.0033935039721175514
0.001338142406621156
0.0015531030953011787
0.003599884905607951
-0.00099528086543262
-0.0007662684711529962
0.0008403941057147137
0.0013513648852471003
0.0015094000498899463
-7.803486683958036e-5
-0.0006941983329163252
-0.0004166286409225164
0.0013011947912331223
0.003421238546070625
0.0022017768267835664
0.0004951800379842736
0.0006732731328753957
-0.002473809665553645
0.0010900796025932915
0.0007279832801928583
0.0007833059507979857
0.001660053253257431
-0.0019993000757951487
-0.0014420817878865485
0.0009847713178094742
-0.0001932018601312857
0.0017532696994881824
-0.001725293522478071
0.0013180168118032095
0.0030398319176834394
0.0013588800079802148
0.0018330950253992121
0.003917386169803652
0.00011235525254883522
0.00022121936774074816
-0.0006169497903850841
0.0005324662997356373
0.0018115815900131243
-5.7554506459822565e-5
-0.0014499690961328512
0.001178488758398874
0.00017302855430417438
-0.0014586735977848205
-0.0007833499807993396
-0.003284618266527197
-0.0029652971026088563
-0.0004978823114750423
0.0007453189750149574
9.191640414630805e-6
-0.0005066644007264576
0.0007414533868264404
0.0024362040683668543
0.0010650231272512044
-1.9222684253651027e-5
-0.0015945027874147873
0.0023243785895284033
0.003353095013047155
-0.0005872135291207007
-0.0020323105233450104
-0.0006206532721015363
0.0010718173881112706
-0.0009165695321586931
-0.003717430598259777
-0.002839055323608485
0.0009480489943102619
0.00017822970103426923
-0.002140138031822176
-0.002813485965698459
-0.0006884810119928649
0.001786090695468539
-0.0015596555413133757
0.00127240771612823
-0.0003930123896703204
0.0015792953315608145
0.0015061635014411126
-0.0005319128225110983
-0.0003400784908278606
-0.0006011320390039993
-0.0008602567103540993
0.00047638469893296776
-0.000778943536679411
-0.002610962782627344
-0.0004301854342289809
2.5619644186110596e-5
-0.0008704221927885679
-0.0013301825636259162
-0.0037669377007404064
-0.0014498849019262286
-0.002900965673996946
-0.0020943628077876673
-0.002254643608748805
0.0013087877818030562
0.0012451852757416459
-0.002723907038090975
-0.0011740306209802563
-0.0006090782312692413
-0.0032210261601449174
-0.0018232697059777274
-0.0011273964928579109
-0.00021304281747728626
-0.0017209961767106828
0.0007807390643419197
-0.0019392180322451626
-0.0001108893496201452
-0.0023184477738218494
-0.0026856462348198613
-0.0006098995197188044
0.0009449611071304752
-0.0005848401277315496
-0.001632249467206655
-0.0024146386907049873
-0.0020852609858743
0.0006589817659424292
0.0005433184227640358
0.0007967322418187407
-0.002853961779120234
0.0002255747471568006
-0.0018848167756323282
-0.0029317715542230257
0.0005363994136771586
-0.00026708634811096555
0.0008986205124969996
5.876242049103708e-5
0.0025500151396223468
-0.0004027407041845136
-0.0009250769742730424
-0.0020436353970339598
-0.0027933738797468986
-0.0035431284857886554
-0.0003256026870626577
-0.0009659898383939938
-0.0007854681118734867
-0.002053170761899235
-0.0015968121914910257
0.0028119709262645143
0.0009397755103442104
0.0019495831151147465
0.000439794206621174
0.0010176211995780403
-1.7749285310128884e-5
-0.0005468276712763535
-0.00155799952836886
-0.0005767582350326245
0.00028317349108062024
-0.0011169421345686712
0.0004276608102014032
-0.0018567228867170126
-0.00036605494803267275
-0.0025675538315723663
2.9681618800407876e-5
0.0007495778695478267
-0.0003498386011747234
-0.00038253419887809186
-0.0016424651481190362
0.0006236061240931318
-0.001405560237923176
0.001454227364629824
0.0004110375333086938
0.003290160831345137
0.002956490498393249
-0.0004075942649988728
-0.001522117724098259
-0.0011393288058885143
-0.0029703681174788397
-0.00013176047304290934
-0.0005403089559624283
0.000877433039336099
-0.0005774825158671368
-0.0017181103256177909
-0.0009888698386105003
-0.0010816417368505404
0.00247423341388388
0.0015885775738731312
0.0011925921659785654
0.00101502634415913
0.0013619126674666963
0.00192078438045599
-0.0018916942271062138
0.0005737813695416309
-0.00013911495277027535
0.002853820696767003
0.005608310895701907
0.000750563225540355
0.0011089290186570276
-0.0004777332998296521
-0.0006929245521137396
0.0018762932493482834
0.0015609930053871414
0.00043981721951683077
-0.0013039137377230162
-0.002269933226818551
0.0010387482281012843
-0.00011660341935899217
0.001975490392153934
0.004623925514103569
0.0041680556407334025
0.0005325358552931322
0.002012923129050045
0.0012240763510403983
0.0003190018203674636
0.0033399612475755206
0.001926065754592385
0.003907430318991697
0.006769174066159131
0.004640533235914381
0.0011298662639024236
0.0024826326123626188
-0.0005010059143263539
0.0028555990439254903
0.004365683120850827
0.0030110786200615676
-0.0014987876772975105
-0.003056999358601698
-0.0006770278897951378
-0.00019017077754135783
-3.667193471160841e-5
0.0018619053696559925
0.0022508857427167117
-0.0007675899606831159
0.0009498643281434487
0.0005841432269360953
0.0013930294191432855
0.005500296003788478
0.003880918427194406
0.0028097941554030116
0.016255974015010353
0.005267982929247583
0.006211411383044206
0.001036901740654116
-0.0005113402730313776
6.283713574850081e-6
0.0024817583126975013
0.0015263579616739045
0.0004078201608640504
0.0018167191378581605
0.0009124952210830191
-0.0006702334811426967
0.0022873536906601287
0.0005957937603075766
0.0015570955226681161
0.002347024104528766
0.001116203179211217
0.0023459863350767394
0.003925577463843337
0.007847521458407876
-0.013713295028966583
-0.021336522238085406
-0.03194698740486656
0.02127476658039496
0.0028729720219001177
0.005699850730482628
0.000725036253262268
0.00037345534815333523
0.0019571655394337683
0.0006543771372179191
-0.0009852419116556977
-0.00069629436161324
-0.0014116019323284932
-0.0004404073891076804
0.002617670569428711
7.803333132205847e-5
-0.001924765185295291
8.068605977335636e-5
0.0036475339742013707
0.004137654485970343
0.004807737817333212
0.02487091179898573
0.05788574867436778
0.09330566348479938
-0.008258582684392134
-0.0005858609096523584
0.019421301323011845
0.003665555164263132
0.002283352620738257
-0.0009894845594120127
-0.0008319466890442367
-0.00022718208014407503
0.00028793086083749866
0.0013825261560599436
0.002485929887782931
0.00027518129075830577
0.001433311588956908
-0.0006779727808235375
0.0011557189874294787
0.0007241579533838127
0.0018539809756238934
0.0091195919086832
0.012593672522208254
0.10835822288079751
0.33776761381569426
-2.008352325350498
0.0308959634114455
0.050830781128040875
0.013132528277750036
0.013007884602423117
0.0017602172613167683
0.004297719651747139
-0.0017219505731837482
-0.0022934452933044288
-0.0018756562389547612
-0.0018669172640771291
0.0003955937314228527
0.002341305017908569
0.003074298450555877
0.0015300208334615042
0.0015326546796981773
6.873275554846641e-5
0.00423651754990919
0.010899010371898814
0.03195738653988942
0.09429290440797712
0.3178446803223947
-0.035707373973242265
0.046365725291928936
0.011889577738660506
0.031122286481104076
0.005997421720241599
0.005452448949174832
0.001481135140845944
0.00041974643081992306
0.001169942178424636
-0.0006429899913825149
-0.0019550977347876056
-0.003734260035625985
-0.001410174131160651
-0.00017444130839826852
0.0001448199929596173
0.002403061554124808
0.0024750721609416047
0.006067710973479011
0.008572506813014174
0.022138939142006556
0.046938289924026565
0.13082279833034188
0.13798946641287677
0.043757959157130155
0.03481758971364162
0.007816728358495314
0.008409272464822185
-0.0006243126418973229
0.0020033506801487265
0.002481999842522141
-0.0005884560176843237
-0.003095956794505975
0.0010128730018325266
-0.0009657125037499946
-0.00012420076666640298
0.00033009107550238236
-0.0011235817040183061
-0.0015818010057124714
0.002020476288992763
0.003918466036423386
0.005908316941678171
0.01143727947674318
0.018255707322800085
0.03239381359281477
0.025760277022725507
0.033085289331618785
0.006313168542438929
0.011790973983312176
0.0034858307816147864
9.198498577434264e-5
-0.0018896970985064876
7.243377172306799e-5
-0.0015911236375727622
-0.0021093251284479723
7.745396789355605e-6
-0.0025015481348055167
-0.0016718016555284509
-1.5317447534760162e-5
-0.003393760632142109
-0.003332735364744369
0.0005183416960236351
0.0037203243581615192
0.0013694297383634248
0.005649588877812909
0.011464966657957877
0.007746002370989668
0.01931911260110042
0.0068448249709800926
0.00729442148199413
0.0040169785240964295
0.0028963053475823345
-0.0006756643898656018
-0.00031784961955461566
-0.0031533353636516515
-0.00254340826714132
-8.010051039987495e-5
0.00014613962140462125
0.00013554915100052513
0.001480520787902819
-0.0013610256141014002
-0.002900609401818253
-0.004980341500336495
-0.001848285401997615
0.0018777116365214061
0.0013586891461194958
0.0029942583771934315
0.00503079080746407
0.0037294685326598174
0.0012069796449756217
0.008163558378582174
0.003024710874260328
0.006408797046957418
-0.000516442987895217
-0.001315853100377754
-0.0015566832011515213
-0.003919420503949439
-0.0045054170847770875
-0.002552606435344293
7.41950832500185e-5
-0.0012976936501369629
0.0013972219966479217
0.0005734888553525085
-0.0004152994058059075
-0.0015112574668868432
-0.0030384137978375896
0.000594928437144785
0.0017320973599805366
0.0017406468234120245
0.0024966142292183234
-6.814859956993805e-6
-0.0010003540215556177
0.0024857108685070553
0.0007609418660023629
0.002643937883024033
0.0006429465748358548
-0.0003238054319925939
-0.00011698310488746301
-0.0005490746532497463
-0.002366398066279249
-0.0027543576349897563
0.0007054860277900224
0.00099741703882705
0.0010429866987701386
-0.00023880512405082249
-0.00151197290646352
-0.00040835557280557034
-0.0016175922142805813
0.0008418679844890327
0.0006321420889859529
0.001053201941537082
-0.0003197115943186748
0.0005444392354575937
0.0001958771994267105
0.001040130807178047
-0.001525240469177758
0.0035888415338700716
0.002605135949483283
0.00145593514606563
0.001132172683450417
0.0006431964796523841
-0.0014976686514962664
-0.00021501087242011148
0.002275350942598312
0.0002195860199134742
0.0002722975544278913
-0.0018943614905176202
0.001090473878153053
-0.001114111920549
-0.0006739825258789103
0.0016733840137476766
0.002719217482186932
0.002190321781929753
0.003094671083873674
0.0032630907139958483
0.0029799125407528374
0.002258349941064159
0.001712447967098341
0.00200363447730937
0.002997691469145258
0.0024323479020267355
0.0013146692493267627
0.00015976337519309843
-0.0028071047649405947
-0.009326054290099322
-0.01895822578402695
-0.03763380455170837
-0.03598820097112729
-0.029447366007206533
-0.010444462030007035
-0.005294461286424066
-0.00014132647782524665
0.0014863200928881184
0.00328398869362256
0.0029723650442095837
0.0032213542078009475
0.002861423187506525
0.0028089623208583355
0.0020613195995473894
0.0025739191662137954
0.003773881781078862
0.001919502958701116
0.0019463731971692691
0.0019922515837033482
0.0014871726171897393
-0.0016260617062022432
-0.004504755710432323
-0.010160489972369673
-0.013955551115088088
-0.019145693973728308
-0.010642237905227846
-0.0075524216528740475
-0.001659215264277527
6.523316886649223e-5
0.001699321703972217
0.003214322271442459
0.0025168411097555915
0.0031587369624497784
0.002768453621156925
0.0023600089803140507
0.0019440774093604065
0.002181802534573464
0.0027157352583326755
0.00227174149247452
0.002240127214076665
0.0021049401774969564
0.0023411282798658215
0.0012065708337950932
-0.0013656185972377906
-0.004169061641576634
-0.006809474324160936
-0.004958829895724536
-0.005390475026632223
-0.002046976173284532
-0.0007593634042428471
0.001129367662485727
0.002059143343794962
0.0023721234879095143
0.0017156189212238018
0.002694854811320947
0.0030034203681890328
0.00311238108754917
0.0026630440595428314
0.0028844529884948333
0.0020392974987591813
0.0026096906112854186
0.0030921859781632213
0.0023567325669174187
0.002928157731538461
0.002240125906084841
0.0017857495713970058
-0.00014803149506902413
-0.0006690829474600209
-0.000455999479045293
-9.167364475765238e-5
8.34202447880381e-5
0.0018105797155948014
0.0011135007510757742
0.0017948386049274172
0.0017783577505799764
0.0024277697876023832
0.002531154036216595
0.0024342800757130596
0.0027642170365120987
0.00358256610300516
0.003999160420151141
0.004141300165007788
0.0028001515194531574
0.002487336811738338
0.002846444585453549
0.002403910774635558
0.002462189936134231
0.002329151642173062
0.0019119427104622117
0.0006668926938361956
-0.0001512533546751945
0.0009409167866782873
0.0015134050027918022
0.001875683540250038
0.0018050294438736298
0.0021751848954073972
0.0024801804349492305
0.002234175014392687
0.002341436939254774
0.002364444739026681
0.002245159760091215
0.0029973296472900713
0.003312693194904861
0.003412760696987445
0.0025778873650681225
0.0032117197173845338
0.003336896041829629
0.002817911259615326
0.002426464027794317
0.0023496248923766555
0.0026277568690614506
0.002002738489871773
0.0019326860737580091
0.0024667288310228604
0.003166348981082918
0.003340327092126083
0.002800499986047451
0.0023924544481162035
0.0024374095099194007
0.002367504199102755
0.002003597478355888
0.0027164725288714086
0.002831916775126159
0.002485854954731197
0.0032861559086424484
0.003630577360530578
0.0028104884163264155
0.0022763626492535087
0.003293762449508031
0.0027948108633471963
0.002118832718376633
0.0016442203180876006
0.0024472819204766627
0.0021571601314048826
0.0017710503996112765
0.002619833963610159
0.0031941454291790003
0.0032127164722294045
0.003618335854792517
0.0027688894317930593
0.0029071615644488784
0.0032089029602745457
0.0027745774178498904
0.0027616994787489743
0.002721688785561775
0.0030258722502772483
0.0026813653199681607
0.0033039622391319266
0.0028645840300088495
0.0031238345310662273
0.0037811192974042894
0.00359327137228351
0.0027399747968030156
0.002611505758009278
0.0020943024333646915
0.002094232627987191
0.002217447779988133
0.0026479540879292152
0.0019130398953680443
0.0027914946991076666
0.0029174795485423072
0.003561602935062627
0.0035604588761605294
0.003151785854718785
0.0031377780513058636
0.0026315246245279646
0.002158710805889911
0.003057946787743173
0.0028835142520859483
0.0030976419111121635
0.002769219519580278
0.0030363523383507363
0.003113792771448648
0.0030040104345271344
0.004296164900336909
0.0035031517719041117
0.0027024063298925058
0.0025192869438656357
0.0026687788389691243
0.002613502289585547
0.0031502308904505726
0.0029596400769294103
0.002763541411632914
0.003077628180730337
0.004132141632078765
0.0034581412537742244
0.00351639681772079
0.003309360777853116
0.0032674592689542208
0.002537287108103379
0.0026167545655518426
0.002893910187185962
0.002802143920026808
0.0027391474113235372
0.002749919456009586
0.0024098579951037703
0.0035338530403552434
0.0027329789397324182
0.0031206121918954085
0.0033666763709303844
0.0032160296351175463
0.002133219148927312
0.002848709576960408
0.002932404732851297
0.003349606894237757
0.002913209518262129
0.002604667116987021
0.0025774092063733643
0.0021912539651253
0.002678031378469211
0.003098533201020671
0.002254659265416496
0.002369617650023308
0.0022087490715679272
0.0028860009167733258
0.0024398905825534713
0.003091923146878398
0.003615493728588546
0.002862909502153404
0.003254848460964667
0.0033593582578496286
0.003330787251059818
0.0037194073375649184
0.0029828308798992382
0.002663910956843477
0.0030611787785880065
0.003016517619679173
0.0028000485824224834
0.003415434114859561
0.003302585488636554
0.002102758886769723
0.0024517139713632627
0.002576673165699651
0.002424452065949653
0.0018767433903643066
0.004107851062290815
0.00413467787433237
0.00416058731046715
0.002948894945141953
0.0030711467055003364
0.003489723291849643
0.0030546135237273057
0.0028621292706579706
0.003303301362701429
0.0033853540540517263
0.003928706176665999
0.002982887082347464
0.003231853070983901
0.0033092203118202258
0.0034004949859292783
0.0024028123525263474
0.0029972273250232274
0.0024149553076912994
0.0023578955322082367
0.0026010416007213434
0.0022729198160650207
0.0030090451939895247
0.0032113413685822233
0.0037626716513302627
0.0036807155892369125
0.003549482042531701
0.0036833419384914544
0.003244362252147617
0.002544347989643313
0.0030850664596964793
0.0035804494461635734
0.0040527732225431315
0.0045765882114368215
0.004230412082103393
0.0036623403234852425
0.0031506053387061043
0.00262518777742296
0.003910171183936757
0.002390820262916301
0.001890860314726826
0.002422306065652951
0.002405597484766392
0.0015844217667182782
0.00212369587521159
0.0027661639233966407
0.0030209979376429595
0.003712764317480117
0.0038787961830882814
0.003680668171232194
0.004395006431878928
0.004625867962912809
0.005612498591843054
0.005029821872924398
0.0063622401362764345
0.005545597025803333
0.0052245408874483
0.003973767044883515
0.0032157331944028403
0.003668480322740179
0.0038562616909198857
0.0029340911629976542
0.003123015735420737
0.0025094589154087614
0.0032664605540674665
0.002924554405222357
0.002564790440520145
0.002685494725689386
0.0021920642863430787
0.0035401147130153608
0.0047236991406203474
0.005265680640943312
0.005212821776049618
0.006485664819898076
0.008414300982853904
0.009081496863512166
0.010577344745123389
0.008599577434522703
0.0069059272238438316
0.005446443645278858
0.004156832157257344
0.003413966767877365
0.0032989082376740954
0.003439450022796757
0.003069285517473757
0.004084828241380997
0.0038680386894743256
0.003140455727205123
0.002511302831627512
0.002229040307960364
0.0029855230365521228
0.0035139528881270067
0.004017866995408155
0.005420971007365662
0.006210071574498498
0.0091492489359777
0.012802769071411573
0.01614114978810388
0.016318383072195027
0.015030403922494055
0.010118110700998342
0.007780153159591164
0.005837367932015756
0.0044326259374101755
0.004025158707276288
0.003895334372593752
0.003417029157254151
0.003160905233268933
0.0030749036364575307
0.0034837387510988976
0.003111616548662547
0.0023762026504441625
0.0034978728237907092
0.003416133535771857
0.003972236026443917
0.0060082100705483536
0.007701702385978507
0.012918343070270583
0.021321173491628768
0.029464137137157134
0.03516832790991882
0.025393068062960104
0.017473799254961755
0.010646223504866426
0.00698245755014527
0.004996534088926836
0.0036599287066860714
0.0031455316311900195
0.003569348233460078
0.0035118957921377618
0.0031622776569400104
0.0023836580325585464
0.002128700692376308
0.002229906404410525
0.003171294005216784
0.0034241736049878523
0.004007007416077161
0.006133604426916077
0.009521387633866014
0.017329488350339723
0.033771469571247215
0.0639120424973476
0.0662369108266339
0.04446738678451808
0.023246793735026795
0.014127514178356827
0.008251347016019194
0.006118540345234481
0.004301640164890711
0.003072827756522409
0.003827580917241214
0.0035207566469998897
0.0025186248193558663
0.0021827962693384104
0.0020140806728086032
0.0021585357888514183
0.0024669836636474255
0.0022854304311252203
0.0041384657351138
0.00608254177280343
0.00997111544893244
0.021539160042218584
0.04552064653592432
0.10387334043443897
0.2335042468259565
0.060792851486275036
0.031381135941716654
0.013165909589087307
0.008157140683119894
0.004557331318268231
0.002946774400374253
0.0028507641318214327
0.0034377496971107384
0.0028670694455572025
0.0027518240223467646
0.002574614504525046
0.0017841128973056408
0.0014905325720222073
0.0029137130411083937
0.003845468054646126
0.002921536619145191
0.0036366865314099665
0.005696497415475755
0.013634356350655411
0.0014204665369705373
1.2828204481060723
-2.538680316171574
0.08556762283344442
0.018246153444765413
0.012763120043211746
0.005040686710775856
0.004023630050950991
0.0027042890026716575
0.0034982204441400336
0.0032072251427582212
0.0028208966356239175
0.003748708845855014
0.002718067009750581
0.0020307353210431483
0.002218701477337589
0.002108721104117815
0.003192770852262027
0.0035069753196839805
0.002132669194130696
-0.0004486602043683863
-0.009063642499417225
-0.03528349126130518
-0.16747231965337747
-0.36498711875032697
-0.07930368831560078
-0.01301207287910763
-0.004655617350653006
0.0013767758495423573
0.0017580217371032986
0.0024448228024545656
0.002548417374720324
0.002900259286486778
0.0034463526517920277
0.0028181836746478265
0.003541535295548983
0.003299210339775979
0.002702524211383591
0.002328600607535258
0.0027891818458155655
0.0016976006871083477
-0.0003205168100187232
-0.0035582148359252653
-0.012755532513909509
-0.033662035495492466
-0.07249366220639462
-0.1085284868268872
-0.03746634585996702
-0.021918746250537323
-0.004018767639335126
-0.0008264343183715796
0.001161739957717064
0.010678655068799359
0.010343778002733414
0.006766803778603645
0.006884054160682845
0.0055134886068993055
0.006744659169750196
0.006296026172766415
0.0064440884262182375
0.006753356784633669
0.006775555357387246
0.007035862157513135
0.006843602416126039
0.007459091614836263
0.007606542721142627
0.008188668120493991
0.007430733621124563
0.008591579698531259
0.008516618312569524
0.008398920227200617
0.00882595740917984
0.0096771048817336
0.011243354335216376
0.009005368173247097
0.00821282975787073
0.007844984826952613
0.007150168396897471
0.006807958094179038
0.006791853679698618
0.006826658257713463
0.0070458903105867126
0.007251359357496978
0.007515559118874775
0.006793306880175501
0.006736577899148843
0.0076743891449307195
0.007784464482175081
0.00794977724442291
0.008330666140460269
0.008901369730775523
0.008877952569303231
0.008703989514761569
0.008373845396890154
0.008831126995835088
0.009119266161789352
0.008394483909506952
0.00867423236207348
0.007649321408877388
0.007686353504558802
0.007067478825644613
0.008071158449704104
0.008024643294613054
0.007182226096697303
0.006816219775657533
0.007042741294277689
0.007199874143295211
0.007326823217752668
0.007464628586483472
0.007898612993278317
0.0077940036688896475
0.007298316329554038
0.007858632338959547
0.00888554322786406
0.008224820814897667
0.008453294330695867
0.007976136792047296
0.008096685300876344
0.007315415957972765
0.008544186650782416
0.007785274481631161
0.0076225225915394395
0.0075814256671811525
0.007558789509454471
0.007542982626626519
0.007211137457610714
0.007504829954549471
0.007618812340369711
0.007662096668083218
0.008592469456893554
0.00816611403748388
0.007763376382107006
0.007988617566561839
0.007657085865186486
0.007092968492316604
0.007830117496943007
0.007562633090680149
0.007991837762525121
0.00848168691438703
0.008007175802482782
0.007707448651960951
0.007956842352046542
0.0077792881248996155
0.008185264444022433
0.007590714392618879
0.008158187307138973
0.00765544564502138
0.008273106513973404
0.007821251418913638
0.007318100453496347
0.007212650238950204
0.008066057252381872
0.007623462458770786
0.007576981295837038
0.008729294448830029
0.007690186484271552
0.007212951031737896
0.007327606512710474
0.007441243287160092
0.007659989334085091
0.008255308608774367
0.008182295120619553
0.007886301269417192
0.007653711326445999
0.007699697038662469
0.007918989316842503
0.00771226873093798
0.007821311249760902
0.007071768900351405
0.0070214537257447624
0.008034467049171863
0.007580156932078537
0.0071836383764117984
0.007061061714069135
0.00793349161521876
0.008097781351729763
0.008062157915178704
0.0071613183741509176
0.007759943499656136
0.007286489992810999
0.0076989174218323134
0.007663147497277875
0.007612014538079787
0.007612380067048625
0.007912322999015063
0.0078086367260600306
0.00756568505436668
0.007412485447780297
0.00758700843485825
0.00812426894039139
0.0070156109725071384
0.007318247244446067
0.007506364404843909
0.0077040040657971424
0.008017081063296483
0.007596474331342972
0.007509170801523749
0.00842310730094266
0.008421697256072634
0.0076184928811864104
0.007531333513685113
0.007299571528033739
0.007748877886317835
0.008402249861563554
0.0075496708270947005
0.007338464421018295
0.0073504374380791385
0.007753013511303679
0.007788423249998391
0.007609075655774134
0.007366632758480461
0.007552271510150904
0.008129420324299027
0.007458323139858234
0.006979583725374848
0.0074284858208712
0.007348404748553224
0.0072677421434938026
0.007489913496899462
0.007509221841948485
0.007971491161456776
0.008042867210446327
0.007824182268810891
0.007795430104198676
0.007590742719912529
0.00814404763439071
0.007700056045794022
0.0075099593868324325
0.007354080939051691
0.007896612795931422
0.0077093328790925255
0.007355772621088733
0.00710419442659039
0.007532364517192932
0.007736441586844579
0.007672442821153742
0.007778229122540714
0.008987986760619975
0.007656906687825563
0.007914678518123462
0.007759417077928817
0.007223843708531449
0.006944986607988511
0.007299630316585613
0.007160418602586045
0.007799020557643747
0.008604764525070268
0.00836852218227305
0.00805989021614318
0.00823799754372402
0.008415184374791981
0.007651509650824534
0.007964240709563164
0.007088804486840648
0.007578993803920446
0.007485165940231292
0.007860824267741644
0.007659035783268522
0.007954253362975498
0.008284262282371606
0.007276021902152397
0.007530842196073624
0.007880824319441725
0.008338597824830998
0.007731953719503183
0.007740576107212929
0.0076253279065443234
0.008059371449966775
0.00797421817945652
0.008400236963653607
0.007246089720271323
0.007951776391388488
0.00832819446307023
0.008073191419167455
0.007889790231750517
0.007343724504002631
0.006820428388737747
0.006855940910192087
0.007288408531180676
0.007622465743491138
0.007779362635694213
0.007928029044413584
0.007970053024866317
0.007672654644896913
0.007211538591173683
0.007686728879189401
0.007823673281422937
0.008418103572836684
0.00811360888002082
0.008142311390175658
0.007799922440844144
0.008144790928175497
0.007971779627099131
0.008170232530804884
0.008731608774940992
0.008503184094969075
0.007350383359838362
0.006985427335537254
0.007405344853907116
0.0068799683116303485
0.007642778367484031
0.0074804541412151135
0.007083038034802822
0.007476727830152051
0.00857343765022989
0.007593887545893323
0.007801406741237487
0.008443860135769409
0.008137379249285065
0.008603060201202
0.008190021733961292
0.007576486060469324
0.008457861198464584
0.00923855652119114
0.008438997371632851
0.008480124865014543
0.010033327945190408
0.009640414647354281
0.006299192912987055
0.005764881672590605
0.005429496137975399
0.006732161483785686
0.006771692616131392
0.007581285010814539
0.00672870318174072
0.007296317769075613
0.007712236074796198
0.007761941861072343
0.007718785480316281
0.00824321249362672
0.008518802394065805
0.008325262065627415
0.008155314862009952
0.008840633604293777
0.008407813955847327
0.00949595782610509
0.009185797190173716
0.009810700894302995
0.014624104503961805
0.009832811776923333
0.006856005534529938
0.0026258505953764824
0.0043873228118434
0.0045023576475994535
0.00537212241563789
0.006085139649283842
0.007289205210436674
0.007482645516806572
0.007989367046115031
0.007825325670968036
0.007736065682630041
0.008051746771734805
0.008415003853263235
0.007776834068331137
0.008366955362702556
0.009539165365037619
0.010118539546020195
0.01040210240257218
0.011949425428006892
0.012911619140730479
0.0204391451594023
0.020720577343106086
-0.0011829433341956832
-0.0008596567354257886
-0.002216307053734736
0.0013955950961472155
0.0034156406028435465
0.00570730460023246
0.006907349012238134
0.007699238335433555
0.007818999146061004
0.00796696113298114
0.008648326552621492
0.00810317354414591
0.008158155380950037
0.008486968524107696
0.008456165465434252
0.009753279246262023
0.01179241130443186
0.013796443149499207
0.01582120880852574
0.02040350628037356
0.04729606500862879
0.029343422933635115
-0.015252334045844744
-0.028841884849806522
-0.007938833963435081
-0.004566987339639418
0.001840018682998916
0.004086472639015228
0.005876343450755054
0.00694078056402501
0.00712361509860203
0.007208744766038819
0.008262976411551335
0.007733390555941538
0.00899699473393949
0.008724247688181622
0.00899770728476098
0.009946189738127787
0.012949952298163248
0.016145813973608564
0.023712792801995546
0.03182464844649161
0.08891514407157676
0.2544851445103114
-0.09840396381187409
-0.052889674067418777
-0.034124136987990814
-0.007666357689574891
-0.001917905377754487
0.003368675294300265
0.004456510678521888
0.006161198214027135
0.0061219080608392595
0.007489735435566356
0.008500408492949573
0.008790261661858763
0.00836581100367608
0.009039561014588818
0.009276854596553507
0.010548913359063898
0.013734782567181227
0.019987901653929153
0.029787815808370584
0.0576094664430771
0.22906758800006394
-2.611921059972972
-1.6024447190701816
-0.13511687643580902
-0.030223936816064677
-0.01653429665714408
-0.0012490628335526724
0.0018574733570195004
0.005525835972979446
0.0067975686812954735
0.00670650242542515
0.006903805698034091
0.007033397756258304
0.008189457480806588
0.008079930187257294
0.008637831863010788
0.009433303764877214
0.010708171242820924
0.014866802188893705
0.020454075293622788
0.03748308782504692
0.062067667415851194
0.07441335823637411
0.21489857890311803
-0.07550581738330879
-0.03926087608263033
-0.03220657924893553
-0.006687132023546472
-0.002092615366230382
0.00301569078405681
0.004742073403586487
0.006132243574588531
0.006527797175610085
0.007298732882973254
0.008046653282228505
0.00792634133889469
0.008020856362698425
0.008734630648301628
0.008952602673709483
0.009848178256026633
0.013259810389259977
0.019954099839380107
0.028972534585362152
0.053742418743292254
0.04456606099708235
0.03634819388838179
-0.0033258886891025575
-0.023599079367518597
-0.0069274016069495415
-0.004578210575701493
0.002189820221031456
0.0036773822123762484
0.00556082642851637
0.007021031654832905
0.006526160880067813
0.0068829479876356
0.00903279246817884
0.0077093041324402135
0.007585356037244361
0.00813928401618257
0.008355606791185577
0.009627316101182351
0.011906934242773096
0.015620057904271784
0.02218994918322124
0.03036127695269275
0.020992136036040103
0.022322995908470672
0.0004099567559157708
0.0015806177331638227
-0.0026204644702001747
0.0023767386928111194
0.003854482989765199
0.005031277507948958
0.0050535622284149885
0.006635195261781707
0.0065704846867263725
0.006801310852051138
0.00802741509398244
0.007567716712631052
0.006748861077735798
0.00817503047592327
0.008167065952728057
0.008978509231197777
0.010132589037280613
0.013437640495436385
0.015465514309276493
0.02044619465442544
0.01440000035210282
0.010165107175874804
0.00913379780076795
0.004187650697537336
0.004596093282941147
0.0047724030479030346
0.005903232497451966
0.006192400934404067
0.006863052046362952
0.007080375127070943
0.007001795648174618
0.006696109643399665
0.007835285772863706
0.007742042436621994
0.007581040606220383
0.007930730309363173
0.00844085334532148
0.008195731297538601
0.008398936141281685
0.010782731007055102
0.011947609523756512
0.012322039174295762
