-0.0017459442959739723
0.0001725207428704699
-0.0013321225509246486
0.014198468029070155
-0.0008688212353316024
0.001096516168029989
0.0014632671140328182
9.11244125164329e-5
-0.009056963857227991
-0.007811817404336254
0.020362120438777772
0.06105402107230369
0.2197892846866258
1.777620591767148
-0.726435159693749
-0.039970361205015376
-0.04003037578963802
-0.012272300211742799
-0.01224999645414114
0.01545739967001625
-0.11099011300102231
-0.2676720775116311
-0.2505580794024222
-0.09176117595106531
-0.03554922897664601
-0.021101519690264216
-0.01239395231892509
-0.019372217257761625
-0.03688946141562703
-0.11568234268820685
-0.10333361883339574
-0.06578511108203217
-0.03025317668164028
-0.014829607623904156
-0.014597572706537453
-0.010257374260826327
-0.02717907518966428
-0.04246792978148603
-0.05848276258750452
-0.03791835592180852
-0.01326901271515673
-0.009750590373117927
-0.001078769522890746
-0.0013662033390688727
0.001542872216034751
-0.022029947452124884
-0.020312212287093144
-0.026947648294036664
-0.0107615814791154
-0.0005591069319065913
0.006360789978800684
0.01758113613583902
0.011403823231315495
0.01925247343356176
-0.012488127580333113
-0.00955580567411619
-0.0012960046198033873
0.003692848590664508
0.024965179230302698
0.03125637800488783
0.05491399075655224
0.019393042100719023
-0.01191590043997303
-0.010554332450089158
-0.011287291540016467
0.007159222164722378
0.0187002968441157
0.06608981169758864
0.05934697917715992
0.07636093182513576
-0.1319251520633662
-0.0461037782587036
-0.044111097318870245
-0.03599087432367676
-0.027609839379239807
-0.027944784174427775
-0.03188254152483068
-0.04155499238493233
-0.053944753446336126
-0.05788509794462488
-0.010064060256438228
-0.012275462446450745
-0.013912541210596928
-0.014501104406061657
-0.014438571502945927
-0.012200320173826254
-0.011696446783912942
-0.008933390902556898
0.02828746486852885
0.01124171693932596
0.0002530423004461558
-0.002640184506552674
0.00215883404556417
0.015777127414430343
0.035764198370699475
0.0393888583659852
0.06399327281326128
0.031299250683925445
0.008831264252960205
0.003753446759089655
0.014182282578117808
0.041369479035703524
0.10130868404100284
0.13480009634132445
0.1351018730135628
0.034029392770107726
0.00814467040570442
-0.0011051744677361831
0.007885034777350995
0.05179657189594813
0.17664372881738108
0.40484936484921447
-0.07832583683425386
-0.023675961819410476
-0.01379365914445972
-0.0207453441753279
-0.021960198634722896
-0.043068850884037946
-0.31742147186917163
1.0339886525299735
-0.12438090541067925
-0.059502138816598084
-0.03434829385065615
-0.03473848925982125
-0.046457974463697274
-0.09545000187789077
-0.20793053699982894
-0.31718037678402566
-0.08505470233610017
-0.05063813793311386
-0.03730193136860203
-0.035832143575919635
-0.04549106354416077
-0.0714356933710231
-0.11247220236032274
-0.12095115560401878
0.037401823688659325
0.0418769607686191
0.06289465847589652
0.058558772857941074
0.07484922432263251
0.028880282176995068
0.030659988254926277
0.02221141319226868
0.036518903782241485
0.06660984941624797
0.07479953387432992
0.12288122482834292
0.09691648593214877
0.04924612996494905
0.021882634133625976
0.0340899758632367
0.0425015932561644
0.054913781118644894
0.1196523446722475
0.15204154331068537
0.20159135408783138
-0.021726018762972026
0.007735516520101619
0.01148321930661709
0.01415783147758053
0.06334256139833012
0.09700533782275317
0.21910166601246311
-0.6788210431223963
-0.43352461090482425
-0.06734601600091517
8.583537944484591e-5
0.016825944779683088
0.017937804172319775
0.04704803500596817
-0.0943193248607851
-0.30119433162659437
-0.13878793049911775
-0.05981989368977732
-0.02650285370882249
0.004100398690631548
0.022049862750658077
0.0023096926440731485
-0.015027801915284697
-0.11436704893204072
-0.06814853820091217
-0.05099472469584792
-0.0060621365234429184
0.018544939713692424
0.016361627946713656
0.02379272927885765
-0.004950723299984975
-0.010359441190016097
-0.03177662027599047
-0.005528507694521997
-0.00394527855995995
0.022455657834820432
0.036276061159564756
0.03287443020702218
0.04076629521596988
0.013106625207841326
0.019478899947448784
0.004948138645364713
0.021635255330263413
-0.13501620749944565
-0.154934661610497
0.010443366215294524
0.029167703585162734
0.02404923830588905
-0.03470121409581324
-0.07644321865721283
-0.14772793657708777
-0.08326894583924452
-0.03306155951776926
0.014240645457227693
0.054735820437200995
0.04247129065582397
0.016250913851742127
-0.06912964776825675
-0.06855013949496072
0.0007726443613173067
0.01635600309522859
0.06459441703504
0.0656904411327557
0.07239113179906087
0.03378508016476683
0.005822038372364522
-0.024574719651389514
-0.019125326008090967
0.012162238087994187
0.0636671887998055
0.0749239645268863
0.06810529929838226
0.04566044143727043
-0.0031119174309349887
-0.029043792258140442
-0.12208444121775089
-0.040022863648835234
0.03304941421924838
0.07541119681461197
0.05839265529081379
0.029600396143712463
-0.04779664964575842
-0.0860959379453954
-0.24569926545723247
-0.18980917590417787
0.013693846806012247
0.05148161391580507
0.054231563486682656
-0.007547696679913367
-0.08400509811521556
-0.25075670002336325
-0.9018519926897828
-0.47059132930961717
-0.11658139141759884
0.07372615958292442
0.04434838256716841
-0.016331655945681076
-0.21704136201138502
-0.4134827957358057
3.413955809920828
-0.2589800074719858
-0.006059494346095124
0.03791346148255704
0.0377642113583721
-0.038019427189067326
-0.16655142333928177
-0.1737605834833745
-0.056968556484786534
-0.027377725645108115
-0.021501538851994084
-0.004190249859245689
-0.05246681512278237
-0.10745503551125063
-0.11775643890221124
-0.07825519256434874
-0.053133129903702635
-0.03116075153850482
0.00989202737121431
0.01606782360682309
0.0507228108624698
-0.25452299246961363
-0.1775143724593613
-0.11996406849890187
-0.06398688055638578
-0.005708255140126517
0.02084375066707696
0.14022472482842022
0.5718992434061544
0.8628508446592003
-0.24953649926154287
-0.09691280941705398
-0.029698505471363677
-0.013783698465423582
0.03277119284979081
0.07234948217436198
0.16220745202285378
0.28714285359630765
-0.010968061965635713
-0.059143012623744495
-0.029216655301650768
-0.004797708727545243
0.005207899670538494
0.04663296783641491
0.04004658344687622
0.05597053496122659
-0.02327031159718747
-0.02113143228194401
-0.021567152405627912
-0.01942834225073847
0.0008598408030428788
0.0011588948923274749
0.016791886812216116
-0.010729107814870735
-0.01279876175535992
-0.0317446739423246
-0.03658972137738948
-0.020180424556839955
-0.018664487074111998
-0.008848893313390675
-0.025791451464120776
-0.02788297180613896
-0.04766735435359833
-0.03601218405229842
-0.039987025941278176
-0.03315975859939109
-0.015965097710346
-0.025315176432936806
-0.03135209458582398
-0.07523706111456283
-0.06788567345879423
-0.06541270179979347
-0.0029765911706706397
-0.02385482060346581
0.0036351646502771283
0.06464855974099397
0.08498767732880239
0.05915287605449083
0.0381618163920332
0.011756364467618236
-0.03127513705344046
-0.05860765490715552
-0.07575864899678383
0.1368185467768103
0.11902602695310827
0.0917946446974307
0.03887073941145516
0.01077390429351407
-0.04633641282740673
-0.1510520090985701
-0.7514810077569121
-1.1170531684109855
0.21534036863678002
0.1100000922688071
0.050250215058973834
-0.00217940769219516
-0.03815283175783169
-0.10757495936169939
-0.33986231583693
0.517517427589815
0.16518371618773509
0.09537576422018214
0.04121110437841656
0.006909120564390048
-0.010296539407813084
-0.036136423200263626
-0.05040585761504552
0.10691952325846267
0.09912302899131012
0.0611946608691869
0.03967818141871237
0.010851333080133594
0.003893101347423385
-0.00023146102952206304
0.0015760232686051932
0.05394895898347464
0.05453156640224143
0.05018126610237118
0.03267401664524899
0.020160637751094078
0.0116363243943259
0.005313667800935119
0.019962475033596765
0.039094382076185534
0.05124830104406425
0.041820329894705265
0.03323288517378828
0.018589217990296836
0.003679632890196538
0.004287400851372337
0.012309412415336392
0.05054214198735752
0.05572761056692784
0.05050301445661029
0.031385855153165984
0.020056167841998627
-0.16954829243997735
-0.85179599210732
1.1206746175729134
0.20897088737617614
0.07150315839662066
0.022046182703052163
-0.035975954172926365
-0.06496627124816132
-0.10234205936810489
-0.23224491201967268
0.1475940260872197
0.08033841392364367
0.05244625044283539
0.003716817491303633
-0.02022886493367039
-0.06361248406937457
-0.0581295963311788
-0.050329154734234084
0.014355595371636576
0.04605625582047383
0.013662976025266452
0.006262209490146526
-0.021927136307637422
-0.03067898402021104
-0.024629343551278528
-0.03206728169512078
0.011654534560973361
0.006254406470498787
0.012266341645959513
-0.004241993252233727
-0.01086117949223634
-0.027670417682326812
-0.027796360628555335
-0.00815897983629936
0.00017474041463392469
0.01815059229170985
0.005479319422209262
0.0003838060712272977
-0.01595879181242437
-0.01932703682617557
-0.026017219506414863
-0.020058956856221107
0.025284771194277876
0.02477388815872325
0.021567507531379038
-0.0021517262487784697
-0.011651380470448797
-0.03193703305035688
-0.06128518076267827
-0.016433876989672934
0.03658526908444426
0.06237904836499549
0.02973824736942212
0.008722816927035316
-0.022310068032647012
-0.03378005954055346
-0.08467723497423241
-0.1725215308489215
0.2172045292091646
0.09053977318725555
0.0695257716639278
0.0055981819450453395
-0.01932611744435406
-0.06706946501916815
0.0021295773156828454
-0.0028678064730879886
0.004804080282583991
-0.00812128446849735
-0.0015790247019985514
-0.006933354610280072
-0.0019810010402432346
-0.004582507058820942
-0.00026418629820249316
0.01453646504566441
0.0034609682431676085
-0.0012743394707838318
-0.011122666703815537
-0.0031785923104684483
-0.006322611321392149
0.0019774498658742773
0.011711913259792407
0.012800685142696666
0.06714054607291717
-0.04884615513992167
-0.008445292544026253
-0.0132727616548964
-0.0016450384868323367
-0.0045366900403295725
-0.003420890420358242
0.05124958429675912
0.5417294410142216
-0.520708979831074
-0.03487151723006497
-0.0012393470967649218
-0.011066128951571615
-7.706881216657137e-5
-0.013276560815631564
-0.0888482333473936
-0.2940856711873316
0.40985181754152566
0.073016659805605
0.0038979654623450574
0.0006725843231793311
-0.015577102594159177
-0.023486130523696202
-0.027548720892938843
-0.0941568794198161
0.0702573247004571
0.016576441851119585
0.011098723273065377
-0.005681741932508309
-0.006075188062154994
-0.006121223479682976
-0.020728473727369058
-0.0138338084723926
0.0034707749697836347
0.011769364740111954
-0.001472421801639204
-0.0002636449667327776
-0.008567275285688432
-0.0062323214333660885
-0.002434872302967891
-0.011808749889234239
0.0038696272070612684
-0.004059884012359458
0.0005279384317810328
-0.004801488647602325
-0.0009322954569822002
