0.001679860935121814
2.4628578046956745e-5
-0.003865523401861683
-0.000989548903178857
0.004963914958732271
0.024308691573619274
0.07532424762704677
0.1896507965909831
0.2769117694440573
0.15722782992917342
0.07032064193864393
0.018162145129537146
0.004649808036373979
-0.0015246117543510828
0.0007001985885652044
0.03369482031520774
0.09269934510031284
0.33752656919359525
0.8009071757305967
0.2989633651265212
0.09220748329119266
0.024534160691194223
-0.007193315972468212
-0.011818214874478192
0.0031690885026572826
0.021399509863500952
0.12579019567174937
0.47742166651603685
-3.9320490980479144
1.6571712715506128
0.06239464377487315
0.009431311925095876
-0.018496677723733344
-0.019360812665904732
-0.020936430223842943
0.005794186944459177
0.026808836857814402
0.040932087684088
-0.4524924442428694
-0.08884583334134256
-0.013159342611164068
-0.01091383889253388
-0.02713708758170133
-0.028544300393929134
-0.013432246730560633
-0.011441239459269038
-0.005453240439312333
-0.02265008396206997
-0.10639718269399592
-0.08080119650638923
-0.028253962866026872
-0.025749765645445417
-0.019254377760788997
-0.011971740638913327
-0.018039416984633398
-0.012492198741205805
-0.013540105323998644
-0.019176302540616377
-0.04416531871053643
-0.04094688242599886
-0.0230370823365058
-0.024970500484558306
-0.025778938080791687
-0.016865136255409502
-0.01771336424155287
-0.011551290453439037
-0.009225653020300713
-0.003550907375173623
-0.014304688694014077
-0.01740718910044132
-0.020730096302614714
-0.013969268346633971
-0.015394508790968136
-0.016195532349757912
-0.013393627519921712
-0.012455434156879119
0.0022919889889802835
0.010936641956153976
0.009254339345078452
0.0014769978481198182
-0.009935161961225882
-0.005833276789973333
-0.011806756612849571
-0.015416973743188827
-0.0024364988650069828
-0.003217865933592272
0.02046539496140724
0.03194338769737603
0.04444737423787257
0.024458081835860058
0.013727271137809024
-0.008131874832995678
-0.0059516885276191915
-0.014283195467686725
-0.00577834419725455
0.01584102971492844
0.036296581800000616
0.08872784525159283
0.11442454892966276
0.07785171420477113
0.03267877621586376
0.005639468049901191
0.09442213952541548
0.007585365443691088
-0.007702510292317193
0.012703565559444775
0.0218752543291673
0.03387458055659758
0.04303645774522948
0.056060800530711455
0.06747018210496798
0.10091430513334224
0.3156054152608253
-0.1255568551337381
-0.046143128034311906
-0.012335982663391
0.022143502908834385
0.029428560906229854
0.04670673767183033
0.061308425467270874
0.09651655009099354
0.17142439681065863
-2.343324961554602
-1.8489306997938668
-0.1386813011736359
-0.009913439649904621
0.010828808587453262
0.03378885412590879
0.0439048982049204
0.06787679033128642
0.10495419956796403
0.2977711153154369
0.2175316415305426
-0.0899736311335849
-0.019352367856684444
-0.006010116039404198
0.022878784367662386
0.0323226133966094
0.046570200424246914
0.06019908975312212
0.09325572098379148
0.12798391931009248
0.08146120706050794
0.01734786905333656
0.003591278948451314
0.018501779113287504
0.02534331784687716
0.03514798230700401
0.041622157948449354
0.05321299001691421
0.06546672478100232
0.09260026395763198
0.05562936921400209
0.031636127319245255
0.02922293816426375
0.02461539314576041
0.03035998086760807
0.03327094911701136
0.04049888014329233
0.046448463149712134
0.05544379110263444
0.05871221469528449
0.041217330675856124
0.03828486662294036
0.029447158671913002
0.028490181131688448
0.030088487289556053
0.033117820565882625
0.03786898903167808
0.04368998723527169
0.043359729487234995
0.049448129317661176
0.04087851012751078
0.03231060817219693
0.03070709530097664
0.029055224864877334
0.029590784696722872
0.032169073954689285
0.03667031056469452
0.037611916274113234
0.0460538599751063
0.04341248147902285
0.045474388336854056
0.03429221452395317
0.025323279307002088
0.029700113567870237
0.03046845487867923
0.03293717589547435
0.036470204767185675
0.04054983257605929
0.04461868833390367
0.0491022322680233
0.06098213891748283
0.02655883191315545
0.021641446724428897
0.020713809042346806
0.027416375283536763
0.028680580232559254
0.037762058607429934
0.04448482417973568
0.052204822007344685
0.058694420618956855
