-0.001233974371227195
0.043936441504428686
-0.0006746330441996554
-0.029321701633300435
-0.0356770744301306
-0.017711197116817467
-0.011408190064877375
0.17009990715700157
1.3160587234728953
0.165012216763345
-0.011146291609343958
-0.01729645629424378
-0.03322769893423797
-0.040555800880574505
-0.041267293104995224
-0.05801620283300312
-0.06465183691385588
-0.2432888649223721
2.269613837553784
-0.244017931959733
-0.06389796340426286
-0.054774623254932334
-0.041439914189396014
-0.04257812020908748
-0.05124490276707069
-0.05952672053148201
-0.10118551010545139
-0.14653112195458665
-0.33453477899380946
-0.15106545311626945
-0.09867370137395381
-0.054996989647068284
-0.04973487753989437
-0.05098619548852832
-0.047924221737354535
-0.06312478572172087
-0.0723924591765196
-0.12198216329380454
-0.1314322954259577
-0.11901327450130261
-0.07352900542599748
-0.059014784876024025
-0.049514730213380834
-0.04462039614256349
-0.04661823131825112
-0.049834811191540276
-0.0620901266088182
-0.07157382790215781
-0.08841728029017211
-0.0669809393985357
-0.06263579642277727
-0.05011090407123988
-0.04616888085401183
-0.04143392621416776
-0.035167393542845836
-0.04074746546413488
-0.0424474294927413
-0.05018827949993187
-0.045853010755911076
-0.04987450983997693
-0.04370145995804235
-0.04446660993760548
-0.03744749537696044
-0.03183730495057531
-0.032362682528830504
-0.027567689126772835
-0.02838971960004779
-0.023144878846930648
-0.024173018516606064
-0.02297513719647189
-0.0315039847253831
-0.028489834602724907
-0.03393840168779049
-0.025735763542161963
-0.02381293198434807
-0.022116109917797985
-0.01030277984341834
-0.0017398577444213616
0.014489826384289565
-0.005108304042945866
-0.008854212065085642
-0.02185217728440511
-0.02316246501422848
-0.020909539385454205
-0.026482312943553535
-0.014346266061137291
0.0011457295019769958
0.04661174820096897
0.05696793659585311
0.043387787081489305
-0.0014697271066033372
-0.015131840665756667
-0.025041583796934636
-0.028765473675307313
-0.025011425340142248
-0.01825972035873827
0.02647672795054139
0.07332406713962746
0.2573799769370444
0.0730136344977987
0.025764743593176907
-0.01772519303378899
-0.022872621714588048
-0.007671694908458568
-0.009555044830681106
-0.04807307925613935
-0.00938789383130712
-0.022864462249858268
-0.015282628039895121
-0.03656455846907315
-0.04912035878517245
-0.06353487394067521
-0.011595297850066917
-0.013158132634154218
0.010113935905325975
-0.020130586869370488
-0.03009328433087649
-0.02703828350444441
-0.02954531403429883
-0.020152577319563117
-0.052803497472553654
-0.003288628024218976
-0.011348872281185774
0.0449128718652653
0.033802920208629655
-0.009573937376396308
-0.03181036122076721
-0.036367929536094155
-0.03635868285453266
-5.360869145759617e-5
-0.009023846756575759
-0.008073140653733955
0.02466069831109997
0.0524536731735569
0.03323656937053853
0.006445031851954512
-0.01822680395285609
-0.0364694454485393
-0.030257998424563743
-0.04143709809628167
0.009116758440759029
0.03264375947234947
0.05193419525423704
0.11931814035075941
0.12204224871332563
-0.0009727391623897638
-0.018956292872960488
-0.039349550464756536
-0.06374026665644154
-0.03486294382674594
-0.05397831718065476
0.04879762600352674
0.16705137297472947
0.49752666201840323
0.15588127136057778
0.09990907983439676
-0.002495215794294736
0.004486331561665195
-0.028972020490456402
-0.048797862385760504
0.03722270005293385
-0.02086844466397249
0.8719994463198018
0.7029300330149685
0.3795419469870766
0.04612485686075256
0.0035794763610764464
-0.010312733171074506
0.00809100500886897
-0.0009891422935480228
-0.06069883047095849
1.1094323790350282
-4.787136746613107
0.5040531661976052
0.08044692274626862
0.11714974016322499
0.011439870264173297
-0.017305243939915407
-0.01382607964482865
-0.03848072861150337
-0.04603891039726343
-0.020189251804434673
0.4579622954554365
0.06446812527172398
0.14563594101968155
0.035981210101480685
0.0438318264875553
-0.0043935138358131495
-0.00036309418369872073
-0.010030283166068374
-0.03429612892119553
-0.012380674982805135
0.14473162676484716
0.03892686657688341
-0.007446866351660647
0.02598544470422614
-0.013208332581457895
0.0006164278550495339
-0.03385674086375655
-0.025508687615833053
-0.03723444842359152
0.007182539235386178
-0.006614982158097072
-0.05057107285631847
-0.061574958210114196
-0.056024647876419434
-0.0597105116734206
-0.04926355944921337
-0.043415692108990274
-0.037203252618427274
-0.037389583858617
-0.03259710167839408
-0.04386603779738342
-0.06394873893918829
-0.06695874711289689
-0.07005401961327282
-0.05913925900204154
-0.05504703168904242
-0.03609610238573346
-0.03293716599772548
-0.02057720782912221
-0.022689675742290444
-0.023271756383187202
-0.07327204889537164
-0.11190699918129844
-0.0881625588806622
-0.07267857491708143
-0.05238441665012514
-0.042395864599236686
-0.021942212201358197
-0.007522380191917188
0.017685712304261185
-0.02084899197027552
-0.25931991587171604
-0.16061486355710236
-0.13195785588075268
-0.07980088301723125
-0.05994401370544924
-0.035248864374795054
-0.014132338747536782
0.037757805244144765
0.06662933729436185
0.1664449805006007
2.7673024646415745
-0.3457812010520545
-0.14119361473933598
-0.09781352707571656
-0.05497265704863729
-0.03727202161129343
0.002327426320083396
0.049281952475069904
0.2518329606794285
1.7779888284748888
-0.25583466585789627
-0.15782285155736303
-0.12890793120022784
-0.07904699835580964
-0.059967435117170544
-0.03519911005204098
-0.014119228278128991
0.035768753109676796
0.06474658432175705
0.16393210181667708
-0.07451408235200023
-0.10893717801849687
-0.08439200583229665
-0.07077324596749013
-0.05200354604855954
-0.04354913928053317
-0.023752648065953827
-0.011801212298082876
0.019277912179841608
-0.021202826768315586
-0.06476251590462702
-0.06701302772308258
-0.07065239812098824
-0.06083957401977984
-0.052092225695898754
-0.040742038591571654
-0.03853982924041699
-0.022036183165046564
-0.025661386609469275
-0.028075835471320705
-0.050468986411469796
-0.0611871001073193
-0.057580743421584965
-0.05715629252336029
-0.04897700590472622
-0.04558754479463082
-0.03921002293641757
-0.03388031167899528
-0.032113077091469204
-0.04169376837226896
-0.05296808992822971
-0.05487928140863159
-0.05796285744378958
-0.05265048883626553
-0.04956680780339869
-0.041679112905731654
-0.04123431812926898
-0.03595400616251614
-0.04115224025356022
-0.04103371348565218
