-0.0030011398197122476
-0.002546102148132972
0.001770467033678928
0.003986631572239671
0.0018379539085390168
0.0031335384252956185
-0.0026014839236923786
-0.011920681558722791
-0.060064037032499774
-0.04458509953845648
-0.035289284870351136
-0.03866912950919637
-0.03948907214045149
-0.05633753566697569
-0.08447803864269192
-0.11418038829647732
-0.1072444494293427
-0.08746642850656747
-0.06801411568217852
-0.04334049107589243
-0.03473593613346989
-0.03534475783379513
-0.043264044255137704
-0.06574544968470519
-0.11608457562869447
-0.22895983455091687
-0.3022484517889017
-0.09896415841971246
-0.04091418454261782
-0.027700181765286196
-0.02173979059985511
-0.025061280463780353
-0.03458175153061994
-0.054917033247643667
-0.11399910604630117
-0.3041620498107851
1.2329657152795408
-0.12338943947707318
0.043336055785532686
0.007677202920912145
-0.006219068252144135
-0.012506035058329456
-0.015363713144166312
-0.00032915879519159917
0.026458456096913708
0.33020851943705
0.7788269476105985
0.18421822995379214
0.04932569466811544
0.013566818995959271
0.0015586065950390642
-0.003659374195412482
-0.002059024883289664
0.011058745309510853
0.03739103223858866
0.12694107887451342
0.19429508254559125
0.10744495180967026
0.02985683807876046
0.010136039020089475
-0.006675857850857325
-0.006794926462081184
-0.006029676631057175
0.00713250526311146
0.021071767363894628
0.05759909646911637
0.060295929974614845
0.05642874687711561
0.0072411959871714485
-0.004964378328909547
-0.006828152518132856
-0.011467754530420584
-0.006823258848060679
-0.007228418089057016
0.004987760643840379
0.016536971771549714
0.023469860673249437
0.012176295751590516
-0.009805499109934685
-0.013529047809539313
-0.01123711424559536
-0.01693839221290503
-0.01909725298201574
-0.017735229336654328
-0.01577697797210874
-0.012308475794102188
-0.0063487835357226435
-0.007012086994429165
-0.02488925019979685
-0.024611518372593916
-0.020399933429835888
-0.025494811491705426
-0.033083706626325225
-0.029305572433728565
-0.032553823149907644
-0.03709587678143262
-0.030503293307308686
-0.03151596133556055
-0.0407984057519429
-0.03190728586452483
-0.028975328806267357
-0.031247688150167808
-0.03824409444193708
-0.04142273678070009
-0.05415870171804136
-0.06231135148657128
-0.06140324144857143
-0.05167581539051215
-0.10727415508363311
-0.1633008626682733
0.44504183948627496
0.23981129951278224
0.13951230776072426
0.06308117921069598
0.03020834520846294
0.002806105776379727
-0.020466282513432563
-0.05829374601801982
-0.03307453215036091
-0.008296588079077665
0.10509533019222271
0.13235033318244485
0.09723413126640476
0.06146303118367417
0.02924967368300815
0.013472176654782763
-0.007774847096157804
-0.02163708360955452
-0.004290316586094897
0.014386411483202204
0.06288965979080012
0.07088827376490818
0.06307962222814911
0.03901876935696598
0.02361114422032619
0.008637572897304572
0.0007583571656935444
-0.005556743686498305
0.002960977877485357
0.013492757987646205
0.03047336810284966
0.03808098391537149
0.03345202598270945
0.02791658990874421
0.0175696532240932
0.01100849876107577
0.0033029701044463376
0.00016124875421033558
-0.0024723530291566364
-0.00017593272153858957
0.016684162792642693
0.02162688554269659
0.023453903615327332
0.0170419358602903
0.013311241105782797
0.007838535894541837
0.0025389782006423334
-0.0016205831979424893
-0.015144575038853537
-0.010160656726589017
0.0033016363006034407
0.00898019330371206
0.012463582100227737
0.015069292012064625
0.008520580239153532
0.0007046249776103688
-0.006294157112790559
-0.011523820680089841
-0.030270964753069524
-0.037214889880459755
-0.012356223497725373
-0.0005338141840936224
0.013545994587521107
0.010239104560785165
0.004948892561505052
-0.007339287135389597
-0.014881484796652095
-0.02466491072794784
-0.07063679793679069
-0.09803171295828067
-0.03562919999117662
0.004058369756694432
0.01530031595986565
0.017380536250837176
0.006465284712779279
-0.00386134015181644
-0.01715787090539236
-0.035962159067534506
-0.12699170020768202
-0.21807461176817405
0.5513304314473083
0.0484668941264045
0.0612450174057792
0.030861834449550693
0.014561640385543995
-0.005526681752325171
-0.02708558289944903
-0.06735068755603112
-0.20736998560204764
-0.48750026723944206
-1.2812461921137526
0.40091583403419706
0.11460715221268739
0.06821194453064153
0.028459376797042732
0.0017484191637428606
-0.03153041050899199
-0.0770232112207243
-0.013833997733127252
-0.020744652209448194
-0.024381583278280477
-0.029630215554909856
-0.02178991575477399
-0.018614559917289556
-0.00789109121126257
-0.009248326621341963
-0.00030199761126685574
-0.007590450820945704
0.0041796895918504865
-0.0028756358607514177
-0.022477394777474416
-0.021954957427928024
-0.019277578583096422
-0.009281002958783481
-0.00300503404194192
0.009002482368175508
0.008395589326242224
0.026590101311345968
0.08753792559043125
-0.012058705506931812
-0.021934131681997548
-0.033532597718150946
-0.02172880032429787
-0.014300183467841293
0.0006791561476782627
0.013809195117837703
0.05443575918475166
0.05771560892114639
1.0472971871134886
0.018950921265416858
-0.07184998720023408
-0.0442424663649096
-0.03491162124672901
-0.011082976136764051
0.0038416608599578
0.04961657476954345
0.08563442264308298
0.1939706609059256
1.284855005009514
-0.42189524753332946
-0.12429416129728178
-0.08343814787732612
-0.04269291519084138
-0.021211365324389636
0.01308458925650168
0.045964741493221085
0.16770984787398693
0.3349709494331388
-0.4677769721856787
-0.2367039689037246
-0.14975971486420384
-0.07781264694668034
-0.05124602900689455
-0.0198749230943304
-0.004023771346957033
0.03306500226328668
0.05653629034302161
0.13404663227093364
-0.10844052683557355
-0.13726750963717763
-0.10272302871408763
-0.07530548350306165
-0.044038045857321066
-0.02953160817139428
-0.008912453799421011
-0.0029430322345482753
0.011090256604723693
-0.026406998137421995
-0.07840583721002017
-0.07853755524718538
-0.07522601289055511
-0.05203433907158486
-0.039727106015235596
-0.025962453203241583
-0.0204994228441747
-0.009918043654798592
-0.018406867878645747
-0.02940132064362786
-0.04485751342275856
-0.05287507978618184
-0.04604068524665697
-0.04099587507946512
-0.03233571365740599
-0.029751775968692752
-0.02243614643724797
-0.01936065301808683
-0.018545829851504853
-0.030588029083445458
-0.03089341740227634
-0.030530180356686365
-0.03847556001731276
-0.03132630606600528
-0.02961817346348136
-0.024791369444324775
-0.021796186557817707
-0.0167105449046315
-0.014915083207211903
-0.012778765682263337
0.020021608628728906
0.011435709286805984
-0.009877308101161348
-0.011915841415226452
-0.03228626191686794
0.04490508691098336
0.22570600059018736
0.13559694341579753
0.09079137592126199
0.054897817449863294
0.02228767801228596
-0.004715434891537814
-0.016418600064886678
-0.056510067141796766
-0.0756515400317187
-0.27341146801199134
0.6673593502540472
0.26131628334418067
0.13196679397995037
0.04638323742503562
0.006958466610051129
-0.0051785834250833015
-0.03502011305161125
-0.055795435300570725
-0.15359111451067345
-0.25903950849999646
-0.3502031560995324
0.07958610995078665
0.048409872414079964
0.03947646527420391
0.0030553021387687146
-0.013925334340318857
-0.026481214930758303
-0.06377200987123574
-0.08948049385972906
-0.16924237849432608
-0.12044905155755035
-0.029807875729772358
0.015168473599052297
0.004823954429832034
-0.007567121093203573
-0.012666392296421842
-0.02689956800826008
-0.03714023432973914
-0.06946435398461574
-0.07097683163204327
-0.074652743085973
-0.021627470472072165
-0.009575615965324063
-0.0009985319723423238
-0.008704610542879312
-0.014689398913378398
-0.015382426903193577
-0.03131207365744568
-0.03534809721528206
-0.04688926254682358
-0.026204972857295884
-0.020324366506119722
-0.00460911340714783
-0.008422564324729266
-0.008814847677061493
-0.009639401431177978
-0.014910063982202558
-0.017165934541877183
-0.02260713777704074
-0.009255942276455875
-0.012464001168235418
-0.0030282133235182782
-0.0007390140843842168
-9.007683176923804e-5
0.0015956811703420962
-0.009763892023013362
-0.0052557280402926055
-0.012412010708963743
-0.006590386246497495
-0.0005645574670711332
0.012308871900573346
0.009348002348782332
0.01983150542797133
0.008400537483933403
0.008504031142610384
0.0015020763982202358
-0.005573471480432048
-0.0019649011586262057
-0.008737703680524074
0.01982205484262171
0.03321857903705661
0.050634869194534804
0.031729444520862446
0.024189704921653198
0.01961439148494825
0.0015072146867685962
0.00016413049295912867
-0.010352095855109069
0.005430358993085441
0.01992791610231477
0.10409740585340743
0.08311781341099699
0.07069231994083257
0.031874488633240945
0.04798338741500945
0.10711959212739476
0.08436879136470568
-0.007576820618610238
-0.036384546632249444
-0.02998128810217384
-0.019377234558351216
-0.01098574595869183
-0.004725141856028052
0.018204145799833097
0.07479071801779916
0.18527602425066966
0.5247012928562509
-0.997537341046332
-0.0833627165559337
-0.04357237380927452
-0.03223850912334412
-0.016118295920557087
-0.0034242792945559566
0.0181025369828834
0.02839175890930433
0.06365062298772367
1.5771687241209382
0.20170096442705765
-0.05894648245976148
-0.05358533785525611
-0.031063909554840393
-0.017970076109007645
-0.006864143661642659
0.006726132160094161
-0.007473559471492373
-0.019781637510056762
-0.14626553087943137
-0.07804975560022633
-0.08062293509866186
-0.05209216525445565
-0.031016165196251406
-0.019909481442526612
-0.012623919333444
-0.004048471419350255
-0.016808962092599352
-0.03612441828778871
-0.062429446567112044
-0.06955712862615814
-0.05336024821352698
-0.039988127998799694
-0.02772039573657676
-0.018235859289499133
-0.019215612512378324
-0.01665661050616073
-0.02114655137198838
-0.025307996689109977
-0.0420500072603766
-0.03935890883385361
-0.03930818982713938
-0.029676749140271096
-0.025641884964452386
-0.018807574873126807
-0.017064179307539635
-0.016932158152620856
-0.01347478322845039
-0.016577408488747315
-0.023271213922497952
-0.027373339213931782
-0.029308708732027604
-0.025560257388917876
-0.021207654652333225
-0.019161656993250602
-0.013433333137921317
-0.012799501857140115
-0.005766426024592318
-0.01008433140506956
-0.015795198197890613
-0.020762937452778473
-0.022497609759648728
-0.021187370511888043
-0.016299831178901814
-0.013394581955963826
-0.007532836385784813
-0.004599486224694974
0.004925669657378858
0.007342891946493009
0.002371470028024918
-0.009062014303192919
-0.014672467275021878
-0.016498209167057215
-0.014585846344291636
-0.009774569008742094
-0.0017026981233973053
0.0011865975962975968
0.022098514089963057
0.04136368366186635
0.027188161540297528
-0.0028698020881181945
-0.01667860914470775
-0.01836599023367067
-0.018509980579277704
-0.011701195886975263
-0.00720150167652124
0.0011385468509403976
-0.007437255796228871
-0.010013818255793599
0.00011202603691122065
0.001225625849947161
0.004016895577509864
0.0021849861909196333
-0.0003557558693372798
-0.010365432596693376
-0.008894733864742304
-0.02122444725440874
-0.0012129317531686568
0.0009426726249265047
-0.0030512620932543894
0.0016955841119882082
0.0021823292466355724
0.008830372411214494
0.006681626578913589
0.005025181138666208
-0.0003534769400380879
7.111348956662534e-5
0.003898969794661982
-0.0008714279394580831
0.004158546275841234
0.004650666949514664
0.008259668567571578
0.010902483382548664
0.0159553570570802
0.009134207370822654
0.007492687415356641
0.0045821568291257875
0.011054983558154844
0.006552713720986509
0.004853325384253935
0.005032692349759844
0.006954291727986683
0.014174684202131103
0.014105361545262568
0.020181580834916658
0.019960918051308573
0.026919806623950524
0.019686520040998516
-0.0003132694007791826
0.0027516626259774277
-0.0014651394286305751
0.005204017997505064
0.008778302878497955
0.014371284625074383
0.02811628097308708
0.05034171437623311
0.041010870972704686
-0.033634195711228984
0.0010487571041050301
-0.007408213746702659
0.0041379377400283315
0.006387072691113152
0.011650473480952684
0.019418125928914894
0.04733394353068639
0.07993960243448252
0.12839862800078491
-0.6937130753595694
-0.08356839532636683
-0.0037452574526515223
-0.005342044885504809
0.0076579928259702884
0.00834952805358063
0.02151543441829922
0.04469478143399676
0.14418428071833575
0.3593060823467524
0.5890682385878526
0.07269646983756171
-0.00835322174970191
0.0022027444141534745
0.001838411954655421
0.007610359049599147
0.002392549539050633
0.005887041277539849
-0.04398138758862687
-0.5891944834047221
0.01956314944916858
-0.013304194822656793
-0.001993048247992106
0.0008456614158985415
0.008616510212767053
0.0006309000599832938
0.0031765868668833684
-0.015931594759806714
-0.03324802092281422
-0.16299752106216353
-0.03276918527316744
-0.0059339495635922805
-0.005234256121740302
0.0029220397522467722
0.005019998439857188
0.0005528149214771633
-0.007229738213163755
-0.008992680766527116
-0.033491088648820215
-0.037675771780796834
-0.0059605954460638395
-0.01543809430162047
-0.002327641372228754
-0.007372590484207791
-0.004926088757216284
-0.003492473195649338
-0.0007152833374174056
-0.0017812879708335866
-0.0015391971608160998
-0.009620467464993144
-0.02471429986033678
-0.027548461849646752
-0.036011834757526916
-0.01683833012200132
-0.028764791317840495
-0.016111762366460357
-0.014044292074208934
-0.006501898518487707
-0.009347000321646703
-0.009816578703100995
-0.027576351303851287
-0.07113785365267633
-0.059166260678846755
-0.15275947752659533
-0.010986019123583572
-0.02616183818881523
-0.009712261193860334
-0.009297075391075542
-0.006579650589369785
-0.021556865567107262
-0.05451852224823935
-0.07810310751536577
-0.2261487071924745
-1.0848396456737075
-0.09733966235258211
-0.002730675823553741
-0.006993787163088063
0.002140822310309592
-0.008481878665787578
-0.015250673098650112
-0.013675601320833829
-0.0760372442481059
0.2700078313084305
0.8211557852816238
0.1759249542833554
0.023254335852894322
0.018031606866277722
0.006847435985512757
0.0036876370654285737
-0.013278376828274086
-0.005367028526232193
0.006197340088400844
0.0027227755963267035
0.18797910206909743
0.09707776615662277
0.053638048998676496
0.02134813873185607
0.021439933919037826
0.006291295632579298
0.005528823371303339
0.01193783365692787
0.008365953172711823
0.04669271248366097
0.04098010309817011
0.05792532442963667
0.03581079007362557
0.026646262486214056
0.010717844187448852
0.010912499190760072
0.0015263806610170082
0.0022047385884754168
0.016977378592962118
0.021037067474670795
0.03556650949496636
0.023076143801486416
0.024434818156366556
0.015152105535992196
0.014001544129120701
0.008009100676283897
0.008943314075340988
0.004622813644896586
0.0043485969454246775
0.014582867912552276
0.017430473008468627
0.01853446323988163
0.010857289221257565
0.012046983485137308
0.013344188220624921
0.010520896094300852
0.006184276607632204
-0.0005642727925277809
-0.000279280252934601
-0.0011908485204101958
0.006765128424298228
-0.0008645137715975832
0.009135096655305352
0.00469622239627964
0.008699862416053696
0.0042915523893328495
0.0011176881549366411
0.09684870857488022
0.0816762641364018
0.08284135504006625
0.03888194389168575
0.04600832038512907
0.0407006699094017
0.027434076107652416
0.048644642406972215
0.055303184074928055
0.07865650547474534
0.06334930158480709
0.06831302836860574
0.04605564865476444
0.010366746112389653
0.003567433429285496
-0.012324851795324436
0.0014921056223625418
-0.005619088677172696
0.039938452979696566
0.03820857725130841
0.03626834041151561
0.02627028958895702
0.001284873375302625
-0.04887673415254432
-0.1123617353995568
-0.15215123621529195
-0.11524182167763919
-0.06682634318644816
-0.004151088382724828
0.00866388235725725
0.010729767246471221
0.010883401371067126
-0.06964751059451103
-0.1893366874670263
-0.24687626049473288
-0.5360298187736828
-0.2481463478862745
-0.13646141545309923
-0.016752906714712086
-0.020407444319404985
0.00751889224421536
-0.04472518031848267
-0.1612015457270427
-0.3474956099096759
-0.9238325724673707
-0.4998265453789786
-0.42903863874534526
-0.1599291465610107
-0.04864359468188176
-0.012424899190521657
0.0038116727123199356
0.004340538689607444
-0.09286714821253889
-0.07990890496642172
4.597594228698314
-1.4054483547018557
-0.37147771073746366
-0.11745081946116757
-0.009707495587778807
0.01742565759469177
0.03963013067984272
-0.00657925642420212
-0.02695612331605944
-0.037884208845829846
-0.1524002890112368
-0.447084898092912
-0.114581700398997
-0.01394692514032898
0.033207332922382544
0.043379188954314495
0.04280422125716304
0.06796306111231783
-0.011899633518233635
0.005810653398844826
-0.002932155532441065
-0.044036728145197344
0.013170347065267155
0.05819427446594571
0.07571905947176005
0.1046637279440368
0.08826717286915574
0.09365515389758852
0.06781838294277728
0.019964792709516045
0.05546337222187411
0.035549566152218395
0.07787369833962575
0.07731615781551267
0.08789004751508075
0.09340328161966992
0.080075390684217
0.10872816535083464
0.053645414279828905
0.04656856657895825
0.03481909160057228
0.05654699853771665
0.0504898147959819
0.06733991591861475
0.07408723283967045
0.10636865312794233
