-0.002743197172872685
0.0023323524534096503
-0.008513340583907158
-0.10844274016469711
-0.06758105928296006
-0.052312925575206524
-0.0368227491380221
-0.036947199760248
-0.032915097858707665
-0.03391407061613154
-0.03674461891703439
-0.05312013971665544
-0.06408852761174437
-0.10526647008117236
-0.1187566117317266
-0.06507661506628641
-0.05934673924377727
-0.04111058537514847
-0.03522111798431873
-0.03354684922332209
-0.0336548307546433
-0.0309456673996312
-0.03558082533280605
-0.040544599184618196
-0.05570301842159755
-0.06355586228393002
-0.08023156118024095
-0.049585413145000416
-0.04076207965452711
-0.03956090779515465
-0.03051576126671964
-0.03167527064530799
-0.027545905350576834
-0.029782629798526052
-0.03083442097069085
-0.03529390200199571
-0.0393363363643965
-0.0492439896005157
-0.04851965636292343
-0.029454683591489887
-0.034874397767212025
-0.030471521511461215
-0.026433525998875967
-0.028120809603486323
-0.027469188720991612
-0.02546628894704211
-0.026901829366442854
-0.028214221265053397
-0.0325716915326329
-0.03565946700959188
-0.03492156757494895
-0.020330316612552583
-0.023755779911922317
-0.024424904023435574
-0.022757424991869283
-0.026602444056347766
-0.025575387830111228
-0.025870453894862904
-0.020691619860030475
-0.021608535566642908
-0.019492576688924016
-0.024815133222879433
-0.021305154525992777
-0.006181741658949035
-0.013214614168321787
-0.016762899714178877
-0.01856571515390927
-0.023380650195378435
-0.02286654037156192
-0.019089994626400146
-0.018885121897254234
-0.014563355164492966
-0.011652344112386838
-0.005551238444590103
-0.006544105490856524
0.009204193901853843
0.002109502449417264
-0.012785966371713574
-0.013265772290817799
-0.018295363155197412
-0.01766387078735074
-0.020873618404530385
-0.016254149339741668
-0.009827973836629186
0.001480669022725703
0.010853038396022483
0.02744948908011492
0.0554832144899226
0.012478736713337175
-0.001476534404530749
-0.016505477539360217
-0.018511487214336497
-0.021347333301820284
-0.01758220706976378
-0.01739877935949891
0.00011805174181183216
0.012228607013462291
0.05389668026467381
0.06784369311408676
0.08309019922127858
0.036733834347323066
-0.003693062285272473
-0.011894751595637507
-0.022879288693530873
-0.020127491501760318
-0.021193679758495083
-0.013498849529917173
-0.004442134105828062
0.03262112266818337
0.07964890851819262
0.2616255140941411
0.1834893123957676
-0.0031419098736353178
-0.008882453989485676
-0.023849564409729872
-0.02225844300796658
-0.026543064181079067
-0.024305980539751564
-0.022867231987908677
-0.008027402167049435
-0.0012869424509991908
0.17506314043093257
1.4405094808634662
-0.24035822827537248
-0.048916949601587344
-0.045789684175621306
-0.0268929815682363
-0.02940613780324047
-0.029384112116067822
-0.03140070518984552
-0.0291870097324376
-0.04679135140126798
-0.05183156674666779
-0.23905424679416146
2.4140780535335686
-0.1349725936119858
-0.0874551390644679
-0.04677322825158934
-0.0382981742159828
-0.03273883184627078
-0.03343197324337308
-0.030752559021663618
-0.03903674474648131
-0.04891425142057315
-0.09199817665906372
-0.1329014576098745
-0.3178045499617724
0.04413073720336273
0.04388676261160704
0.05018141747283278
0.03718177410252286
0.034857404156247156
0.028595082107866703
0.02192769869926041
0.014473144054900891
0.00991406774488734
-0.00011161171667995102
0.002519737439231013
0.007448829931820103
0.05259439745359126
0.08519064234719007
0.06300382617748715
0.05477260728701571
0.03764889236721688
0.029510847317436906
0.02095782223607836
0.0122796237723493
-0.0049199677747197666
-0.01159126950614175
-0.03691912996682912
-0.001211272425508077
0.23167910549680093
0.1305909861339063
0.10652540981813483
0.060386508705359
0.04907330977041287
0.027314620168518662
0.020746612246556023
0.005328329994806328
-0.010114786038521601
-0.0539165770824345
-0.08273752250266334
-0.18178026078942483
-2.227004224407796
0.31940159409315855
0.11857555827566019
0.081393183120144
0.04462911331178021
0.03078650435670385
0.01614641808882358
0.0005371918196812963
-0.028704352037336026
-0.06686007102806699
-0.26504559351566975
-1.2363521263271566
0.24001381102692929
0.12918843086560966
0.1054869514279921
0.06373066068065408
0.04536748010524307
0.02805502419101001
0.02009912162342496
0.0008944560219536016
-0.01520609782902722
-0.0589326050977061
-0.08287138441793952
-0.18680788721020364
0.04965834201833023
0.08557332485851261
0.0639901588586201
0.05453395166569852
0.03791585407919729
0.029255683654800232
0.018447470890308414
0.011160460645784829
-0.006209185815796914
-0.012527353967196675
-0.03691001215979251
0.00017264461765638178
0.04535541393047347
0.04551229779171822
0.04999088759372918
0.041115228671742596
0.03465162894358343
0.024240458046756435
0.019497742450569573
0.011014788856488777
0.007468205742034797
-0.0019052611594692276
0.0012958269580704122
0.00685612101013261
0.03018381529643493
0.03688947668597159
0.03536791431565636
0.0358370881053866
0.030242845291531362
0.025114447000599324
0.017619399910723407
0.015285771658176413
0.011199691934541862
0.012968162333132834
0.008927568292294503
0.02210084385577418
0.030401907201541015
0.028280375269756755
0.034820620540051625
0.030533590312677727
0.029316067317769413
0.023620912688891445
0.020458777321286856
0.01660597327616992
0.017949055891570632
0.014063522875760725
0.019176266090190963
0.020150639376510657
0.027373696777160953
0.030540441186544646
0.027502826352908634
0.03169516390766404
0.026700199715975564
0.02414916668788534
0.022289598106814693
0.020598612540821577
0.017056273729680122
0.01737817956546188
0.01846951446731881
0.02302685374944917
0.02762196236146191
0.030403755063344938
0.030414065427569203
0.027099178898254542
0.03247006729627936
0.029262234861041944
0.024870166574459656
0.01799974204042553
0.017805078949369894
0.014819025269217892
0.0175260960208371
0.0188652830223114
0.02541642591723928
0.03648702594968762
0.03546166710056537
0.03425110909726232
0.029541097833472082
0.02843728202463923
0.02061286561083316
0.018773143114629725
0.011661411270215609
0.014432676072171316
0.010708436209391912
0.020071303357435653
-0.001791986738755409
0.013071910030698044
0.05462638263097545
0.034046494988669976
0.007729256455887925
-0.050650247147390616
-0.01477965329724504
-0.5028944637393499
-0.5654699026037424
-0.3609404619698091
-0.08733997356694982
-0.023457050583172042
-0.041850450008863796
-0.010622002268135375
0.013422529937883934
0.03199594756184418
0.017366745292767823
-0.014458919533679376
-0.20815658442305113
-0.47890674752786555
4.172675206175335
-0.7709647846593367
-0.12625944409972312
-0.040373013287592664
-0.003320628623522062
-0.012707406871763676
-0.016453913610177322
0.0017488636597303238
0.006369784384176948
-0.05690559927812968
-0.037753548083925836
-0.1479401494508344
-0.8940880601940655
0.008326502594144717
-0.11675824149396065
-0.024061958143020635
-0.02355521417693055
-0.014164170298419291
-0.021859619529953172
-0.0274443804737724
0.006068944389261162
0.004401808078040777
-0.017167396186742626
-0.025967937992134864
-0.031547338781369685
-0.09042624342705624
-0.014077063408121478
-0.016815885039567983
-0.00017173691746627702
-0.022395457761195066
0.01176449236811922
-0.0004497642125723439
0.021399818609240444
0.012194456804194571
0.038508562799063575
0.012025351068924797
0.00159298628977393
0.006282014081288056
0.011804619827349757
0.008645552327333467
0.0037720113079303605
-0.0014996091209012775
-0.0035649072326312654
-0.016642115198173518
0.011882065069671243
-0.0021746816910305847
0.010035155753741271
0.017451136111315737
-0.0029225588377330574
0.01140040537621102
0.007842558331220112
0.04960851835924258
0.028576249531754395
0.016409152978189116
0.025542781715237294
0.007474108425458464
-0.009039877332322022
-0.019922054345300654
-0.010606699393654561
0.014728992822819363
0.035195276150051955
0.02665841226989072
0.0401400658134401
0.037222877215115156
0.029338943831150217
0.021751564388791778
0.029172984675462664
0.03685302803247429
0.015255211944073623
0.02608385943051007
0.006531747288240325
0.026715482160929657
0.016345232485358505
0.010736337114756384
0.028002330420127987
0.020451942546929773
0.058779526447090086
0.047145268099353224
0.03282743372978369
0.03395617621194548
0.019103950597585774
0.0012116487632990052
-0.002183234319047823
-0.010512153302438767
-0.007315242334516052
0.008981172412369653
0.04552000178263611
0.05392485343790213
0.01972614012812008
0.06338265014744614
0.04587405108148696
0.052966539263535374
0.03173421869207052
-0.014913362463337992
0.0004681683831479831
-0.006079195764404735
-0.016789009745905886
-0.011408338000719054
-0.005431471703434181
0.033810297227069214
0.008644770851922834
0.036297417876293044
0.035401300130590854
0.0602661152114526
0.033875747994624394
-0.00920042684030914
-0.02329671370264478
-0.07979305354635086
-0.06023588915555358
-0.09049956840311163
-0.05343861858570994
-0.015747048169608674
-0.002659654904658828
0.06370782486177641
0.05766684381929825
0.05206525623816408
0.029576976118212424
0.004305700476684646
-0.08574010439796306
-0.03891355377390932
-0.2963671035336194
-0.1067283679871732
-0.08908597658913615
-0.01580869877895205
