-0.00010701916189060406
0.00048033420496024806
0.008385736692282125
0.008911023013009585
0.009256419576909758
0.009781969230667013
0.016460097445377044
0.01588630756557128
0.01507475875563543
0.015283028413403706
0.011486002889498031
0.01513752804071086
0.011502058014938196
0.009559811604764875
0.0017448361066588268
0.00989629890183776
0.007970471557867103
0.009708331039169025
0.013494176818470722
0.02223666651392196
0.018246519641011916
0.011745113390125315
0.011766434711699848
0.011295690818684118
0.005909485168774322
-0.0017779471524667191
-0.010088816714290688
-0.0047936242835828
0.00016068572541748502
0.003768434847612618
0.012602055034280558
0.015073901416652082
0.01470372182903162
0.011923475499607017
0.011628922684056568
0.007704837582325335
-0.002181210694955547
-0.009931012666846041
-0.04209548978057897
-0.029109367741741027
-0.01787681909692764
-0.006743982960163986
0.0105504617677631
0.011092161582312304
0.01161899608724778
0.012739577623278911
0.002296334957521975
-0.003925256497986933
-0.022135364077324627
-0.029186724835133276
-0.0973199753653772
-0.07699986358983468
-0.03843462049298717
-0.021467090489009733
-0.00394979377376801
0.0071705256822490815
0.00869183949982767
0.01096467731192955
0.003521288313197305
-0.008376988912152002
-0.037270996560671246
-0.08057181684617515
-0.25709028156871266
-0.16156446609849448
-0.08335764748843112
-0.02986913954473529
-0.009348475075357339
0.004536410590327643
0.004351031844810613
0.002950360177713731
-0.006939342042913689
-0.024261345888771654
-0.08144064072485142
-0.16082744227857998
-0.7073627320050939
-0.28520566474478776
-0.11102211129776328
-0.040804114110556476
-0.006827502522969028
0.001860817507998071
0.012278640314714599
0.0038697747929212194
-0.0051476664793243115
-0.03982711876527754
-0.09617218482771392
-0.29249234000197755
4.538101851754096
-0.2672750394880835
-0.127916856411226
-0.026626585665108487
-0.009111269838475454
0.003621399984718662
0.006979176926644317
0.00682651114017151
-0.002644701426633349
-0.029513960765095732
-0.07323138431862566
-2.6409803467988326
0.473952960335407
0.034575361060911136
-0.0204252359784699
-0.0111872061372262
0.000597244242090248
0.006330137862558053
0.005555114553381564
0.010455640295781226
0.0029599323025573765
-0.008484709805995404
-0.006006120812271946
0.007485165012090523
0.07831357629874038
0.026664799370938894
0.009221669427500492
0.005455536853745442
0.013405976163500494
0.01743162404259318
0.01895784808847735
0.013200742924829952
0.013457383358380896
0.011596737275324044
0.006469705411445306
0.014049321257771905
0.02409832967533217
0.021859345004992755
0.013382061818084897
0.005713625481584957
0.012113775184833106
0.012487159762702094
0.016566633598025987
0.015850889725211106
0.017349150653365838
0.01666846898325306
0.0103488294402029
0.016811477649276832
0.014830701250384675
0.013520301949598102
0.018780757300103767
0.014254208579698183
0.017255306689882607
0.014638160954925573
0.016448156995205514
0.017295052783076408
0.007585748870420116
0.01654346530684522
0.011959282358389292
0.008176379831343417
0.051531889914638966
0.06635493588880956
0.09196677579325592
0.08732461886342074
0.006754465282300795
-0.0012720757704092877
0.019325668407111807
0.023179525164614006
0.02698016731277286
0.03070607205530632
0.03334635043416073
0.042049750699266426
0.059832686436619056
0.0925173747203163
0.15190250404356667
0.34541731160999184
-0.0563924703576354
-0.02190568678520588
-0.005503659729308418
0.01592749984120812
0.022908356814141814
0.03261940357040685
0.03791700672433586
0.04579101121934979
0.06812297687433787
0.1078268183566814
0.32225260267322203
-3.209761446247709
-2.5967457623160475
-0.11646835361883372
-0.011332654498309796
0.008400971950564952
0.021507761520247814
0.027275020254196997
0.03804918499284225
0.04647070025794975
0.05843194425158332
0.0955978829369084
0.16108114994989964
0.3015802820946415
-0.07114535625664178
-0.025148067022909802
-0.013016424015162073
0.01560712495427522
0.0202127362762812
0.02787880303392774
0.03635302082337071
0.047777663430943626
0.05257925499118095
0.0608622505805672
0.09089153692952358
0.0844336779127562
0.007743185409090472
-0.005693555862776944
0.013773671800627114
0.02163421614288615
0.03152940939781066
0.033599205174397476
0.03638576172320253
0.040410390865443686
0.04259531009748386
0.04981347418162269
0.05300453434448977
0.0527501863301545
0.026371869751530556
0.024256338088131647
0.024820186823823375
0.02726042498950783
0.028616825087793896
0.03014829869560687
0.032572404944278974
0.03619139448874757
0.036751033228445744
0.03943424448242599
0.04189049148993365
0.038116009719360494
0.03453939426225597
0.0285792625742085
0.03031058673285253
0.026848996446821462
0.029010947904156738
0.030664805925191402
0.03520386474511414
0.033092645015615915
0.035831074091692214
0.03700299663549875
0.041351443251570814
0.035876333692285545
0.03205026769006188
0.0310867546809376
0.0308777113933582
0.03299751835600256
0.029317339533649147
0.03023395768698929
0.03460295127322715
0.03353785924932787
0.03789549659037006
0.034528545670815994
0.03714161744164362
0.03506113937731367
0.035319629892586434
0.033979898311361396
0.029750635390133
0.02773893696599063
0.029534884578155892
0.03145400033920834
0.03488031913940215
0.03389616185677784
0.03378638368591425
0.03420548826117626
0.03676164366427676
0.03936362363446172
0.035056057074352553
0.03410377453215085
0.031968594821698684
0.029723567933972402
0.029022048320380783
0.028028072322868625
0.029432014712886125
0.034053108946353855
0.03732767211664827
0.040453791785069124
0.044634484505193216
0.04135244342505405
0.03480542162616767
0.028850234028413708
0.031034120027750446
0.027802847493644752
0.030144428660978675
0.02808112497257856
0.03192405990391469
0.03598399508674899
0.04090848386964993
0.05135108021039301
0.05449572774034109
0.05726470619597878
0.03134800222581932
0.02491538726888933
0.02307701282333678
0.027604909777378565
0.031543931430849756
0.03188131952285983
0.033548489601840356
0.03993389255681112
