0.0023666146830706187
0.0003825322911548769
0.43165484873896787
-0.6929234990024745
0.3537947418637953
0.20875398625536148
0.11632604122685955
-0.3779108720766355
0.17572745885107843
0.03746744220878602
0.09863243572599718
0.04580104149964678
0.07727615946914827
0.05669958372371968
-0.07173119670435865
-0.5121157488397714
-0.03475287293781065
0.10010044973206828
-4.53434887726444
0.41913346628524806
0.3599894213266875
0.4469999091110853
3.1800683968153467
0.27139809348259486
0.22889841433264127
0.24453397757893902
0.1490657215773467
0.18937057601394897
0.223289026414161
0.20513221165199502
-1.8564205540319096
0.14130129737732114
0.2271185503405993
0.11987036934261436
