0.002806571021521702
0.005297450811961988
0.002707946220748943
0.014307306346012618
0.0037591938977990656
0.008289822596346124
0.01314488108050701
0.006609989286652477
-0.006451186693627042
-0.012891224738176338
-0.02715316104646916
-0.03380881636451881
-0.1143271754055196
-0.08020285689743575
-0.0295992043750914
-0.008399646536442028
0.008427838598830428
0.004875960658842339
0.00928748555688061
0.0047398047638254085
0.008826885653114444
0.0012255332155893571
-0.006550572202136643
-0.024332812542289715
-0.05357855768641536
0.08867236015533425
-0.13967583020915378
-0.2704556309475623
-0.04444896297678577
-0.012008016857902986
0.007015690619204354
0.008863561908310686
0.01246261094668844
0.013961191679066383
0.008004139910191851
0.0030882697236107983
-0.014318298300857082
-0.0504282407951488
-0.13865244954382877
-0.17168816242002363
2.6791113298282654
-0.738962306550513
-0.1503892551523826
0.005389952623784734
0.005389003354799982
0.008034716389325933
0.010149219548455277
0.02084742927153299
0.012955002391799995
0.00700956819361632
-0.006469129983522076
-0.024807150821043948
-0.0825803527787078
-0.2801147930563989
-0.7717768899849864
-0.6062109722349853
-0.05327395355166153
-0.015338151493733021
0.00746435266409726
0.006575385525555933
0.005286050534053755
0.019412290159448994
0.019745331195427568
0.0040718492613854235
0.0029716998325920964
-0.002146878664435226
-0.026933086723209897
-0.04544222009473306
-0.17026386981179928
-0.06440611285294846
-0.015810918733574507
0.001356519544207459
0.009473580173242667
0.011054534411229621
0.01656971755577066
0.01569799159272124
0.01764207047663226
-0.0021913439486966084
0.006578440656578373
-0.0020869837868676255
-0.007378773703622059
-0.009059208261192499
0.008300147980979136
-0.012262853943281605
0.0016295534047991072
0.0009792429279461897
0.021183484445940058
0.01038943938071183
0.0158968951615621
0.016565326829488428
0.016179983965726098
0.005898035349776638
0.00047987620784826216
0.007106855204114004
-0.0006950399544312369
0.0045714553141924
0.00319677270651475
0.0055883367998946255
0.014464196013129151
0.018729181158796578
0.02253022327539372
0.00960726684195915
0.010883724533307155
0.007224351850696605
0.005622827936181789
0.012480675379984157
0.005166187413234176
0.0019332322623288167
0.0007515039849667277
0.0017374875847663727
0.00022200562312998592
0.00855862611754248
0.020857807946612864
0.01890490163313462
0.02669046607777524
0.02101935549678946
0.018718893277113815
0.019071110462208933
0.014882712038571116
0.020144321395922003
0.007769150335014222
0.0001604851737520476
0.005865554451945431
0.008437640813208778
0.008517966698651434
0.012292485167581474
0.018941667976318164
0.02231389582684704
0.018465966642765102
0.019765387776278478
0.019192926459539583
0.01712824630554804
0.01758535730876314
0.014648333841970713
0.013529254478567421
0.012084628005947652
0.005738347560696283
-0.00162387644521298
0.0076343398718114915
0.016650662138304
0.016979291063547893
0.017276878702532725
0.0166851337009941
0.009848802078453097
0.017314368634695262
0.016097364031653447
0.019362940180354053
0.01755057917503673
0.009326254865540506
0.0112604061976782
0.004845628724159759
0.004680009335126532
0.006113341399512577
0.007104346427387198
0.013059091916460397
0.02533047399015299
0.016833795057323485
0.012788166082084213
0.024691930745735162
0.025175664749594047
0.022658890906005227
0.025046046488358235
0.010951816770691644
0.011574212522953854
0.0023451927548192556
0.00385925555422877
0.011598125867320206
0.008961238327669046
0.014054194794840047
0.01400982268630978
0.01607483840461212
0.018330014698419137
0.012366370124708495
0.015813886951481507
0.012107835684483469
0.01458817374846856
0.00031595296357498324
0.0019188871776602116
-0.002362717808727173
9.406004143873371e-5
-0.006540862275129556
-0.0011439067686219934
0.0021906122144173586
0.0015651546974970862
0.008340352517243693
0.02351130120043071
0.011035024147709585
0.013233859010489334
0.008957912321345957
0.005097006546398245
0.0007271105977213058
3.4190080947947045e-5
-0.003020721168349844
-0.015992000734173166
-0.04642383729074153
-0.023722164538965695
-0.0035324711356029184
-9.747635775437559e-5
0.011387630472411302
0.010111638556064464
0.007635247850682411
0.005037990500785223
0.010038161916779014
0.01069703759400388
0.009603412497765052
0.008040795899725268
0.006677334362509748
0.01440042028347843
0.019202100682624953
0.022527252615261752
0.013766630908586522
0.018929589330238424
0.015330164894962722
0.011988425326963975
0.008780025124827423
0.006881904203735364
0.006413878459946668
0.005964414992576716
0.004428781076256286
0.004248783460011705
0.013104838614785003
0.013950154658999476
0.014860548133534282
0.014321693441914904
0.012175540853416301
0.011706475446184892
0.012556356156314766
0.011827655262906862
0.011158876683337537
0.009983619298691161
0.008016880093371061
0.007695094759451128
0.0050591379790953135
0.0026277383513901584
0.008065508883853139
0.012028745793631519
0.00968357722118169
0.012092808198625711
0.008990858528412419
0.009769889002626516
0.012381243181690609
0.009352594340441778
0.01102182796816607
0.008632644247971704
0.006615623962146107
0.0059386204025116416
0.007253430762108617
0.006091358722927716
0.00988412131529915
0.007990055408820468
0.008866726802182938
0.008188168313402855
0.005083043240771256
0.009247148391738635
0.00878644709683237
0.011594397365966734
0.007234568534159756
0.007625253824546265
0.0048588081490729355
0.008733830537356513
0.010223054536837703
0.008188026611872776
0.012226297682897633
0.009662445885456793
0.009902944362677898
0.008774344498363626
0.005161607434899428
0.008577789805243716
0.008343025532954703
0.011762617058690378
0.009441174647069166
0.006341072250408906
0.0069119797531715845
0.010415940099164526
0.010283403909441564
0.012549262364252831
0.01517911356761056
0.01135483892461273
0.010014948962233265
0.008903851649787029
0.009408426945800102
0.004557208063967357
0.008031851806319556
0.01078167142969624
0.0075159592114688025
0.007684032783521384
0.008608516890676467
0.007761544448575391
0.009593327711250207
0.009051465984256888
0.01247704517401866
0.01725492494827384
0.014908767080994194
0.012320242059597294
0.01281498618561072
0.009780285011496333
0.01142385601056297
0.009267287753956074
0.008124679525877622
0.0064655218585271184
0.010238425018085057
0.0069713500451714545
0.009928764520726479
0.00838918146402048
0.0165168301903522
0.016760069334154887
0.0225550966573421
0.010501254526871163
0.019776315747384737
0.014469714043644957
0.012515794235936782
0.014370674375194806
0.013326342526551732
0.014902588914819156
0.009982844217409354
0.008839488363369903
0.007431368102424549
0.013043655604012782
0.013338653972095871
0.020977052021838888
0.018842915998376838
0.017353499838232322
0.006840833248544844
0.023978096680510336
0.029611876751110603
0.015772507538721954
0.010911523473648646
0.009535630400530681
0.01072484034325828
0.010057359165984475
0.008607886558446453
0.012973735411138604
0.016974694791425757
0.015210108028901544
0.010011941684326255
-0.42193070531624405
-0.01616610968519669
0.016925114896084458
0.020340401430342245
0.020038164149714564
0.01061121934729952
0.010405820638510333
0.013666151274132858
0.009598418660471068
0.010381449875994896
0.014889166912770105
0.007949034202160955
0.019342064168804865
-0.41844020443217506
-0.555378847448962
-0.4096772586216015
0.02855312855643529
0.01996753448074336
0.0156323515344212
0.012975484038550655
0.004442854599797042
0.010993252267740151
0.01169897012879482
0.009353620149314193
0.009726919179433904
0.01934092889837593
0.008629484261285273
-0.00903875979492838
-0.41247425485588196
0.007653435275719735
0.01447992595041894
0.012525940792574719
0.01079352479609791
0.008324156257473313
0.010103296775407968
0.005663904440915835
0.0060657395248393635
0.009588401449382698
0.012318113446477416
0.01319253914300653
0.021331544286353615
0.02007783611840699
0.03320913626820279
0.018006964445952053
0.032608743701878565
0.011640032087651707
0.010307255633277546
0.00825213290399115
0.007784453561792193
0.012970202444904343
0.008125043124451446
0.012858520350292349
0.014217907256973765
0.014404165283356784
0.014623865867850406
0.028117586676083568
0.023439352588990044
0.025115543324624363
0.018005555223445702
