-3.230377492145287e-5
-0.0003978960666897408
-0.013844374489337927
0.01836433421693262
0.015129063207087484
0.007083803547384368
0.0006909728066219195
-0.014361687523249834
-0.02105163740747618
-0.045378183383657074
-0.010900842424326363
0.03985471070295936
0.0797930610353585
0.05559935306388592
0.04507103356980279
0.03215669436017953
0.029547084714942946
0.018044306947017405
0.014763014016489195
0.009998685039485988
-0.0009130591734260383
-0.0007492272120356591
-0.007168939229599698
-0.004251025167635723
-0.0041833277584245095
0.03334462381256722
0.036731558050848656
0.03980179534039077
0.03174584960722697
0.028984397850154407
0.024351023371053583
0.017480720581647357
0.015598555955575811
0.012313286681914679
0.007426794073686897
0.0039463230623873755
0.005394010562550569
0.002458828821721135
0.012475681269264538
0.019830276510000865
0.02920851565287313
0.027925236687491455
0.02894490226630516
0.026585193732729318
0.024676445629415407
0.016542184288106866
0.016412101732681733
0.01285786357652709
0.008357548711562378
0.00825194908041894
0.00596085139147651
0.008978131745150475
0.011949525826209409
0.02031448655534844
0.02470158378724059
0.026694304722061073
0.022468127529148018
0.019353879315500328
0.019886511235907366
0.014821117707721147
0.014425885035457867
0.011129495174627486
0.009621146316761416
0.009270661165037795
0.01268876018007457
0.012143588393367908
0.016009966756270408
0.017176935561232207
0.02384486167535782
0.021956551353519847
0.020378774856180885
0.017649941399740323
0.019002902880957538
0.01664949258854848
0.012732536923752848
0.010635585225127189
0.012625361544732313
0.011228249438354834
0.010396916202950232
0.012601271423342119
0.01730591351564131
0.020693065743169432
0.019408641200950438
0.023113936052421003
0.01908931827911514
0.02013033829049358
0.01869576611326641
0.016905037223639383
0.016581195716290353
0.012046607643610492
0.011583940675516479
0.010000384370577492
0.010636795991946363
0.010525018007467982
0.015387712634267796
0.019583218224043374
0.02225196197962657
0.023061107279708656
0.019707419821114736
0.019030672565990853
0.018316659838653465
0.01733043511662613
0.013444611616660981
0.009574930507864001
0.008447477370171756
0.00817871315896718
0.008486297996446296
0.011224107388994094
0.01303405805454634
0.0212993965451519
0.022700394835400303
0.021884209781560433
0.023589494770454633
0.02363063725737104
0.015408285882863462
0.015283099403519245
0.012304941508905648
0.007882900757166342
0.007899476972839832
0.0012123462345479227
0.004943825336341486
0.004846870872469091
0.015145273892713402
0.01957853786573295
0.031841690551518746
0.028066513023874532
0.029541842689706256
0.023152209630936487
0.018916759780729018
0.019354633647496913
0.009698433884773736
0.008362706238545427
0.0029325278491949603
-0.0002216945172350711
-0.006712233238707957
-0.005447665782366993
-0.00331048202353389
0.035181663436614476
0.038779364274330805
0.04176315979182536
0.03475224284953293
0.029360800926968043
0.022215540525933233
0.01887170334453772
0.01326327750073047
0.005882012510213495
-0.0005850580921184173
-0.015500079991724907
-0.025072863421237258
-0.04414365019652532
-0.011030487964971502
0.03856846372909181
0.07768254475675239
0.055139239650608615
0.047669536501405096
0.03477319064782029
0.02685887255880167
0.02288972140800655
0.013488400562498368
0.005632514103704635
-0.008783657202233756
-0.021662345626640427
-0.06293673134151921
-0.08991297707420934
-0.19063081615918778
0.22738179300290443
0.12236959353791671
0.0998913538374078
0.056046014940328195
0.04154537368838087
0.029035201156943097
0.01746949195129215
0.013115643377058036
0.003289454573074624
-0.007555195712830658
-0.03873173538770753
-0.07506476380138158
-0.2693368037973105
-1.1361117259520939
-2.117576323661856
0.3053005755347943
0.10844754102153795
0.07392428594236866
0.042301017911125664
0.030445756047112256
0.02006954302742086
0.013168655517574785
0.0074096317717418005
-0.008514898778375544
-0.019799900174719245
-0.06361569853568365
-0.08942064155582335
-0.19375798217561285
0.232226988101812
0.12274065071674907
0.09868120336767977
0.05372296486308789
0.0421123125965443
0.028735509104276514
-0.03265167636866682
-0.03407580017959876
-0.04163577832726956
-0.0463600494419347
-0.08646388308019935
-0.13008050501482468
-0.315113789557304
-0.13179852307775625
-0.08926066651671638
-0.04757766172647325
-0.03881761321228109
-0.031051431867138365
-0.03074665586171826
-0.03125075506300106
-0.032366810614549914
-0.03356869425967878
-0.039000684524371276
-0.05240716261868032
-0.06507945619611541
-0.10871008417027857
-0.11848617062549766
-0.10722867863285535
-0.0656013976050166
-0.05284103123144408
-0.03617253949996704
-0.03509442566804819
-0.0326822960847479
-0.03259674182984932
-0.033492517601165325
-0.03211417830619804
-0.04153721584327791
-0.040307691068896326
-0.05498912746600496
-0.0633352754154649
-0.08424807821724746
-0.06371749994376324
-0.058579786169114516
-0.04436543271752532
-0.040384356549215926
-0.034549055413066965
-0.03392774398472589
-0.030232456129804013
-0.03257639469043251
-0.03592213896393575
-0.03576638978509943
-0.03893905257142711
-0.04091174942863496
-0.049239359029776775
-0.05081784316463365
-0.05087493070852018
-0.0453937749215665
-0.0412233080355003
-0.034031366799908036
-0.030142814153268263
-0.02992243005964506
-0.029916089773379506
-0.028023736164373328
-0.03174457163697057
-0.031133581399787613
-0.0332828592838129
-0.035201688164703725
-0.037226569345591244
-0.03954815171105452
-0.03624826770074945
-0.03441373305502852
-0.03378935737059987
-0.031360170369420126
-0.027480353488549554
-0.03039848032891974
-0.027816848768099606
-0.026677013707254834
-0.028331035795418912
-0.03137018670707739
-0.031152814488799335
-0.02824803565481448
-0.03168568416827728
-0.031002952393896326
-0.03238295673645629
-0.02831551681827787
-0.027230142680613526
-0.02649651073099633
-0.028909345552282646
-0.026371781022558518
-0.02697046229713801
-0.025577661526004675
-0.023342035592859037
-0.024512789013888373
-0.02511873131474117
-0.023705218301799873
-0.019936710155171546
-0.021787435494942328
-0.0226811949908163
-0.026037620347958642
-0.021969494020988585
-0.026847184119567744
-0.024649015507486938
-0.02311965631237129
-0.025075061720676455
-0.023356379234042917
-0.022493426656675336
-0.019567806863240632
-0.018032058277298955
-0.015334334824841108
-0.012348472809120367
-0.012734834715206663
-0.013951153234867222
-0.015907307532856695
-0.017049236840331786
-0.020079591013355515
-0.02290785081428446
-0.02261393980244787
-0.024790673630206494
-0.021004874595490802
-0.01660738146307414
-0.018240833845249656
-0.011356690823628496
-0.010074174391785715
0.00012058604275621442
0.0002375486034326713
0.0005119110251435623
-0.009089870082541725
-0.010510372258274413
-0.01646142119946862
-0.019095357448300165
-0.024535936103687858
-0.023596622920167953
-0.020612099417118612
-0.02073568565780728
-0.012141499679790379
-0.00868669407179477
0.002859921837772917
0.013836545366965304
0.030712738473657263
0.013111573180650173
0.008940843180620424
-0.007053148185828298
-0.015264967773300891
-0.021462673758118743
-0.02107030544099586
-0.02475365439648902
-0.02102994294822777
-0.02003998770539785
-0.015095848847232973
-0.0008755164299084243
0.011120123415205617
0.05524576837515836
0.06637740201065032
0.05703058101367834
0.014036202356050043
-0.0025899564393588865
-0.015301618051759206
-0.0173318160014447
-0.02037621223887254
-0.022101409576352014
-0.022900932798178772
-0.021116483477859
-0.014616947550271583
-0.006289296397877757
0.033189442744185345
0.07832680801225961
0.2566950444619947
0.07606147389778975
0.03310037890682555
-0.006145331147000523
-0.01249339048446643
-0.018335976074205257
-0.024042995953322283
-0.023024392001123422
-0.023393486147670377
-0.021744171952410803
-0.021472269668497107
-0.00812966482447122
0.0001745561246423814
0.18190735269656536
2.000877733151338
0.18398408599342553
-0.0004992449394775607
-0.008372307927926297
-0.021794221783316303
-0.021508308695166223
-0.025109643672883295
-0.02055540563263792
-0.02807755880855564
-0.030376934752115455
-0.02915028066703566
-0.043485168293570596
-0.05022400008741557
-0.23378150213325907
2.991656640729041
-0.24310347423302836
-0.05089565023659225
-0.04626953473832717
-0.029597313083736903
-0.02909403473764877
-0.02644806022585025
-0.028851983785986104
0.044598503165753804
0.034391331084263496
0.009197760461354818
0.0010133220505243452
-0.006335002237186359
-0.02172470913965982
-0.003003034106975595
0.007244823053500171
0.02824358865400013
0.042189380096090745
0.09668431411629536
-0.07734415723974081
0.20267176559653707
0.046324093077888984
-0.009069159231234738
0.014175508716645847
0.0028101477433229204
0.018592476924214934
0.003165872414661609
0.0024758812404850426
-0.006727890310390887
0.006988342222314529
0.017575927577569643
0.025111368570448524
-0.005860932085415462
0.4244440865284526
0.42807437588138003
0.17521766712803577
0.09069611032004886
0.03049891531486607
0.024616058725281827
0.0014494891545236222
-0.0160735834122393
-0.01476602888302232
-0.00263557650906842
-0.012936115180824628
0.01236008965324659
0.04494198177914503
0.258955881040401
0.5063718209242667
-4.748598419883241
0.6554819563972565
0.15199397708739323
0.06958286632653454
-0.004009886280726686
-0.012518093928309666
-0.01981443997208578
-0.030599896491204762
-0.036637186417658604
-0.027615881823701748
0.006681426697927298
0.0801814860523109
0.15631690802227097
0.35191410791563776
1.6074892882166576
0.09388373317150155
0.024364484891294023
-0.0058196496971493015
-0.014581838304852202
-0.030538635094621278
-0.02774184795917325
-0.016882724344272217
-0.02715486727768766
-0.022083985704649645
-0.0016554344168737824
-0.004056835714649326
0.07996162917028074
0.1024011355131744
0.15139632821784169
0.22607419067410126
0.039895209805469
0.031765544486302574
-0.03769405269161645
-0.007596088080859872
-0.023351998944164086
-0.028565450652804074
-0.034172808266516086
-0.01640598847141391
0.018218063646797095
0.01696044090140529
0.01657406379776144
0.07517584224032277
0.06504927432418277
0.05458625076679173
-0.01165964422246508
-0.007666927601208807
0.01023863670742611
-0.024691963762311506
-0.012477916137182264
-0.004271979230918672
-0.015919535783037824
-0.04033072601522211
-0.0032089630108691133
0.012984355216213068
-0.0013055127765049172
0.011015342416891873
0.0230417559061665
0.00424153476132162
0.0006763716660827643
0.0024637342830276174
0.017466354846855103
0.0014161638615643561
-0.008763674398189873
-0.003868264386130499
-0.023313001865600758
-0.031604793235914
-0.022057860618172245
0.004757003805186147
-0.011448714922991406
-0.00045225257492286473
-0.002650742720936048
0.026415401455323458
-0.008932482400492346
-0.01969511389277876
-0.022098853647581986
-0.03299029096336431
-0.04401928657594077
-0.03367421491552158
-0.0023301877365955077
-0.029336449473706915
-0.017778902757678437
0.014548651790278734
-0.009580532898950875
-0.018446485271346895
-0.018778701893515604
-0.021499867902926677
-0.02611497193308899
-0.026465651933056042
-0.014654080428974271
-0.010268198941901847
-0.03385524944131822
-0.023664280850945803
-0.013061733780489797
-0.036596373345308145
-0.031654403940343766
-0.009147302435733463
-0.011989231915096498
-0.027692365686777333
-0.01585062773442553
-0.00030721450273590595
-0.020038767902039085
-0.05093539982964287
-0.023642100190136604
-0.016963603152731516
-0.04376253402404336
-0.01842772212094721
-0.0022099690788946174
-0.01369006919921386
-0.013439227741913138
-0.01356287690490887
-0.016812261694097302
-0.00501355109572997
-0.003154137086342941
-0.010222284532270766
-0.0035346452836548057
-0.025538573793833164
-0.014231849265572005
-0.0074096027094168035
-0.025637943695978473
-0.04427997800117919
-0.035076662568746746
-0.03432244216868915
-0.04998564649801357
-0.02637885509163434
-0.02200825280354253
-0.030769083967812094
-0.005508086971164076
-0.00254470974824972
0.01840426403224436
-0.02696417556415936
-0.022155668834900787
-0.000861258225987903
-0.027786186805701493
-0.04211536707184341
-0.025261265521757004
-0.012779729235564703
-0.029719949737511228
-0.0077400666328105265
0.018058518736931515
0.010710115764205046
0.018547596643137113
0.004581743838964207
0.020170032242821906
-0.0002364232982587297
-0.03738129458996347
-0.0045668298662101935
-0.006381958371703711
-0.008602192517972465
-0.014224313379630696
-0.02026871522254553
0.02237815296219988
-0.013648958747009766
-0.005842776698033748
0.04717454418125115
0.016182109854175855
0.027584210462543467
