0.0012347070431145395
0.045840672208739136
0.08524023730008318
0.15810853000079253
0.15714379601745918
0.0881108014035431
0.05411934582144151
0.058969786677061785
0.09740489052547945
0.362067475273093
0.26998650692973386
0.13113077028553588
0.06380331403524128
-0.020827015091940015
-1.743406164797425
-4.562124934556401
2.3998041160416212
0.18807569463722257
0.06672101897034202
0.05938395764076676
0.09918690705188873
0.36712961957330126
0.27031600651439674
0.13109929791558558
0.06595714438068352
0.05088007010788868
0.0835864082300289
0.152758296468869
0.15774801025778357
0.09379910287523806
0.05782913995993433
0.05145911693886389
0.07259393472879298
0.12097908971624308
0.11473427179184896
0.07580977326848323
0.049081010845094426
