-0.006420173875538299
0.0011302623560825167
-0.0011339559090608356
-0.8760452777632104
-0.24122210915699485
-0.11798945224844003
-0.010331139853353417
0.02592345033810176
4.832580817904407
-2.5567918401051926
-0.39149527729917677
-0.07885597198107078
-0.0017516028469511807
0.13787943196360578
0.21313074506707458
-0.3450279523149252
-0.18400609231220677
-0.051012701616078925
0.038775014622981385
0.05820183244004585
0.04468360370226398
-0.07219746964808428
-0.08751035300285205
-0.00885604367255295
0.03381366048450766
0.04823580127450521
-0.013438074210925476
-0.08645520895430511
-0.05583903469370214
-0.028749479759954927
0.02364025379087969
-0.00894728337469058
-0.0233099374447151
-0.18687037911621646
-0.1256263097085373
-0.06835561710949908
-0.008516872023923117
0.043022693023974164
0.15181417564025718
-0.1841011311502086
-0.1462091225236032
-0.1569815884516884
-0.15647567488123923
-0.19253655710025494
-0.19704176170490417
-0.08648535644319823
-0.12087386057537326
-0.1131684409244908
-0.12119505556958059
-0.09614771302105826
-0.08865119611056178
-0.054550858942110474
-0.06571085154218725
-0.10549799155760174
-0.06825494979982236
-0.021919797842836618
0.15217190097608851
0.08073924248330619
-0.10631954992705694
-0.09605954758986714
-0.1083396295166368
0.07982855827162388
1.9362741388568305
-0.18429123143825166
-0.1493401804332274
-0.17270308467318646
-0.17981226793781932
-0.3410172454065694
2.4298977206782006
-0.18537386901002065
-0.19364849523221905
-0.16450558255680073
-0.2140287814985436
-0.24737234903906813
-0.41019783962516476
-0.22085735619844915
5.900010850074741
0.21293287835650535
-0.054614369784037636
-0.08897092862747955
-0.2032340361617859
-0.485360323571255
-2.9884461166354415
1.9227434653269075
0.11233593918014739
-0.1213415132171413
-0.20184487953208105
-0.25676206550965447
-0.46079690314146804
0.07194258509723864
-0.046366411243840694
-0.10894061106595981
-0.22593279979811876
-0.23005743684835808
-0.1891322540044658
-0.13547888164237767
-0.08131882851108907
-0.14682578523679415
-0.17867749151669146
-0.185530098331488
-0.18520047744050266
-0.11853887176576677
-0.12552887827233558
-0.1318624849046798
-0.1819190104076173
-0.19442474666132462
-0.12830577371282842
-0.1383125049493372
-0.08246574095375638
-0.14089122686565894
-0.1621269118125719
