-0.0007841387815454488
-5.247763421740889e-5
1.5583758091007778e-5
0.0014956909548023785
-0.000511661362722094
0.00020690616186081314
-0.001510279868049444
0.0004745676328730513
0.0003298366003874124
-0.0009682044792857817
-0.0017924926960202082
0.0003518420786775417
-0.0007353050205744455
0.0015304409561700725
0.0007756967532136659
0.00013308697289161114
-0.0087214733481171
0.021002066523105628
0.024881580755462117
0.04192727647387068
-0.0002650235885108291
-0.14045133324280368
0.7201589325659257
-0.28589396382769156
-0.12738654823025497
-0.028882916389917183
0.00476664166592901
0.011533854734992594
0.03155514008184473
0.027223888191784083
0.03450340461652769
-0.03847420533599381
-1.150131191463765
-0.12197337549362167
-0.07401912376883132
-0.044006839825605014
0.000547191006356831
0.02162076686252051
0.02325015266519129
0.0371472866167924
0.020215653610903408
0.02465850280839286
-0.06928770324937823
-0.058247094137100254
-0.05663346698832935
-0.0074971860807134865
0.01736452470532719
0.016456340276884297
0.032256286895580966
0.024661434154762532
0.031944096725013
0.011635206299587678
0.010556419424018517
-0.029377987777585293
-0.005289249603720243
-0.004447350247942459
0.01965319452311038
0.029530106270236767
0.024042730369707242
0.030709676257069968
0.021584245097450844
0.026494721858256753
0.00511363492141673
0.01011518489428311
-0.0009588330811341659
0.01685166660083436
0.023523082976352375
0.021102392332845027
0.026402923305018734
0.023240984431717283
0.03085915968164111
0.01911438136715845
0.02346051529260127
0.008758246350998061
0.02038630848637942
0.015207910196309207
0.017365224443443985
0.027198426602379238
0.024260912689749347
0.03217200152022915
0.0232224017601562
0.027362550154534357
0.01246084121357407
0.019531168343448427
0.011127187112528008
0.01816543794339477
0.024769635913624962
0.022044504646136935
0.03167868455871773
0.026450897363730963
0.0335514226511802
0.02083680391099937
0.027721541786176255
-0.0026531262369576306
0.01448818520509189
0.006830472451028878
0.009673032580474635
0.026463614864004226
0.026011586031143334
0.042075134052432496
0.02896136034521588
0.04714373407270905
0.0036885243361133705
-0.013385570835707097
-0.03046214261464329
0.007112814602431385
0.011772595306811587
0.013282343364007866
0.037969395441608794
0.03234370539330934
0.048016636419835224
-0.006385085996971332
0.15271791295253725
-0.155381341133398
-0.05258910049063448
-0.028987169993959002
-0.016087868726501843
-0.015293832621818354
-0.01746785548345945
-0.010489324300303752
-0.00804778032724331
-0.003976549731873657
-0.003661794029761744
0.0009424396780166011
-0.005345735623967071
-0.008415128454302367
-0.030301211861129284
-0.032337280587390174
-0.02502141584487091
-0.02034513784426637
-0.010482431229310715
-0.009389724556204524
-0.006270167001022746
-0.010581350680516303
-0.011628844101143478
-0.028151834901728023
-0.06660285372947804
-0.05381731406087833
-0.04358412610458855
-0.026928748721549396
-0.01800864026809744
-0.009008185104326953
-0.007909327374134587
-0.010223761661271926
-0.03235371956227658
-0.04171001368491605
-0.11772507901688269
-0.09917115041871845
-0.05801104475293005
-0.03776998707278591
-0.016111369083988282
-0.00972523563263142
-0.0002391876689068718
-0.01537902565151475
-0.04135210154718226
-0.11303808431119175
-0.16882861289950554
-0.14145231380280734
-0.08657112626056428
-0.03711836217226051
-0.01646687130163586
0.0037977020016058422
0.014898581857630225
0.026295115126875195
-0.10158253355989706
0.8131921581368874
-0.4096116660388822
-0.1439325756230861
-0.06502894534784465
-0.03947205863745468
-0.007802332870991888
0.011972283823833488
0.048159171546963205
0.10578967898570307
0.2247759320340047
0.5966865169903467
-0.10856928465291821
-0.057427804689444056
-0.04525499810686708
-0.017300495655317962
-0.005838674227766362
0.016574774324296222
0.04021524533033892
0.09875814705455381
0.16192034448544637
0.18098152763439798
0.0007073610930052211
-0.02873265620321212
-0.017598183990070983
-0.014376408200059553
-0.0006601696797656519
0.010888625555649662
0.029610890761926075
0.04953367380737772
0.07769871700441555
0.05628623244344083
-0.005154965711122205
-0.0094917466321969
-0.01456275045089195
-0.0067122934706861665
-0.003200760391083187
0.008860830505652926
0.015098395277128638
0.028739827760207455
0.02897387858950661
0.025872028259424966
-0.00383075307116655
-0.012002995543587408
-0.01155132243557465
-0.010119151789151994
-0.0027437475967597496
0.0013676142228292876
0.008243703599485924
0.008960776164614243
0.012610914741625696
0.0031476957831939783
-0.011930654019728879
-0.02053196514862977
-0.0756500322361366
-0.4583830747087551
1.0254273843349173
-0.30297904373114015
-0.11257118378582877
-0.040349948003645775
-0.01989701388013944
-0.012857297497468802
0.005684285922061246
0.027148696729646246
0.0889825808835069
0.2685354262412032
0.6780342392969356
0.11745185656101806
0.0072811305329786346
-0.011741608493329
-0.006197938831958718
-0.0022509821540118396
0.013945766489379513
0.03401296004711662
0.0736312937775929
0.142190456312781
0.14685903337354644
0.09057699632798129
0.024990095089418643
0.007724585072889384
-0.0008603150434879732
0.005406271872552566
0.011852438388605883
0.021902288970999613
0.04337589182342023
0.058783985168730506
0.06318751800925029
0.043745103251174644
0.02049553358853615
0.004745631199510809
0.0009099090081833614
0.005353042829433397
0.007792483708966122
0.012124897978368611
0.019833691575132616
0.026594575090534315
0.023603704865920852
0.015614530002236537
0.005785379065474185
0.0014101040219294508
0.0018126574522948173
0.004381884493546576
-0.0016575130286538816
0.0014659587172097957
0.00072665813489487
0.00387140555334051
-0.0017999152079945225
-0.0033548405300247207
-0.004675090786656515
-0.004960136752065847
-0.004857275271347341
-0.0032512746483502287
-0.007675353368907576
-0.010279859430589731
-0.013704979039998549
-0.020132785019840744
-0.023480823481687063
-0.024946875521760677
-0.019466516221292973
-0.01495189637613567
-0.011898637293305378
-0.009892514742049574
-0.01570372905114899
-0.02107104867817672
-0.03221506970280389
-0.04378413910768702
-0.058976613348102815
-0.0533837018862447
-0.04031905039485294
-0.027305065332275582
-0.017808620283468427
-0.015252069700567538
-0.018147834625402266
-0.03189646205948472
-0.05135580543163226
-0.0916821880653553
-0.10854836661062206
-0.10138416082775291
-0.06839534158722439
-0.04084805904061186
-0.025702110298616805
-0.019469359321406494
-0.02074055397513456
-0.035040901675463615
-0.08064898181911818
-0.19058484485262864
-0.23725914764778644
-0.20170366578785312
-0.10417039786249707
-0.04866020298419476
-0.026404418902832162
-0.019503075963026105
0.092719021971299
0.19943403372328605
0.4954178204862916
-3.651063499577762
0.29551259268675584
0.1733630466598962
0.055872809815327155
0.0048246825617395215
-0.03988932035853839
-0.012349358198262094
0.08549733855868456
0.24617714360299983
0.4013103560326951
0.31731529000204683
0.36587159091409704
0.06783312829598125
0.037620339442875086
-0.03810765254638758
-0.04032072054500238
-0.009661610377747326
0.004549841774604528
0.05155050558724128
0.13557768068731404
0.1629959860785279
0.06579256516996555
0.02840749235570816
-0.03282369340005985
-0.05187747006644314
-0.05631219660067374
-0.04295323498440974
-0.05699903765303526
-0.002473532312514423
0.007196498314640315
0.04575324547428989
0.0026623491071425358
-0.0429985759195734
-0.0502982385870259
-0.08503412616793897
-0.08033793496901166
-0.08080135630082537
-0.06238622961465385
-0.02417072800153725
-0.011192836886185241
0.00015301656819295337
-0.030853468107183233
-0.043249935435458894
-0.07534119159626947
-0.07418453625185009
-0.08123820321926513
-0.08570823605096799
-0.07240633241596281
-0.04097436300210507
-0.008931977308563443
0.003077811699175006
-0.0006473788131482123
-0.0487085803989647
-0.05468542621643617
-0.09264812089926264
-0.0888065188660323
-0.08301321459891103
-0.06885819461724658
-0.03245419257434799
0.014200882624553308
0.08295539502257761
0.01997059166546277
-0.01731038351174608
-0.06866225236503327
-0.07038342317419258
-0.09143695646415692
-0.08017313306209549
-0.05234001103029293
-0.005566971041116305
0.10229481569423537
0.24586388098394935
0.17037371490864187
0.023515546724779034
-0.014469112523599448
-0.06105596970596526
-0.06892651720746028
-0.07606891323006461
-0.02308263516631947
0.05663998829115377
0.17823901547726267
0.5440063407433293
0.2421415979355502
0.10828789838048411
-0.026957096681400918
-0.05521919586439019
-0.08184246829332356
-0.059080086255429994
0.026147884414685796
0.19843127188480794
0.32391528776065515
0.1493736133448969
0.3452936185949985
0.147775274123085
0.021726780777146345
-0.057921392901219976
-0.05098727984004295
-0.026894565109947217
-0.045046780170549715
-0.08477243881757866
-0.10996457136328672
-0.14958633059459372
-0.0881096093226684
-0.05552053814087247
-0.027835361560718707
-0.015966885014866945
-0.01885188821084477
-0.026149094291207726
-0.025137226910829133
-0.04069137087724881
-0.05628372167049596
-0.060495533069178396
-0.044534886655388226
-0.025185249153888277
-0.015866633978932208
-0.010080536263294387
-0.011370278786951666
-0.016013466107276407
-0.011119905465851954
-0.016563854044931776
-0.022724800043529003
-0.02011408120473346
-0.013719124439628605
-0.0072905619831941165
-0.0031699023291400846
-0.0010050174328763578
-0.002201185556207942
-0.006669193209434637
0.00556395702726757
0.004320001874243999
0.009359323836524132
0.009208989882832414
0.013476401540088556
0.009953130383511128
0.006844062008520688
0.0036102807354967325
0.0027557447738760293
0.002568742004285477
0.014051562848334715
0.0255928426650176
0.03268547428358425
0.04820608129788923
0.0349080835726332
0.0284977212010136
0.018560953103988243
0.013125520846484821
0.009043155410294903
0.011020195992306948
0.02443552990144191
0.03889996085564351
0.0739167044510718
0.0931633484881182
0.07597937686462419
0.04188635327177064
0.029834461165784875
0.017989736953490768
0.014571470210631982
0.013112969178820983
0.019015151624842366
0.04884964691138571
0.10797543005346151
0.17039553191410325
0.1066390332031574
0.06228832592392651
0.02723404878758057
0.019047804847560707
0.01375728393563667
0.01632315122680374
-7.73286257802039e-6
0.021878127588475356
0.1264990358034188
-0.7046251734022326
0.11846890859331262
0.05347656383865188
0.02369917648498576
0.00836632785045315
0.005052340480257549
-1.0902996890418439e-5
-0.05146338442989146
-0.16957659492030985
-0.4780487077141361
2.1720356909862844
-0.18821481836176746
-0.06225712897738083
-0.009731485579149404
-0.0016889523530021148
-0.008758171791899822
-0.018124781456912032
-0.06532117391164796
-0.12967275166910713
-0.2598282133787358
-0.35684433777614477
-0.16728668066601848
-0.07294237703690845
-0.034739429459319286
-0.015566308480617012
-0.018053186997353882
-0.0303413964317008
-0.005761632519146686
-0.0066692196990875766
-0.004056916301250389
-0.010118040112882263
-0.01048294374933066
-0.010557075467618218
-0.008745742346219259
-0.010557387320321231
-0.009198908816570824
-0.008545240894991963
-0.0028719021609227495
0.009151130514575083
0.005008119133686112
-0.012353739695405092
-0.014408192669900972
-0.010596639155566348
-0.01031131082285806
-0.007129267728361028
-0.008437645937948976
-0.0063560260063583555
0.008821638495394789
0.032011713268040275
0.06720998177943462
-0.041734095982557944
-0.023138894714309854
-0.012742464144767688
-0.006982937267994912
-0.010301754669122672
-0.006382412592174331
-0.005056524795480537
-0.006229626899852509
0.0804384228929555
0.8535789358226524
-0.4018248070727193
-0.03711763425314801
0.006607040544604517
-0.0046602366907547085
-0.005035410923047434
-0.010129521148205617
-0.008532965307850023
-0.03712862224716225
-0.10214651987482555
-0.4664235737634839
0.48525415510983005
0.12068751199872452
0.023512795337330635
0.006762078155684294
-0.007855619448761075
-0.011885978661705703
-0.02274614475151287
-0.03908050648713327
-0.05832626152807408
-0.08881829251321993
0.10927079694970845
0.055118137705439524
0.027125558364073536
0.0005298022494014769
-0.004199339779676084
-0.014474153290726651
-0.018645295426730872
-0.022452603982567463
-0.032248615964460665
-0.019911373133878158
0.01365927900769654
0.023452656313785254
0.005093921415514983
-0.0008835201022660226
-0.008066684917273961
-0.011277461301453908
-0.018548199856590376
-0.018238719358875718
-0.015712840200949145
-0.01625064636828072
0.0008612474753796909
-0.0008759352171262772
-0.000359302116874604
-0.006448017722246088
-0.006609243436076639
-0.01317496714446961
-0.013970435845560104
-0.01210978552478424
-0.01462181984526251
-0.010151802336979768
-0.008964275498281373
-0.0048399924330875125
-0.006424428195298619
-0.0068099029477326125
-0.010603247602354158
-0.00987151789615568
-0.014064716128157254
-0.01125663591627364
-0.007748668685540813
-0.008428535367794176
-0.009438291365299207
-0.009469058774334807
-0.008295746090601616
-0.01114726386115806
-0.008687555953598271
-0.010717305535714611
-0.009018380316899988
0.0067586326345222
-0.001908045567990011
-0.009904464184909112
-0.05875602130974043
0.22959053371478247
0.20685089833763454
-0.007970343998681862
-0.01025848392962819
0.0074083563364409945
0.004080475445645935
0.004840432536632417
0.0012727772543713908
-0.023774059148780138
-0.06597171294687697
0.787573857480967
-0.6131672620762659
-0.12801379255577225
-0.027221680379319452
-0.0006510284238413335
0.009221865121880671
0.007907565126806989
0.002621794131576704
-0.008788799878806578
-0.059519298943797525
-0.145653061860855
-0.20261717676574448
-0.08163781739125417
-0.02467218290097224
-0.0011196810131198834
0.005262310878400013
0.007673758837971667
0.00657794944479758
-0.005912508160373894
-0.02013334516463154
-0.050185737408909706
-0.058887645039193325
-0.029413686885919083
-0.005522129990800615
0.0024784141156291815
0.00825402247319105
0.009842772955248293
0.006442315882767966
0.00280832617848557
-0.004227082494524419
-0.008590636039128973
-0.012603970382104613
-0.002358677456693513
0.0031105118999603934
0.007181298319223459
0.008966261065285896
0.012422781000250521
0.011190134215369208
0.008104395795902443
0.0054249550538134446
0.002336351731611458
0.0038566080250431686
0.003153914295301246
0.009264954922064203
0.00999399667946617
0.013336059394912997
0.011585688049860274
0.008080026132422717
0.00823020073612157
0.004536001792728438
0.004834449582372508
0.0035674438187229957
0.009509117745587754
0.011328614976109461
0.013923222488490709
0.011357605841724652
0.01115869161008559
0.008716896700527697
0.003266648304328635
0.004900381782575111
0.0012508172934960397
0.005024863957710647
0.005642857591806958
0.012985177571906327
0.01182915543004343
0.01305516627478846
0.010355306362770288
0.00384908057800057
0.0023918157107856953
-0.0060346342680384565
0.0032011899391118743
-9.151755793957773e-5
0.011755138326424816
0.010297195178689664
0.015423477826596456
0.010464932217402152
0.0050214052617598755
0.003988428069535066
-0.009006647534051095
0.005956959284940957
-0.025169961455492426
0.024964894150110866
0.004640589801551688
0.011256850004887818
0.00895934968802279
0.009824171452072974
-0.010326821411262009
-0.00982180212211214
-0.02253609927690112
-0.0217408866324294
-0.04008473016486315
-0.021066554828354702
-0.023193720159115656
-0.009785487343966094
-0.010748646516638701
-0.005627044523778091
-0.008472984271677341
-0.025698282017529165
-0.03234136208098594
-0.06612833283618309
-0.05521486060633332
-0.060453781036975185
-0.028858399986239895
-0.02387159463584261
-0.008911523203549753
-0.012254948902392584
-0.016766302714923822
-0.021157116477639838
-0.0664968010604064
-0.11972136802629135
-0.18576342418565658
-0.0750141318897593
-0.05578026409679075
-0.01509065411246446
-0.014144290426457836
-0.004787838958663939
-0.0009155250870759839
-0.016734145632733528
-0.02332724579169535
-0.29652477662954396
-0.9567247392121534
-0.18680540447765895
-0.024283581272767047
-0.019257150096744807
0.0006802345229116865
-0.006552633627890491
0.003916164523971784
0.029658984662181212
0.05903552457810322
0.2739075230564782
0.9361477207321376
0.18774723087475986
0.038017489301044344
0.021520552265115157
0.0005618633316926142
0.007097285262865228
0.016085358268053532
0.02145254652760355
0.07013777861774663
0.10593576175856317
0.16101989717642173
0.07110281357317051
0.056054411326646916
0.014506862216028826
0.013139632752883419
0.004275594135781088
0.007229101727743786
0.02095611593473858
0.026910974465667484
0.061657756248793605
0.05000255419830008
0.06101511878538319
0.020164020652371915
0.016927997602018408
0.004212048351499214
0.0093868541756534
0.009863820869799629
0.007885750516464014
0.022199951475078143
0.017812775930026836
0.03024062330165016
0.013397864922524793
0.016384825220673877
0.003801865167061175
0.007788903921796828
0.0021401464099334187
-0.00029890653080364717
0.006404592468761734
0.00014778317264425086
0.010406177103346298
0.0003517019993910914
0.008186944817215715
-0.0012077902592962523
0.00392475852925663
-0.0009688202961204813
0.0035736686523551806
-0.0003464491758454427
-0.006746305781528203
-0.0024676921466406255
-0.01195486729168276
-0.007380619306342517
-0.01253860239058984
-0.0036287111219425274
-0.007149640002798319
-0.00180735368679107
-0.0043949118477204846
-0.007369882177904304
-0.04604656958986431
-0.09745248703500219
-0.21513740898258907
-0.4192333989030707
-1.192906810283994
0.33563921255438167
0.12305464701379368
0.06040482743490633
0.01787120076026588
-0.013715145566759733
-0.03630956696909057
-0.08555274722223374
-0.13159079436162543
-0.19146934606796734
0.2746610316894761
0.1263219579800849
0.08358370270311581
0.0368765257762393
0.012809203392616417
-0.008195496664868957
-0.027881098962763255
-0.04172788403816106
-0.06449239430788134
-0.03489167558070248
0.03196409123836805
0.05417645581497808
0.03558730359306568
0.024772932814039597
0.006877464090112067
-0.006587498748182982
-0.017014741022472177
-0.02622057401690387
-0.026842767925640734
-0.01845304523692384
0.011839713483468572
0.019467723127185914
0.02222753497363371
0.012464206158073844
0.004985479875274474
-0.004385608679347048
-0.011694075234783404
-0.012225863371775482
-0.013603529592494251
-0.0031030067675964996
0.0064155750759714945
0.015376593310919963
0.015817021532990905
0.012063522611425442
0.0038358051340222294
0.0007454105854145772
-0.002146741798312188
-0.006086895637074469
-0.0007439252322097491
0.004482180085414983
0.016115631959607725
0.019352065725168063
0.018164462915159062
0.012588162753550024
0.0066455869283828075
0.005372451609122904
-0.0005299987915816534
-0.0001284424466809193
0.005014139661269834
0.020710886232296142
0.032805136871789535
0.037247407364515615
0.029078344953394824
0.020741222385817232
0.009199143792745869
0.00416664808478951
-0.0008643011596026369
-0.0026954490057888927
0.010640395148645657
0.030176177643807874
0.06787981768215223
0.0670686991153096
0.04991573593263734
0.0306304752603324
0.016044708361554947
0.005921826847967269
-0.009592941934134415
-0.012780750208130957
-0.006174663435337691
0.05070992545090257
0.135698686965776
0.1352045450567492
0.08069262333607947
0.046636723913805106
0.020224872084467434
-0.0029303509326215837
-0.022783203103853705
-0.051889598586589585
-0.051132145227515066
-0.15655994354187727
0.40731802316549814
0.23867775110646566
0.12694228471879876
0.05559570634848532
0.022541175747750563
-0.013952576969089999
-0.012012068054738666
-0.00792206767464255
-0.007314823543649842
-0.006941117572600373
-0.008783327154835673
-0.008339901124504025
-0.012569647624853101
-0.016215277824655476
-0.020459434882793236
-0.01801073977331635
-0.011193105582638673
-0.009298459402209984
-0.008192715648882057
-0.008276136332035656
-0.009491228131288517
-0.011469222810580146
-0.01242649241986643
-0.02131686204618766
-0.02364285411012368
-0.021760412969623662
-0.016092316614720735
-0.0061324214133277825
-0.007951503707002115
-0.005717738639195861
-0.007670419836317923
-0.007038396238993823
-0.014583823995930804
-0.028206824960102777
-0.04320478153299441
-0.034183040273485454
-0.008625268142986498
-0.006331155968955079
-0.002637606791828036
-0.005901589707248733
-0.0027998317602472007
-0.006050033189270242
-0.009429029709582936
-0.03336405295414051
-0.1052609439180768
0.014072555848483008
0.012185672281191141
0.006394204535715192
0.00020586634471137617
-0.0029812896201865946
-0.0016006609701579794
0.008619496033360614
0.011503298127296962
0.044946520913459284
-0.3030808817340252
0.3532324238448411
0.06769626609877498
0.012326810783676293
0.003712714749866579
-0.0025580741134104833
0.004628678543002568
0.015287751848423571
0.07098652015293919
0.3346314651737598
0.5699412437766574
0.03128341253334338
0.02945456043019469
0.009812202476057784
0.0014395158903750308
-0.000258101766243327
-0.0027364014457430886
0.002171815694814748
0.011352628526041107
0.040338413624564834
-0.3066518686091871
-0.01317219557074896
0.0018042997286031905
0.0009141494578946373
-0.0018790985061069303
-0.005867073625904326
-0.0025264979455380926
-0.006403481438800602
-0.005222001237448791
-0.022637319487961206
-0.09116315116291376
-0.013597417874461242
-0.006480706192880937
-0.003034792791516128
-0.0045531628450716346
-0.003688203362126234
-0.005521384382221032
-0.005220266036584088
-0.011864323115937816
-0.018116952407351235
-0.031232858809631635
-0.013655330553933453
-0.007696035556895637
-0.0068422500323212605
-0.005557699095311617
-0.0074231810039080545
-0.008217687934273042
-0.008988317117200675
-0.010628196443649639
-0.018242080720664244
-0.020074292600183553
-0.01277431339916751
-0.007619843175163971
-0.007071983478172267
0.004719579331327145
0.0024327811766877505
0.014013241395232977
0.007636154960534168
0.013624622910276664
-0.001768384983498704
-0.0024755243415457186
-0.00882877707701453
-0.01747262811574318
0.0007532918231066045
0.00012017897193924092
0.011916643047465814
0.012412879453243366
0.02497518634056481
0.01988901337589468
0.02696724156777101
-0.018578819261002577
-0.05222224307381714
-0.01962741173083895
-0.014823940619165582
0.00505619398405893
0.009023520951960837
0.033717387979329334
0.034611008951603836
0.06900589169729797
0.03331275676113156
-0.03281684275462683
-0.0889090790176691
-0.060888846567716357
-0.016818459305383046
-0.008455626454340148
0.022980183275233712
0.03149699901004521
0.07561128251159545
0.0958129010642909
0.22436313458959062
-0.18823805862259307
-0.18149537204076804
-0.07010831175119904
-0.04125232366344889
-0.0025483672387886167
0.010784780219540303
0.04386645692244243
0.04432057493272968
0.027251928867453666
0.8553880649357308
-0.40571172631413677
-0.15587545206504516
-0.09454824064026973
-0.03187730301214749
-0.016070703447038145
0.014039285237509202
0.019988841551806188
0.04142682182164467
0.0051114048816101616
0.898782418865673
-0.23982361669803498
-0.12480082392285134
-0.053003416823871954
-0.035175821236797515
-0.006142789301996706
-0.0009929803744946834
0.0196908936812654
0.0030069495340225042
0.0001797364911385524
-0.1270166599058485
-0.14189362685960422
-0.053776204684274624
-0.04300261734071715
-0.014021217126094934
-0.010865318898976703
0.007797790627436573
0.0031283127506586714
0.00803551530108329
-0.019476529157677523
-0.04002350125080956
-0.08762079280002773
-0.03737989279590798
-0.015575396237242353
-0.009650982440762602
0.002921931420787889
-0.0004264958325125637
0.008963986760667956
-0.0015154768091363464
0.0007051047021921133
-0.03032164909592004
-0.02737404563639757
-0.009380963503971839
-0.013084162664477974
-0.002559816366170883
-0.003184377457618066
0.005219475808659533
0.0027045908989596105
0.01146347323223512
-0.002547769300660616
-0.0010421312512377341
-0.019872756578559907
0.2130049398187078
0.09553244674997197
0.07778340278410441
0.009940444283860464
-0.002082086338238025
-0.010685171839681777
-0.0002250341553709514
0.019795420300919745
0.06581727128142925
0.11291494562122252
0.15579572088701923
0.26046894610230914
0.12826143156219721
0.05852853253731722
-0.007423733037760644
-0.001079472246179635
5.972092276162517e-5
0.03243343522930794
0.1008364733288923
0.20595915615375646
-0.34502121427436855
-2.1838245726967567
0.22140121287767126
0.06288791925625828
0.01600860674588758
-0.012040931330926114
-0.0049294454660636314
0.02329311584651903
0.08007361460490456
0.22011936191285544
0.31541417468979716
0.19507719215858918
0.08719637305746088
0.041762718601620875
-0.009275730603215482
-0.01241360817618596
-0.012842774662467056
-0.0006547853242624966
0.026327533605990272
0.05609026601578478
0.0473155978266639
0.03400049649171139
0.022742691215128195
-0.005252754734688501
-0.013329741954600257
-0.020327538901947818
-0.021625264309040115
-0.017351958615850545
-0.005368192069777632
0.013262072651254446
-0.010402341077379688
-0.007200659770098596
-0.01470134412343962
-0.013687217630470736
-0.023672004802192444
-0.022604949173429964
-0.0271279833955222
-0.02274729499181306
-0.01488761371432079
-0.009628837097980215
-0.010036825541754796
-0.012663176847221786
-0.014793590877212858
-0.025646370141333884
-0.027524514756766642
-0.03406630286423893
-0.026790671486996202
-0.02402840812831579
-0.017778699538292832
-0.013204617120755022
-0.001434415724287544
-0.0007647602102950954
-0.016179039427946025
-0.01831656702176786
-0.026606787851987012
-0.025873871495961244
-0.02286934575213971
-0.017875992295833844
-0.015111041323238946
-0.002929680066500681
0.031751302099665805
0.015324166141153412
0.006965953301934814
-0.01701971487925445
-0.01679978726560961
-0.020845029732238632
-0.01970522574157538
-0.009821760201830365
0.003960181603254771
0.01646383311438497
0.07309238204164241
0.0600842969885162
0.01671010622204293
0.00290762489095934
-0.019092186389256742
-0.011587532597709485
-0.014242550285690261
0.006737065940773883
0.027477872281525522
0.06344270218185859
0.038349826827066655
0.007971154458613109
-0.006400002385739085
-0.006764801209894578
-0.0018100169163652608
0.008231049451214388
0.015117765439240032
0.02706451759357728
0.034282403149820145
0.04920600956157996
0.10123957031118076
-0.023191980442230104
-0.025695514791063634
-0.021584964524692312
-0.006742920860617982
0.00608968100391292
0.022806362749857076
0.03903663011487164
0.06534804553617815
0.09018967004336984
0.26547084027130485
-0.11375190835869238
-0.09224739659462627
-0.04391780935831925
-0.019500360628207102
0.0041007709526274215
0.024983233169296452
0.05411147412723989
0.08760811465218776
0.17635121204473603
-0.7795655495058579
-0.35127603931750345
-0.1488964043193742
-0.07525474079530134
-0.029611591354883747
-0.00035130830349185333
0.028894040213514296
0.05697377774176276
0.11783108246458361
0.15655477738176463
0.4689998226639706
-0.24345679229600367
-0.16502128927353807
-0.07683160282890744
-0.03260827184743729
-0.00270884498258484
0.021485783859220044
0.053396826899426875
0.08831609786666192
0.18943243444730248
0.025110253226407694
-0.12387249654203425
-0.09370503088436376
-0.053223020231228324
-0.022230549974548996
-0.003924365792135484
0.01376604940263782
0.030581784299042028
0.05257303037592342
0.05478763786468685
-0.013748454480256187
-0.049455375906733205
-0.04869106932977605
-0.02874389119298267
-0.0121381744090453
0.001402599196077982
0.012150595608231377
0.021875174167317258
0.02266984111102065
0.022468456688941985
-0.0009532558939668375
-0.020019596301818605
-0.01927754526970525
-0.013471006230624465
-0.0035522009120547244
0.0025710552244029863
0.01001629752014832
0.01561058893984401
0.019527222757595518
0.011933058268624525
0.005986194467687601
-0.002540088315793524
-0.006274293027704007
-0.005219208825671759
-0.0013917561324534445
0.004928605129444764
0.009384854572641042
0.01591996055911015
0.017235590973109727
0.01647782697225204
0.020934402406990453
0.003728426228739105
0.00034658454347804115
-0.004306687414598454
0.000706318476118558
0.006387425377726351
0.012086326857295583
0.017486542476483225
0.024027727466806995
0.022504771753914
-0.008773804035914809
0.04727661219993983
0.30737393572303084
0.023974020268048436
-0.05488672857743231
-0.034130546296867646
-0.031239151836358867
-0.02074816960035449
-0.01913058213938641
-0.006287355319298875
0.008416519271862113
0.015476847095571995
0.08509558693083608
-0.019945167638555254
-0.02388284197550967
-0.03230216618208351
-0.023367451858474064
-0.021317023062292984
-0.016341621550553423
-0.011270500031089118
-0.008855949756338827
0.007128718284017099
0.0011514959068778673
-0.008842596459371507
-0.02501631988707112
-0.021418205882308583
-0.023338810336273594
-0.018687262129503297
-0.018603053747787632
-0.010846420440997706
-0.007800154680687408
-0.007606322210775625
-0.002131297534458383
-0.0158914638352813
-0.015114614982182448
-0.021691537756244442
-0.020143827707374228
-0.02114298972794514
-0.016579566268296958
-0.01651932246262128
-0.011667892002005669
-0.003204948512518411
-0.005721992703874468
-0.007957876462934135
-0.016675849648261434
-0.01652324172871259
-0.02054861376276578
-0.01805245538951815
-0.01717990867453522
-0.013269308265681384
-0.007371658523922776
-0.004141503989942672
0.007153158553948428
-0.008154475495827023
-0.0074003529440319895
-0.016999193787401473
-0.016665752703248365
-0.017556061365709266
-0.014414269189924995
-0.014880087128310687
-0.010231016291545058
0.015083466805070498
0.01808556164614066
0.013602574262566324
-0.009091413470185172
-0.013677114961339686
-0.020280394645899324
-0.016576293622133094
-0.018032480457419856
-0.011630247748776754
-0.0019036073709666724
0.01922243046027986
0.11869754315030669
0.01135247916371877
0.0007737034175039337
-0.021056873915273795
-0.017748750761545667
-0.02037236887460455
-0.01599835834482685
-0.01833269495463535
-0.024106450060481684
0.05407377239436842
0.34363433363689455
0.05995800053761377
-0.03262814698008456
-0.02145129599746872
-0.028005887835548263
-0.01926670618520486
-0.023458251408403307
-0.019560561281708872
-0.039438886439886814
-0.32658415533716695
0.9654787363400806
-0.365806794370154
-0.07868119802119518
-0.04635972774063473
-0.02653123768764502
-0.024103387317866497
-0.018128369357489387
-0.02702855621525386
-0.0025697812049598192
0.010432177219172492
0.005863212413349887
0.010192427081723226
-0.00812862185799208
-0.010099620494596935
-0.02097490913039409
-0.01604826187070165
-0.01639956585677754
-0.004630744795325755
-0.009154269822094425
-0.012035439037814021
-0.00800597206488776
-0.02179513168897165
-0.021031561487556832
-0.029437570124910405
-0.023861346304360802
-0.025658799765097644
-0.017327775786497027
-0.016159934688089093
-0.022679056370270827
-0.0183210839449625
-0.031294378502787136
-0.037061346563659975
-0.05164765347035951
-0.03916979958308369
-0.038700784981679226
-0.02842395712881153
-0.02503190967675364
-0.0187645238817239
-0.01913674791719637
-0.033388464024786964
-0.04126423974228957
-0.080783055651011
-0.07210700491024155
-0.06953758630678053
-0.045623830140038665
-0.040254115337916556
-0.025308522119053135
-0.025198747628753893
-0.020927906750903252
-0.013790978271203286
-0.05351202613395582
-0.1107873825603445
-0.14575165877387605
-0.08410093463693259
-0.06730493850420255
-0.03847426105303744
-0.030988985452611324
-0.016639932742359805
0.016664360362003434
0.019387088414915755
0.05002927260786435
-0.3033420819239343
-0.2252342427938686
-0.14114853016733217
-0.06355302692257869
-0.04715456253848804
-0.021414664647966066
-0.013199035527944393
0.03493206741059664
0.1248105795184237
0.35079810536237843
0.8432382307627596
-0.25329809710809154
-0.09816525658914498
-0.0683659117449488
-0.030984532292364662
-0.019798220924822467
0.00979462783280166
0.053739622220122886
0.11247260818155429
0.23099066387919467
0.5077303858136127
0.0754659649173906
-0.032667265849096
-0.025977517055456048
-0.026195377521761452
-0.005832943100672023
0.0066137410655943505
0.02734782545737012
0.07580915244592024
0.10293796394329842
0.15056088318332736
0.050579886653116066
0.005676736951874031
-0.020002024998857167
-0.014327261897320764
-0.010216201306952277
0.010198634064539068
0.01675960440383182
0.025987050011017438
0.04920330047695261
0.038439472750516526
0.024693871160305463
-0.006912066149048904
-0.01064924838441817
-0.015935756894627097
-0.005923326920351449
-0.0026572450463036167
0.00130299876665547
-0.007560288998908821
-0.01167924357919551
-0.030144663101724364
-0.03918685365694976
-0.07004737125284441
-0.06162804208794563
-0.06241615469927049
-0.018541269097125602
-0.009556313007377856
-0.0006374311082940744
-0.0009381974197831531
-0.02075986503147486
-0.0386815553131285
-0.08591818268207282
-0.10708310943908186
-0.14681851860427886
-0.09480524452563246
-0.03528644591187626
0.004479649214627411
0.02141095868933223
-6.29162738944837e-5
-0.01228841874958048
-0.05062537605043784
-0.08467518137502207
-0.15316920939640158
-0.28422645857694817
-0.21520464413697674
0.014408321551139155
0.017921061976219146
0.03368764716432343
0.017380372332680732
-0.010369168044252915
-0.02529660226134348
-0.08457077940877333
-0.19569795010729524
-0.6286188085591811
0.5086602546371108
0.17866298758454568
0.09374082194130412
0.05223252933233472
0.018771036926168515
0.009227290708635764
-0.007206682260709741
0.0032427167812820543
0.008681371387301658
0.21606983692181364
0.26797499097293537
0.1644833326540066
0.08680046294928104
0.03692246363458981
0.02519565330473309
0.01006512039912341
0.012576155292383718
0.010946443468420417
0.054085997058821736
0.10135270148129676
0.14080340417578546
0.08871228792339046
0.07132996589039432
0.02942652424711594
0.015891711789068803
0.012025638920182363
0.006698037708793544
0.017266295839087963
0.025656753015842367
0.06116420054313052
0.05827339388997591
0.05992418299324016
0.038463596665707055
0.014135185344210672
0.01279409125913639
0.005426553258962342
0.005748272874665797
0.004448687086163157
0.015327124708027672
0.018725638017743643
0.032253149895731886
0.024197073378642173
0.02532582397648868
0.011424520423225266
0.004973634980624779
0.002949169936880515
-0.00574800578883514
-0.0034891230476392313
-0.007216351129294717
0.0012083911806208885
0.0012208934459086809
0.010671049600127349
0.007574973241192624
-0.0002987950857507583
-0.00045452283064896493
-0.007606858942432496
-0.011885394470624918
-0.025063448790364682
-0.022582690917974033
-0.03191537866665751
-0.017603676133505233
-0.013420786050583344
0.0012625734687307995
