0.0009436863398600906
-0.000639119524453729
-0.0005326974960009048
-0.0003631080257779247
-3.8151925388239515e-6
0.0013939362214048798
-0.0010163885503938006
-0.0009463842535157748
0.0003172557351872622
0.0027457919518100123
-3.6382141949204634e-5
-1.666369845502373e-5
0.00019976709780827008
0.0006256819203326414
0.0005593375370099513
0.0009897504408727983
0.005924509681572362
0.004379750173118031
0.005001979294627051
0.002505314293319913
0.00349805089572316
0.004488858097119873
0.004022205651564303
0.0015408594457572487
0.006183423289156706
0.003309263969029471
0.0064391865243512494
0.003163920458534659
0.003247758824150618
0.005399741297471763
0.0025822511302649276
0.002748168268361843
0.0018660642235088778
0.0016351465262054153
0.0007593958981723192
0.0014967511955213575
0.001642024837319889
0.003250256168159547
0.004302946739995038
0.004224810959761038
0.0049062432035894615
0.004168207458490268
0.005069075088319256
0.0018440444334551437
0.0022513024492749638
0.0022677651245902094
0.0017536075168581027
0.000716529494103169
0.0027732934398321998
0.0025593438198708626
0.0042974420649759875
0.004543577609277791
0.004271905072864887
0.005767780335105889
0.0051640207229450424
0.0038093404384189258
0.002813549327328057
0.0025429325797300395
0.0016112609513266078
0.003124064875950704
0.0044911719859129645
0.0057813481655306885
0.0034824238325703773
0.005971613030903578
0.010259928193782377
0.007063140661473441
0.005884857073448405
0.0031523078060606688
0.003683038396172954
0.0004162524762170454
0.0016910227950615198
0.0018644034839339063
0.0042670760516760825
0.003961894127092537
0.010031737270090713
0.009878381725799912
0.016191859330052617
0.014437122077199327
0.008593418316743085
0.005879627570062118
0.002267798451518567
0.0014822560223638045
1.4382785473116724e-5
0.004375383120654443
0.0043004991601552885
0.011648345967913655
0.01727010865715695
0.022749918422475285
0.037573045371007356
0.0192542671649363
0.0110407447070676
0.005986362974526232
0.0029680857018631263
0.0035418769527411067
0.006527018464612269
0.005766724432345225
0.009562077759186837
0.0031206522527948127
0.048816683689760554
0.05352324855484231
0.0593293814802979
0.03331966958902771
0.016291992519096982
0.010217097315247307
0.006905429628929068
0.009472619880139017
0.009768345402961785
0.024745290473398542
-0.021307105262350003
-0.037721120851150196
0.1154452135917875
0.1330200409787273
0.07209549933975311
0.03071762309148789
0.017412705523357046
0.009327371124201898
0.008511283264381298
0.00924545887231477
0.019754669714630867
0.03451739368825564
-0.02184596241185903
-0.7246819640598609
-0.7943785160651033
0.23285566782825629
0.030497947132437416
0.022629068363901442
0.012611025871010725
0.008299873603749086
0.004961651444132711
0.010209607336014523
0.014325748078337515
0.026786193424869216
0.042198539538120534
-0.25138220474042366
-0.011975582666408876
0.06293790052595565
0.018198166610931907
0.01387128670196776
0.010172578668312398
0.007025503069581488
0.005464980398519551
0.006549003659120735
0.011470355824129126
0.009293386146329343
0.016216717638765026
0.02377038163199721
0.02803018460183132
0.022970361288255078
0.007164849686361338
0.008859070222010202
0.007457925764257368
0.0037716066626315497
0.0033726155674541377
0.004971650802963121
0.0034076230858197023
0.008499526289830809
0.007467628728031282
0.018234019232172653
0.009300235479445302
0.01100246062383387
0.00800839003565118
0.008093949683869351
0.009839284342250303
0.012801679873368535
0.007035519575707982
0.0052402123354792635
0.0032009554308124214
0.004954180654953165
0.002937294105822634
0.0031759051756563073
0.004115774492941326
0.006324874634170268
-0.0005201805384081082
-0.004313962430081388
-0.0031296094511992474
-0.0036286863880381193
-0.002427609957233473
-0.002530805243292671
-0.0014232611041174843
-0.0009446832495007876
0.00046484454439382604
-0.0008287982534362675
-0.0006239905925522895
0.0008448180070554647
-0.009665198298007745
-0.01496240448872289
-0.019002612350563018
-0.016456799549313412
-0.015109679979578936
-0.009991043688821316
-0.006369300812171391
-0.003695986939698054
-0.002988525760978503
-0.003851569063636579
-0.0031891936889109616
-0.005025426830278052
-0.01582239913976462
-0.029424104070971055
-0.03830288175633184
-0.0384981702140871
-0.027424618778833947
-0.018551741411046745
-0.009308199794584604
-0.00618653217993341
-0.0035361387634446862
-0.0034870561865267334
-0.004516351121546949
-0.010387440557439984
-0.026746172325729557
-0.04971296203563088
-0.07967196431704238
-0.0759817061673156
-0.05211984598345138
-0.024807839027964938
-0.012984994376967696
-0.00630584556010363
-0.003947871897534997
-0.0032591205545295563
-0.007164573828126837
-0.01159944746187192
-0.029135107889519066
-0.08138058380194312
-0.17268599347599017
-0.17814239289600795
-0.07111681377089471
-0.03203817223890933
-0.01014924478304372
-0.005156377653390793
-0.0005536750229394488
-0.0006254178387681704
-0.002634525810066781
-0.011090340047617116
-0.0034174110537235386
-0.11495947143341438
-0.35233184696016207
-0.4288334297867968
-0.06116662261856334
-0.0065630397584905435
-0.0003051990066751695
0.0026582277550485
0.0024495455435069665
0.004033010243398922
0.00434991163186451
0.0018413773094604071
0.07282254462440195
0.2090494836636851
-0.8938681869578168
0.4499501181074927
0.1372628893796197
0.04305492909382265
0.02314229090178278
0.011445469063434585
0.009176621439200148
0.009261532759901568
0.01644853129394738
0.02412991705136574
0.06281135684057734
0.13551335393000502
0.2011745369357118
0.21961018393679535
0.09772736653136871
0.053185160670664325
0.024690836274387104
0.01720344673393235
0.011101840665729864
0.013415562774501804
0.017557278609189184
0.03342198951666873
0.04615706653957524
0.07645238262185113
0.10267434218399465
0.10235843049695346
0.07641543547707051
0.03788157868527294
0.02325705856008448
0.013975316824013031
0.01256675555364759
0.01205204879581952
0.017494861809907374
0.028003197128086937
0.03195417843226586
0.044795594292832364
0.05423025947596722
0.05718872710604469
0.03964965470558586
0.028706356746010325
0.013821569585624523
0.012500268052924
0.008775727721629318
0.009942550771843054
0.013519138336211826
0.02017898672275122
0.018224594046595346
0.023676636104595306
0.02843526404472986
0.026440203203170753
0.02240243697966628
0.013596854562225015
0.010766187868532262
0.008029486589402201
0.006928517307951879
0.006603752294646648
0.008933790203784951
0.01366495307631063
0.014789122747598573
0.019502837895680764
0.01681035577731016
0.007162972363917558
0.002619177110342734
-0.005945671510929419
-0.012980572977188118
-0.019272729938735095
-0.02405221518492776
-0.03157878702387195
-0.02876751570595317
-0.015314149979053534
0.0003533214663444707
0.0061350050443843285
0.004480861488079123
0.0019580262121750435
1.1320640568468054e-5
-0.0060051251375979765
-0.011862896012912882
-0.015639802235595603
-0.0188480363151906
-0.020795840739185372
-0.019804993962733004
-0.009351859246321299
-0.0019486241787577546
0.000538552269076377
0.000815114158593425
-0.0007924565974204283
-0.003342706545432458
-0.0061366944837568105
-0.009877627152209474
-0.01381540007119218
-0.01473699983279764
-0.01617089001930184
-0.015517262625375455
-0.009810169061784882
-0.005303624840671045
-0.0015314323254175175
-0.0002932827538113768
-0.002652066171684934
-0.004370459649737232
-0.007327734861596974
-0.011157716906508821
-0.014684656212590751
-0.015189972526162845
-0.015607444544159993
-0.01620937334054332
-0.011982905812834357
-0.005753225795586382
0.0015886162136247173
0.002441075455516881
0.0005416895975331192
-0.0027594458912124703
-0.005788013549089971
-0.010223067663685793
-0.014493637708568088
-0.017077128814316708
-0.01959200720786155
-0.019541633846822684
-0.014431118986594091
-0.0028757881213855047
0.006245664883413339
0.007827942485158031
0.004711616523345303
-0.0007308402818227846
-0.006045013158345117
-0.01190466734347234
-0.016178804789312752
-0.02512994765977484
-0.029079242732196683
-0.027385455649710014
-0.024219671688385968
0.003555990791794951
0.0260797837602267
0.020451783195827362
0.011283832762538746
0.002974282756107194
-0.00488818887844939
-0.012050053431486513
-0.020598784273922477
-0.03279807193362138
-0.04288177788579133
-0.050903028858324414
-0.04366482581183445
0.07001846171580418
0.07529041317904923
0.04499668923628714
0.023823388931849123
0.009429480217989351
-0.0022068741875614
-0.01415950528862548
-0.02655874215432633
-0.04523191386952761
-0.07306761796704528
-0.10816842222597614
-0.13048157345990366
0.3040693463896605
0.16529101405239957
0.0839154707967499
0.0376365928339534
0.015021480105914146
-0.001129702436099484
-0.015386307776941688
-0.032033916949679414
-0.05661660758733076
-0.11862812278579267
-0.2289253694583577
-0.46059267412765253
0.5392247619857412
0.190889372446129
0.08415609134066757
0.040464978463890744
0.01442309926032926
-0.0018958605264274072
-0.01728348845798338
-0.033098641011336145
-0.05979976605493852
-0.11445584958729281
-0.24726250643262723
1.0225395667143853
0.15424146572190695
0.10246924621878485
0.06207439002369349
0.029055727963461654
0.011398482748057636
-0.0037208234246724845
-0.016082410552460697
-0.02988504865349389
-0.04681890622464227
-0.0782919968519598
-0.12768288067907357
-0.21572069656877615
0.04275639372294281
0.05252580638595152
0.030608206437465174
0.018523232689175176
0.005857408516542115
-0.0042149172127850035
-0.013956592327279908
-0.023320989588134722
-0.03542812209786314
-0.04628570840551737
-0.05336728287047922
-0.02794653753439906
-0.016551732913267444
-0.018211263579686825
-0.011746340068920362
-0.008988713562745027
-0.005409570915522354
-0.005418905169939191
-0.008404621663089326
-0.013833583097555429
-0.018853942593198857
-0.028133751088511814
-0.01647941747937009
-0.025642618362015777
-0.013230955583423106
-0.006219885238140452
-0.00873265485329041
-0.004045653698715458
-0.0025868040131794036
-0.003404250193769598
-0.005280685628390292
-0.006258197624547068
-0.011809637794252084
-0.0130447790193844
-0.018088791521116983
-0.006459149825861526
-0.0024351795807689373
-0.005058180940203849
-0.0029164391430464578
-0.003451221373855252
-0.0011015514877665195
-0.004308156732094836
-0.005521358961683372
-0.005199716270653503
-0.004217359624357506
-0.009245343021760171
-0.00612293562908237
-0.006331584507617912
-0.003316081895224088
-0.001786061116743119
-0.004016822628643587
-0.0015046794797872816
-0.0017757844291534676
-0.002938160134965332
-0.0022067904038824402
-0.0014694242984025722
-0.0028079593966364846
-0.0021398409151595697
-0.004866153695552605
-0.001960306910453984
-0.0012971522269534597
-0.0017559107215591706
-0.001721261245572613
-0.002454037765828633
0.0015523626828176833
-0.0005190410039983954
-0.0027091805348831606
-0.0018403184645346283
0.0001312569386791965
0.000887883224433171
-0.0006044985251553701
-0.0015004245245202232
-0.0007178501946661578
0.0010377250822119874
-0.0009912853404710734
-0.0018458984388502401
-0.0004927921436234125
-0.0009729680395016084
-0.0025500082646274557
-0.0002786734840498356
0.00076236556890878
0.002451387933631697
0.0008740694613783276
0.004910328215453138
0.002250728655244084
-0.00010093527699447762
-0.0007286040480723088
-0.001097560617300404
4.844637754647179e-5
-0.0019921174105192486
0.0023513046738612743
0.0011819639523008418
0.004125948431142565
0.005346768311955611
0.00908313334124667
0.0038556593751888275
0.0005167946212081015
0.0014410569043609247
-0.004363885028599566
-0.0032372483230908708
-0.004025168707951912
-0.0011126748322285796
0.0012205665727086884
0.00572220800712179
0.004850392299186693
0.012887734445920215
0.01602352312379115
0.009421498410037163
0.001074490835581651
-0.009218173029511372
-0.0036335553380205735
-0.004013453908018965
-0.002027390181823003
0.0003721962156720415
0.0018341002217725192
0.0009092146863508898
0.007422961956615699
0.025413772121519004
0.06429549559193565
0.007688262844902418
-0.0395711314125587
-0.018553438526425565
-0.014472881078466822
-0.00635771104390825
-0.00609265482477522
-0.003537410378472522
-0.005444163013097582
-0.00512569876918207
-0.011968947101775563
0.04020892241872088
0.273710358180952
0.074539829172078
-0.07155739049912505
-0.04104373882679221
-0.016887560025040143
-0.010413123382872806
-0.005452521287828348
-0.005192483866635482
-0.008598676214615223
-0.019271268564703483
-0.06337029413138505
-0.3827189690462438
-0.6586207049591362
0.9680293197655676
-0.042363159978404404
-0.021689818473388734
-0.017546436414116864
-0.009567086791160431
-0.006558233570595646
-0.003693763411780217
-0.012134981836330192
-0.01824359369539913
-0.037202225692947205
-0.04173346874501284
0.5200194098319642
-0.01983483838143284
-0.007826915619379959
-0.005533793040441932
-0.011492905363140928
-0.008868936722115148
-0.01030234501528521
-0.006845832776000987
-0.008485744015398073
-0.007409813380929961
-0.00666424578919201
-0.004185266634377888
-0.00797048763138779
-0.004547064520577826
-0.0060029518523072485
-0.010599235435661186
-0.00891104809484359
-0.013510719210528033
-0.010369472044198474
-0.011532840029392845
-0.008577880374785206
-0.009471439367885819
-0.006480126350973308
-0.006631953186436193
-0.006162543208013238
-0.006626129635649994
-0.009047871655829862
-0.003169457142660756
-0.023348567015062677
-0.009852108148369478
-0.021966090811566287
-0.011791873168072101
-0.013609280877846054
-0.007761770036311566
-0.008729031304742946
-0.004593198956513781
-0.0069588213229436185
-0.003948639663591931
0.0018015094647356672
-0.018009945105079257
-0.0256784503337283
-0.03374715678800527
-0.020093716410781143
-0.020885687936650264
-0.011695382879785299
-0.01108115363944773
-0.005505310056777532
-0.006962629474760205
-0.003394201863317887
-0.006320650077065211
0.004128296007708805
0.026577332251643493
-0.26536678460558155
0.026017988170927465
-0.0449513172498736
-0.013767283455541717
-0.017087814326698942
-0.007415035794364139
-0.0067472648783356666
-0.005277242302610455
-0.007108815883534111
0.003876220811585929
0.035055894606719325
0.3111630988237305
-0.09428515886647287
0.5542221230326713
-0.007034502475380962
-0.024592655278839148
-0.011391417475840956
-0.011525244236086633
-0.004958670129760692
-0.007050658750195999
-0.0018745314925265833
-0.001967986136298295
-0.0035470903041656208
0.07248837282775748
0.5690504611251053
0.025097327385187294
-0.030829197866951312
-0.011071006049163147
-0.015801984699865792
-0.008791643086484911
-0.008061318657900118
-0.0052060230865281516
-0.0071455535862679845
0.004409155471731451
0.0015022639104224794
-0.01643763445299134
-0.017542963374610615
-0.028956350789630426
-0.010699157727944145
-0.01736856953214203
-0.008071374919438764
-0.01001109738523671
-0.0037091269347775597
-0.0054172762248402015
-0.00400856860452214
-0.007362714608183549
-0.011481333911518635
-0.011532027444490108
-0.026965256052215423
-0.009998627885981614
-0.018338727729269658
-0.008899086570514489
-0.01065971533111568
-0.0070776413479881175
-0.007696183153521386
-0.00411105079297777
-0.007146492999230992
-0.005069970605341384
-0.007289415183213543
-0.01287137114664611
-0.008389560411978832
-0.014384000397066922
-0.007833420052632588
-0.010096546584582753
-0.006956485849632142
-0.007434963316583398
-0.0063010212535714455
-0.006364536988799523
-0.004490942725955005
-0.006901605240679984
-0.007278079191719225
-0.007622982657792743
-0.009572751739421976
-0.009145515346699811
-0.009908832718670239
-0.006590011669418381
-0.007737379668127097
-0.00641839569410048
-0.008297967308627573
-0.0047599140898828
-0.006400714310315857
-0.0057003450031176735
-0.0064045585764660766
-0.007423220011840679
-0.006768592214781829
-0.012598460132341132
-0.007860609324405977
-0.008874930047236084
-0.006538558687598443
-0.007791275387220573
-0.006146975611502109
-0.005261193321953693
-0.005542919446943201
-0.006954160392818043
-0.05009963463900264
-0.007943710642141034
0.0002043301500943373
0.008796031125796664
0.015553718548943555
0.015856368644992416
0.01430906413550933
0.0071049112687055676
-0.008703227257758215
-0.03554623207346613
-0.07184260211707837
-0.08257042068845304
-0.09261870338727235
-0.05297282863400805
-0.008840670832009297
0.0016054637225358904
0.011417523997519457
0.01109657856262572
0.010829330790784731
0.0018760856803812739
-0.0284709664509763
-0.08057221757358014
-0.16274359489131554
-0.2715190488107367
-0.2231683694021929
-0.07567008613606017
-0.03660021262397842
-0.007176230749892865
0.004462978372797867
0.010670419684511583
0.008904392121689001
-0.0012412329292950442
-0.03753018779333394
-0.13316489045703245
-0.19621026979186565
0.2892689985841263
-0.18564868950081223
-0.12466906467764227
-0.04132080206743357
-0.016885993013818035
0.00718542655712948
0.01104910946383412
0.008535007799186275
0.0032801372390923855
-0.012888218740485829
-0.07879967971623832
-0.5544505894316901
2.3504101410488496
-0.14017733020866263
-0.06476335276761185
-0.03054460477026937
-0.003998343836524572
0.004779338775519514
0.0134117550789414
0.01108741619157265
0.002892922434268918
0.004313658363226251
-0.05331772285304516
-0.16636579659974918
-0.28745704818937373
-0.070460584725444
-0.030204301716360866
-0.006543861270221861
0.0012118707247037882
0.012080128836572487
0.015157062781660641
0.015498939787656511
0.013628062417221944
0.005495687139095006
-0.000599327808887874
-0.05969300421559408
-0.10627241909947521
-0.014970517210784018
-0.00034530832834495095
0.004729438159301383
0.01251449648561886
0.015301189379082687
0.021307890151119824
0.019309636556345933
0.01974910966310446
0.016626566929349537
-0.0013939490175570463
-0.014909659662115275
-0.030961482374986967
0.006228587161172755
0.00897055236638974
0.01567002266656926
0.016470392882086717
0.020619110026103234
0.024568308559149724
0.020327448582260224
0.020944764735495388
0.018756156243010386
0.01317844439129507
0.00040640647624129445
0.003890359794446531
0.015128504187040454
0.020200826137217763
0.01718329495512838
0.01998043472334706
0.020541572049081892
0.02505940018224178
0.02297309317316973
0.02284975743131971
0.02254085948569557
0.020675789427958006
0.013588915010817618
0.014420454743380866
0.014768556720635938
0.015718200477327797
0.017091292495257943
0.021651049894220283
0.022409537470421702
0.021470454908737592
0.02559075843862825
0.022423924072218843
0.02170246711595778
0.013110839373854637
0.012590752990245467
0.012248718474559283
0.0076308324989102574
0.009497954748231284
0.015022502732333812
0.02005758059095778
0.020547162336283096
0.017778107197588253
0.02498428695954049
0.022370340311178797
0.01629784554972786
0.007970680053894695
0.0043025918078586495
0.0032187534329234705
-0.006213536955440535
0.0009876007956219207
0.012025827313231586
0.011938169136262097
0.018498426379084044
0.019104041861092904
0.023685624494939973
0.016466957379385944
0.0061870586838074495
-0.006743450608513351
-0.016720206264560458
-0.028409356468486083
0.006827501247613339
0.004398061559948532
0.0072340924230322205
0.009956721576706764
0.01647316390954368
0.0135063003302026
0.02536245546433339
0.014172807425242743
0.013957863454015665
0.007090706715733959
0.0068106920463529095
0.005371618118554919
0.004242835759438245
0.007123401350877354
0.008414573712322584
0.01767083271577327
0.021247632710650055
0.031153496613731173
0.05591452570936714
0.03485186587936716
0.018494253391110427
0.013520385391089386
0.008229172195117063
0.004840009365576397
0.0035535153698906074
0.004285804690393452
0.008669527613572104
0.016005037075305636
0.038459038065633076
0.11043165989411995
0.5351267141808865
0.022828531653341987
0.03751311593332448
0.008594631099741904
0.008078495795218242
0.003128325008852784
0.001868442559607254
0.00015586331900020473
-0.0002074032741570237
0.003153746733925087
-0.005409698902444489
-0.2580099725035347
-0.36275527354935355
0.2197243679643717
-0.0013208115468713087
0.005931958970794217
0.0028232301254226023
0.00415426182322401
0.001594674296495414
-0.0019128290415168175
-0.0024421275105410813
-0.01716910765335224
-0.03681754396730774
-0.12123730097029127
-0.09647501188863342
-0.05788625311912568
-0.009962613747490022
-0.009113192162231365
0.0021119907098977133
0.0029488429229197768
-0.0005636334570677132
-0.0018571319791130195
-0.00794923947692649
-0.013480890807370381
-0.038897960156009825
-0.07472643736983228
-0.08488323175954723
-0.03390137488463679
-0.02448721935023058
-0.0030905554033952344
-0.003935354443219494
0.00030214091527811345
0.0017597491782568074
-0.0003188474667543784
-0.0025726875121889242
-0.010939705400928512
-0.0177828980899144
-0.03701197579781178
-0.03168269947754334
-0.026399913717877522
-0.011798969287113211
-0.004408075421056604
-0.0013606306200174552
-0.001018526541763252
0.0015534118722973507
-0.0009043966792117956
-0.003567484826335749
-0.006577869613403164
-0.012180506468503606
-0.0139110695101787
-0.018198554530050752
-0.009843304164429285
-0.00870402128906514
-0.0017003800739452224
0.00048255137545628467
0.0015657906307759417
0.003562279245681567
0.0020108215257966097
-4.689187672513688e-5
-0.0025867339580721476
-0.003343080008831481
-0.006370314123844886
-0.006118950105364042
-0.006186121838448629
-0.0005330502670075177
-0.0006347689127599174
0.0018427657887368559
0.0011046171169783155
0.004353126104746021
0.0043968332386939805
0.0010446639951539015
0.0004840823279044076
0.0005063123217954415
-0.00026560808269646716
-0.00021592081870722547
0.002286415062102897
0.003017993710895915
0.004143014869380544
0.0029414604475584078
0.0034525886071385616
0.004602714467976147
0.0022786470158871804
0.004821381117368244
0.0019385329686620924
0.003852254398404739
0.005160404038728984
0.00796491682900112
0.0060782156177687854
0.00694020227759225
0.0071114645471939
0.0037069146128705516
0.005815341982264806
0.006958935610649359
0.006749090633230022
0.005690735130507322
0.0073740292345513695
0.00831074852857646
0.013019709562402379
0.013371945854655065
0.010528608744871323
0.009167556404994736
0.008566790120016689
0.004900902016057718
0.0076487214376767644
0.027519008855774664
0.01790515378424631
0.004491205550936777
0.007345780871222503
0.005986912809831316
0.013740494986646095
0.031425877072037735
0.058301649862051184
0.09937676594085824
0.15774712096067597
0.14930524573800372
0.09412820156017077
0.02365685397977311
0.003067922406028511
0.003683255399839927
-0.002033307641721275
0.0021216495821716687
0.0066221570773530875
0.016285556874817423
0.031683714631139975
0.053517740923207796
0.06273832381215863
0.07747692274611186
0.03692012613031052
0.003381587900078052
0.0012089766167887206
-0.0048422837677257165
-0.0063212546623178
-0.005415943679297915
0.0019806948583314258
0.00689331524758932
0.016512068494310823
0.02466752662199152
0.033681844804253194
0.025081469860513326
0.020387760551819154
-0.005254169777862002
-0.007180581859212516
-0.003846824270555225
-0.008147376106859897
-0.008046838771697517
-0.0062255795088850645
-0.0042889001981970465
0.0004642493681385682
0.0055758887866689515
0.009441205303485503
0.009708760573628074
7.792636295167892e-5
-0.011531114826686251
-0.011458021886269076
-0.010504101516128404
-0.009226940761889565
-0.012841322329800961
-0.00983404694399326
-0.00707196100736614
-0.00568899591929975
-0.007537241726242109
-0.004601942696805515
-0.006714484745616758
-0.0071621087283373994
-0.013068249437897275
-0.013310296297651354
-0.011943963811678459
-0.010459516422927716
-0.009617619269873602
-0.010628008795614728
-0.009243052214022293
-0.012052902214475813
-0.011510904643894784
-0.014443597033279642
-0.011854492459211786
-0.016613633014724533
-0.01908444554106221
-0.014889560842416508
-0.014819660382391594
-0.012406736496367149
-0.009636418356991965
-0.00870641280235173
-0.011512034592687561
-0.00942858535749178
-0.014657649901067956
-0.015979015040255357
-0.019095072027849394
-0.02198007304413646
-0.018171338586020158
-0.015688044816433495
-0.011288112093483588
-0.008802319818233794
-0.005444702697958948
-0.008625559442052668
-0.005879048397797809
-0.006774230066014718
-0.007820126886412013
-0.019765749947937943
-0.026272663789233763
-0.03539218093015426
-0.016492806219420657
-0.004299599985051321
-0.007357974766814221
-0.004870116684772804
-0.002796719185634202
-0.0009031313323658115
-0.0008846975745729437
0.00733638866852992
0.004818023944415616
-0.014272115722332054
-0.06201580298251438
-0.023361432528877447
0.028533181549947245
0.007950594949445763
0.005594980423337419
-0.0025642910963673336
0.002578174268122323
0.008271037824289756
0.01824998982823127
0.042939975631870485
0.04655357946517979
0.011148515015655181
-0.1188844934147151
-0.003293152456624286
0.07772369570380253
0.040063052903944074
0.012461462902920703
0.0061399445467384215
0.007307157257427187
0.01943580479650214
0.034326954279018954
0.09613309240432652
0.21820802608769946
-0.44536369353744515
-1.939007422638751
0.22307621904846134
0.07570046026547485
0.021806826153832223
0.017093976400363625
0.0065322969927452176
0.010133220428199346
0.016623566581529095
0.04329520360451494
0.08178354449106233
0.16674840114951564
0.2817212454083169
0.41046785815911313
0.11594140404701561
-0.012275682781514363
-0.024494586030362486
-0.06883723532248934
-0.08902648973924332
-0.13064234555594273
-0.05512824639631724
-0.021499493699441246
0.007466934801629649
0.009880161191104509
0.01285029667426745
0.006222492802218309
0.00033468016967566985
-0.011827302518367373
-0.045229303532379465
-0.09299843571505004
-0.2037749479753328
-0.28380917406459333
-0.1734911947237158
0.017061335630298588
0.01384658667307079
0.02129570273595135
0.014132019750547606
0.009815532881175334
-0.0032347576685358647
-0.014095275836120842
-0.03108925499929032
-0.11577196525039993
-0.37436632997881997
-0.7233920289244429
0.45955119821517665
0.08470251406342781
0.05640642781980832
0.029879641154216964
0.021696301338591486
0.009964783690535804
0.003783342270191125
-0.0006969773054485102
-0.02093535776516637
-0.01628841865877864
-0.025587866578748956
0.21389558727411906
0.15390744803778708
0.09864321268260674
0.055449856884712184
0.039675954230067506
0.020206085759468785
0.01293090815182505
0.0029272560243340283
0.0018330276530251783
0.002158667785651803
-0.003765019376851391
0.028291812987547415
0.07156012296242907
0.09328870629420927
0.0693211069093461
0.05505397452466517
0.033405981135393795
0.023581184918674742
0.012753619987753085
0.010256725690764912
0.009608761477860986
0.005504823662305443
0.013354502614357135
0.0184076595353223
0.0515750879936789
0.048699214360453026
0.051169876765255765
0.037677844884480186
0.029751281388449787
0.020542023592246966
0.015466184622403126
0.009831477251021984
0.009454389813509068
0.011412733843810289
0.011505879570249698
0.02190126991404922
0.025863139276841876
0.03380689983795878
0.030210325226929284
0.029327848003923202
0.02196922488423576
0.01996803596667027
0.013650577218793519
0.012350608961891005
0.009738386889248095
0.009049003029572433
0.01195024049647503
0.011660049221657453
0.019599941695996895
0.01955887587144202
0.022959575704352576
0.0198423270654487
0.019839734810166314
0.014955828742540075
0.014086602531768333
0.010228836967402403
0.005885216177653451
0.007566099161197329
0.006057934683662889
0.0083425249318204
0.008932527661178932
0.013306962650106738
0.012698170390523456
0.01501152706937571
0.013071438253111222
0.013098986009488245
0.01056039858166637
0.009428376955850077
0.005160872049999459
0.00014599835668805674
0.00026033446861939376
-0.003592572176454986
0.001818383409763106
0.001519814424583096
0.009182483994454855
0.008587993930198571
0.011505030510563034
0.010353471411447965
0.00907869690123135
0.005714006888982348
-0.0008376915965537545
-0.005015485956951319
-0.015123779756469018
-0.01308565217263327
-0.019842368153340065
-0.007073035051865029
-0.001274843947516739
0.007710483622172556
0.00721174657845378
0.010334161236976279
0.00689709944394084
0.00552408452348899
-0.0031410506134181954
-0.018798236912174884
-0.026924132371974364
-0.052170855240026404
-0.043527613954117826
-0.035599336289456475
-0.00317132983501875
0.003392057219435859
0.011350067556808964
0.009061500814790046
0.008721127385939957
0.0014358324360348907
0.015429585033640137
0.012980911057862381
0.002228424120788998
-0.0034527786677290367
-0.010648547150301687
-0.009536068087312761
-0.003983101395278365
-0.0023446494353163132
0.0067970258013914965
0.008276185534299018
0.014069410595825043
0.01722116079871141
0.01570153602167208
0.012892383643140737
0.004961100864463464
0.0007000287098964617
-0.004890916311430201
-0.001806584977474119
-0.0027340268274078294
0.0026212462637749713
0.005138652701534437
0.009551800072587362
0.013411179853213318
0.018021527089223714
0.014132336823121878
0.012934592746354482
0.01030448115183669
0.00471505742915093
0.0008257225319295929
4.763459518617938e-5
0.0029372971457200863
0.0018237270032823401
0.007742031903767427
0.010143660053998815
0.015821162409871095
0.01653965328928066
0.015992573292167404
0.007691792473208678
0.007148085597110548
0.005021537584991536
-0.0039012427246111303
-0.0064885853231407935
-0.006173498145593461
-0.0006918724454818539
0.004527839427048449
0.010755126762064521
0.014600300862853202
0.015646168091552455
0.018518676594226468
0.017356354238282745
0.009322256431306571
-0.002968723204795928
-0.006386571527291703
-0.012580941844536508
-0.007944555784128194
-0.0026202035417667493
0.004601691777767005
0.005993326753724857
0.012013480117124348
0.015590105968134907
0.020616691079751937
0.019567415220992857
0.013688568751838852
-0.012136971713980814
-0.01970337078625361
-0.026787626887875757
-0.016655435327984858
-0.00605062434579911
-1.030946368307448e-5
0.004954443979397699
0.012689549477514555
0.01811146842687886
0.027492780175588972
0.038907301581262814
0.014127651851943994
-0.08440543354909187
-0.0919343117505632
-0.06059623339734234
-0.03359489459313027
-0.016846293215636007
-0.005048114384556228
0.0068599892958844146
0.014036281001907763
0.022886674521853913
0.048154302630950684
0.07376028611991035
-0.04170461529424267
-0.6311698246396243
-0.18164618892979723
-0.1221853475646494
-0.05938009802349935
-0.025571791624716227
-0.011107100351092847
0.006077691474798158
0.017425870923235057
0.023484840079258256
0.06599619744949693
0.0771333133185444
-0.9783667744602009
2.925185226679196
-0.44918988113707364
-0.1333688906056683
-0.06505214848300649
-0.028686585921960685
-0.00635400860023993
0.005655247508202842
0.015441593959259578
0.03384464811769171
0.04357325795951837
0.03384976190903895
-0.002515677464086481
-0.40663987521600337
-0.12693449360927608
-0.08702140647563854
-0.04305025235728912
-0.019646311776486607
-0.0028817177860225246
0.007552774174108677
0.01462179483041385
0.026236154467140508
0.025959928327033355
0.027021866026805817
-0.016634735444133884
-0.08772258701503653
-0.08697276839044477
-0.053491478497051125
-0.029484362595682566
-0.011722634671955279
-0.0006355061916389894
0.005482904953748569
0.009567119375969721
0.022790017339042276
0.02133319475570195
0.015104392270922518
-0.003272158961252255
-0.027653246281952582
-0.03156906265353174
-0.02562913072396402
-0.013487462017287868
-0.003218414065356414
0.0026343973964452864
0.008731593434673366
0.01353889848514184
0.01794410474289509
0.011521160784513705
0.00792091150359931
0.006182584426703073
0.0048759722437877375
0.0030978891922922615
0.0025184456568338623
0.00295773301202575
-0.0009228949695240275
-0.0038232022060012485
0.004790967582252606
0.02362688275441538
0.007565750692221812
0.005134863231477567
0.00720232788070424
0.005449723171600844
0.004693120713885809
0.0033580860809908036
0.003977125641075484
0.0008875259051461547
0.003881485198746068
0.0035309007089625406
0.0065535333003197745
0.007552354772371002
0.007907193347550795
0.0051337622856456565
0.005437791329570653
0.006846973565626296
0.004766979694957077
0.0035970619601351293
0.004571468686625402
0.0036449039932798374
0.0003230629679055098
0.0057668324316208245
0.0032058268036540393
0.007170627574161747
0.004450531227749754
0.004584581884349169
0.00406696741358132
0.005314314080660819
0.005202981559978222
0.005319988233778143
0.0062036186373936215
0.0037506679341430278
0.004820054247663518
0.003927050456431865
0.005920051062958899
0.004289057432203128
0.005327056695041318
0.005901898604639305
0.004843431635602084
0.005302186028961632
0.004084106491275174
0.0033600236407937255
0.005034731124517104
0.005283470576778288
0.0046699661987893324
0.0035093712867372675
0.0051454372524640316
0.005665752371204276
0.006240607071923296
0.005664351280271141
0.00597821664857721
0.0059822646270049
0.005365879720451388
0.004507397194461242
0.005744084085442355
0.0035799704560144
0.0034683841907817924
0.00515179166299958
0.005961440433405218
0.004121696351648569
0.007590224879362886
0.007752382824793737
0.008098030641989249
0.005755691531061481
0.005934453999067986
0.007822581527186845
0.005454019165987956
0.006153576298090908
0.007516112444118168
0.008093552079445065
0.008013518694319386
0.006912444903242821
0.009237933462129932
0.0096850000459706
0.008848774316840584
0.005863986172796819
0.006109478977064403
0.005876788587011767
0.006547174674308371
0.006490247142289946
0.010729009221183458
0.012903288811002448
0.008692340256750105
0.014292445349915833
0.012773941344738434
0.01651050256159794
0.009723276015623988
0.0071033559066054925
0.005071555231812457
0.006554624440672477
0.006443533226531021
0.00889521462303473
0.02249339592340609
0.0268842626587022
0.009071064373174509
0.03226037920749885
0.022872737120801453
0.020887315752124377
0.012163783104221094
0.007002818673802976
0.004963928068052852
0.005034640657718919
0.005439012179292709
0.0063757324953858914
0.052712435563735865
0.07611933110337499
-0.09653597141477466
0.046563108410888475
0.03931719255976653
0.021922516871176637
0.01157410028437514
0.008355707729929641
0.004625939105749259
0.0018135190423850802
-0.0002488501767435806
0.0020344657534370533
0.10832218573274449
-0.721740860662956
-0.5648354709181285
0.1776334173276196
0.04692125975968588
0.013918997926323541
0.012448240286289833
0.0080915956241738
0.005190958405132804
0.0006407446818385903
0.0009608348522421935
-0.0008721692581384291
0.010026119415413691
0.09792769945254379
-0.1564879544912913
0.05802528593308415
0.02352837940855545
0.010593073786216205
0.01241464627654557
0.013915409794142906
0.023273509699655668
0.04793989686605286
0.10411714841189168
0.04960220211844427
0.034069954176398
0.016505255699970373
0.013025809028755489
0.00832958542546957
0.007252505894422359
0.007467672959221055
0.006229762551527952
0.007283844491157891
0.006708144061386669
0.055721836020821376
0.40692489742174487
0.12620848936625595
0.023322586114417575
0.012681762479644148
0.007368748924966301
0.007028097181262559
0.004843094568276676
0.00512988875355746
0.0008093119314369738
-0.005994151375293735
-0.05032807026983434
-0.4728615955676569
-0.36698612605033154
-0.9954961849497322
-0.016698907199068223
-0.0063066870407066265
0.002908306995804578
0.004211707684198338
0.004901032786895644
0.0049182375028479774
-0.0017226844668666343
-0.010747887974039435
-0.030813125039142047
-0.08014941295385357
0.48372782683152926
-0.040652474362220234
-0.012237088806273541
-0.00574719731760392
-0.0009836436361429627
0.002871147323091131
0.0041882546071545556
0.003079244821245747
-0.00039919446107223927
-0.005524908294399223
-0.018100156325046017
-0.028305734770163054
-0.025051965646643973
-0.015004928807144425
-0.012109180841174553
-0.005110813841582844
-0.0013611153623166554
0.0021915476245909786
0.0035819069066643848
0.0048838078604160244
0.0029469039002833182
0.0004333679863165054
-0.004719544741604094
-0.010401123063601532
-0.01095309392921382
-0.00450560217239032
-0.004417621741364585
0.001247403479930069
0.0021819030482485074
0.00511197208760637
0.005937402911468095
0.004397700993854478
0.002754116681971596
0.00206532839082768
0.0014644395600815641
-0.0018536858448926238
-0.002672613845366928
0.0010856734004280402
0.004139657994835772
0.003927674865558788
0.0061182580857912046
0.005371306057178106
0.0071485007485519916
0.00526971017325809
0.006290944593943958
0.005351535251027604
0.004493552940503323
0.005067704495695953
0.0036940155266097976
0.0056169719099748595
0.005747641808550732
0.006311858639248731
0.005301363536618373
0.006978675330492174
0.007077358394990754
0.007902150986566919
0.006169186622155199
0.006545421407475424
0.007629762046086038
0.009165132447703467
0.00885960580612233
0.009350674318271225
0.008893022144570622
0.007881286551322106
0.007117978663709091
0.006582111460843973
0.00957967739821132
0.007774515528754715
0.007320268052456121
0.0078122805246055305
0.011025423336812855
0.013206907312858314
0.012947602655382097
0.0159812983603818
0.011428306178038701
0.0117857812616468
0.009401283700105172
0.008497568327587213
0.009041701379418949
0.008452833974886458
0.01119687102914874
0.011103742285904036
0.014498584250551595
0.01861535257884701
0.023361029506444378
0.01921017347956128
0.01685219538964536
0.013396983279716137
0.010267064148534842
0.009670306614119085
0.00979994737518456
0.007826023971899842
0.01051260831648738
0.015871727490396996
0.01887897880337852
0.027993201013326547
0.03964875124185867
0.03063934147875214
0.021972523588352506
0.01814414498639292
0.009741585742059517
0.008509735783121804
0.0064907706676144705
0.0010346564057776035
0.0049877118838639965
0.0019269521966400343
0.001464269998532321
-0.004204644311394833
-0.005149016035064547
-0.023478524095657666
-0.022655240670644644
-0.04556689580051095
-0.024654433980697377
-0.01819418413458996
-0.0005931116181640136
0.004371191309890153
0.002526090074547894
0.0037593412541096546
0.00016317774907108112
0.0004928298417606083
-0.014254267418342677
-0.02940272419464162
-0.07456448391666248
-0.005465992947055001
-0.13502972147174164
-0.016839793400394137
-0.01037478507968979
0.004970465079261241
0.007352770316603276
0.00304668246060108
0.004255587388169818
-0.0007247737655383325
-0.005336357497199152
-0.046634206738113845
-0.325743716808043
-0.16144962261863574
-0.9342970817221563
-0.026200830265927504
0.010138534510722262
0.015074309745290107
0.007246475363863769
0.007522502337425296
0.004345959185526084
0.006442343541123622
-0.002703800854313571
0.011657140981160531
-0.021497361398520914
0.901995279183282
0.051370909816754656
0.032090382264858434
0.01525086260275207
0.012642138744756991
0.01039519173520813
0.005063206447248934
0.006817932800290684
0.005681165824109639
0.010415162918100766
0.013487948050744826
0.03916209790691789
0.0665634624622314
0.04790581495629707
0.0324788916034337
0.024183825067282977
0.013021035041925616
0.008118576182702652
0.008091545747852525
0.005573897666643544
0.008830795493218477
0.009463440143190996
0.018739453227601607
0.028394560224172243
0.04113497255984356
0.026706762344706644
0.0287724017751636
0.016007714721381336
0.007879849838712939
0.008410394725762233
0.005907763730632672
0.006641825724147027
0.006785592532601114
0.010186714141778597
0.012494880384195328
0.019041685570657794
0.019806210970969528
0.020806794117109523
0.014607147937127312
0.013443927903183219
0.00843321857746469
0.007122852008991566
0.007885888632633812
0.005061654530842006
0.005745462255089214
0.008209360719207696
0.010076766942779994
0.01056046350402612
0.012658641503705922
0.01213056843807767
0.011422478300764562
0.008255880273606754
0.005590336256716084
0.006834453067872158
0.004593869716817327
0.00454531235452577
0.004002721023924875
0.00656765602622433
0.007078122606145957
0.00695759293664903
0.005832574524223776
0.009784469305363894
0.005242364739221935
0.006883841250856093
0.0055909560721910286
0.004869184837640954
0.004039983371810376
0.0023347573165670935
0.004212282737508051
0.002954395497712646
0.003777835686617505
-0.0002742028812892308
0.004440232093652358
0.002446556528010573
0.004722239829581638
0.0026505231855699484
0.003425170976007719
0.004963256795532102
0.0025082910544062483
0.002614254166546841
0.0018951861913645885
0.0016262395102443312
-0.0020872008288128907
-0.0020091150410812423
-0.005989718943477492
-0.0005763777585529254
-0.0007616742346180626
0.002899508492143682
0.005170458449006128
0.0025018017864745206
0.004953880352557083
0.002077824170836127
0.0024617572814197397
-0.003987469520507641
-0.00480722422599023
-0.017209484111060335
-0.009438471390709
-0.017236456163305533
3.0934256038345946e-5
-0.0018023016925517608
-0.020694971013400947
-0.015718066187578414
-0.014772340591719094
-0.010076089983633645
-0.01313230858586877
-0.013172968597443876
-0.015245744540443373
-0.015579895956246571
-0.018991610227517833
-0.020545825481655174
-0.024263677493524576
-0.02190657931909784
-0.010650928700563046
-0.012311634022407555
-0.00777805836429788
-0.01024291583957353
-0.009206802070580798
-0.013124453869328404
-0.013029391194658724
-0.016705965230222393
-0.016555476664967213
-0.017993341443122004
-0.015557949519504838
-0.017001671338349348
-0.0046518229968446475
-0.00036448543873055135
-0.0050530423998586425
-0.002156507724282511
-0.00821986368510609
-0.0086230093220603
-0.012125163818255855
-0.011279984295334262
-0.014193971682046955
-0.011841286574881007
-0.01408041684068919
-0.004669079852004506
0.015857313929287294
0.00861754474719662
0.009013785729404592
0.0009109701479077352
-0.0008034041788239126
-0.006970166330696095
-0.00822161020610643
-0.011884422553704322
-0.010136296648637681
-0.010764642711261903
-0.0021948413124004726
0.0007176596560975735
0.031697301118370075
0.04532169038449177
0.019452827531728945
0.014881514799074179
0.0007179759973019173
-0.0032358807436961247
-0.010716417746545916
-0.009464700681667767
-0.012367569896368757
-0.0054043925082347235
0.00014060151825556657
0.028510888407367003
0.13114845308729273
0.07615712088543411
0.06059590924395712
0.022470247023090053
0.010758834728960241
-0.0038042968360422393
-0.008054832673501414
-0.01326186183703317
-0.01042445973159414
-0.012269714016380938
0.018208212896330622
0.04544452631836368
0.36677070765399106
0.18921845530101108
0.08780906273611482
0.04764208871893845
0.011398396775071795
0.001080101692556298
-0.01113818456628457
-0.01421794594283539
-0.023156211742617543
-0.010896591314212513
-0.018173247484423692
0.11436586289292013
0.7467576502418265
0.4187409722426865
0.12364969144320011
0.034544003623346364
0.01664590843106878
-0.003968258000422714
-0.009464232168170775
-0.023066852100860798
-0.028510581750595735
-0.05251202426439881
-0.08143797132539314
-0.3035891159909524
-0.26027744626996413
0.11924800967698235
0.03992499217291563
0.030299123184385705
0.0036800254718316
-0.003099643920087252
-0.016147158379897768
-0.02293066317237791
-0.03958133330709069
-0.05390815144477181
-0.10094636543050851
-0.20819032663756745
-0.07305456372658736
-0.0065469962924517774
0.014615318159766053
0.0007728751626554191
-0.000654307650275434
-0.010461568068656288
-0.013682877325901725
-0.024875648105358947
-0.031424945137374566
-0.055165779109193874
-0.06558780357768375
-0.10157843685067558
-0.052083159792795965
-0.01170537640822425
-0.013665068343054228
-0.0045740040612595855
-0.009454812868736692
-0.01205857972658919
-0.017094283818214574
-0.020416385567427038
-0.03083556424752048
-0.03539002365456775
-0.053600700589107576
-0.05065076518639415
-0.026292189183890473
-0.023381200274865212
-0.013121024722277054
-0.013985589740297216
-0.010192099307575645
-0.01526773156799924
-0.015437036691669015
-0.020232773118415055
-0.021698780766399965
-0.0300237294513781
-0.03082761068809528
-0.03875609116728277
-0.00380312592417539
-0.0016405186771404814
0.003687910806074543
0.0038665185356494512
0.006923468334517368
0.00238897318163755
-0.0035361850366956793
-0.01356090953801163
-0.011326658748453396
-0.011640033405349477
-0.007769026296232493
-0.007870568011909803
-0.004059624633553611
0.0022158739853818396
0.007541274425348169
0.015316787450201094
0.013788909465285144
0.023264400797427556
-0.009183693630743174
-0.01576001325108757
-0.019799845864805935
-0.012695565590963251
-0.010727803432933853
-0.005417845580078121
-0.0022416131869140267
0.0017466379520646614
0.01480243320578869
0.026188444975496286
0.05518074306539789
0.04853873036596417
-0.020270869069426472
-0.046383184018196515
-0.027134884458899097
-0.020866166034548186
-0.01175517112486819
-0.009849349670116735
-0.0034160648541845823
0.008202583816054087
0.016829812584474885
0.05976734546274854
0.11953795307307487
0.2491497216769717
-0.2022393796318744
-0.08701735818310746
-0.0564658807353492
-0.02611645486893041
-0.01906758024682455
-0.009716268658829599
-0.0016844740920108825
0.004468223768496946
0.02383012477969614
0.062136185991108844
0.15502306766156543
0.701501059509539
-0.5218172281415533
-0.15595657866254828
-0.05916137773967205
-0.03598911703382836
-0.01744532989717021
-0.011028950013575655
-0.002021758685984953
0.005741321714667092
0.007674466763630972
0.02502845019448593
0.01988424853898245
0.7613547204771282
-0.1255970587598799
-0.06262804200538061
-0.04952073165396015
-0.025858799047539148
-0.017047824802355296
-0.00630959870158722
-0.0019339158490625035
-0.000929123220198605
0.0067010440466429505
0.0035389470836083574
0.007893209876637405
-0.053373314092966556
-0.03546282158715458
-0.05068322911044194
-0.028220256348089067
-0.023775404779571453
-0.012618919871775509
-0.008815805995630505
-0.004694619772753872
-0.00019108056441944558
-0.001503333419888828
0.004996020907745645
-0.0033027441512050977
-0.008172127849905132
-0.029441504570244192
-0.02081895048239995
-0.0225625590064136
-0.013432063053936115
-0.013855442073475053
-0.005725785704367577
-0.003188600657892371
-0.00394704931300785
-0.0008180865660290677
-0.0023535072759747182
-0.0005208300391254954
-0.012218522532044649
-0.012272480695183927
-0.018145171023463292
-0.012860869041358448
-0.01247001392493583
-0.009805940424083736
-0.007239661233849571
-0.004586820849565159
-0.001402806929638879
-0.003297929737271398
-0.0004901248053054688
-0.003852308158238723
-0.004350909501223138
-0.011849411488909984
-0.008589309392775668
-0.011071756685865897
-0.008754748520144049
-0.0092118534238063
-0.005361905664875536
-0.0050424803259775264
-0.0025358165813583406
-0.002394956329491042
-0.0032054111098451248
-0.0004233472151738687
-0.004996670360575996
-0.006923453221757651
-0.009989597468931516
-0.008676347095130989
-0.008654569018085749
-0.007013179602686476
-0.007544526546844486
-0.005568190964231135
-0.0011989858568026866
-0.0025004073455735685
0.0007035765887811955
-0.0006488346320958257
0.0002151244008695499
-0.008041246461747552
-0.008338423619876736
-0.010675533009656568
-0.007976843673123298
-0.007275851306039331
-0.006031511999866621
-0.01354089998149538
-0.010232761707265921
-0.0022276346047382083
-0.0009825792379643777
0.007508286551645576
0.011646543747857074
0.043097504096305916
0.07070719021588653
0.1303345327364876
-0.12984255822667878
-0.06173318647453191
-0.03870372638244044
-0.016133614234509458
-0.005233308741755414
-0.0035989107828777005
0.002299180727084486
0.004068690994500622
0.02321733616233182
0.04482566629339095
0.1556957946214925
0.47423919344963006
-0.321933928743213
-0.09709345722726301
-0.022703307747661057
0.0020194553055411625
-0.003491121965161941
0.0016852821345260183
0.0019190911137699778
0.007491706836377808
0.004166627128082165
0.018032992886795066
-0.008548625474693929
-0.9916060085878775
0.3200972862868578
0.07633911197112932
0.004007880786935452
0.0017296759525600599
0.003246528960342384
-0.000925648984498333
0.0029733843397169463
0.00016687471946766355
0.008293889735501856
0.00342326657002528
0.018993513515144552
-0.01852873481949302
0.11716767419521361
0.031575825267979536
0.02118405121635546
0.007963275913056133
-0.00042542117311696357
0.002574370064552613
-0.00045985765595345045
0.003625866085749225
4.929175830765823e-5
0.01146060634092951
0.011861572573622626
0.031922758519945256
0.03289253753061325
0.03167533504598376
0.00907688055712322
0.0013471310002824844
0.0005847505282059438
-0.002477633052239836
0.0015791567949435164
-0.0007139260575487439
0.0034259337187034764
0.001375239110100407
0.010347140054577302
0.0073251176627009106
0.019697785668442113
0.008045513762396005
0.009310116138334339
0.0020688262252716266
-0.002197392466718492
-0.0007308240426157283
-0.0011130880238622892
0.0017446176791672343
-0.0003445667976615521
0.004776762393399618
0.000818339818705771
0.008535260232498412
0.0015309735545987013
0.007141114416994219
0.001150249963982444
-0.002181649020397621
-0.0006775777328795839
-0.0030309895803770463
-0.0013043710485466011
-0.0009117428781625392
0.000451840269609177
-0.0004870113639154701
0.003861970649761538
0.0009716813260284745
0.0008737852666557264
-0.002430846550985369
-0.00010003446937248387
-0.002913361085758039
-0.0037452491083604634
-0.0015837689457124126
-0.0030614252373715265
-0.0003106752990728412
-0.0009879366341354532
0.001595184746163517
0.00015048087922684317
0.0024386500934385873
-0.004158980486162643
-0.0022617648471033483
-0.00585860011699462
-0.007658978930701161
-0.004993141056458475
-0.0048951517949325585
-0.0020007524458404823
-0.0009697659344055107
0.0030033636743789054
0.0014880116998600827
0.004352895430078889
-0.0016473917970294255
-0.0036061179366963653
-0.011789427802214987
-0.007873356858265023
-0.007472334018201923
-0.006819941625616677
-0.0023981294707678368
-0.0011173521636262433
0.002445486341417556
0.004776772178310077
0.01034942634914622
0.005688170906988807
0.01073764828811722
-0.012547306956454734
-0.014751050653807838
-0.015697369371067325
-0.014332990587642019
-0.004836296926397115
-0.004301276901177356
0.0015946675353081456
0.0009709810527717768
0.011270149421480188
0.014168196564761471
0.03518835006673644
0.014010457994193785
-0.01643295036027173
-0.04087739407350619
-0.01810154768678389
