-0.0016722667956625996
-0.00017475389469957662
0.0007880433757642878
-0.0002480379551056992
-0.0003364445438776339
-0.000336405564610874
0.00021822772806336744
0.002726737945979173
-0.33396004606096236
-0.10460435274068154
-0.046539652283553605
-0.008058074315792493
0.01001970248285072
0.005350004316829349
0.005210729259306674
-0.009236064383152132
-0.00498102354964079
0.026291033188869613
-0.31153959863692404
-0.09689383723846524
-0.21808399963072927
-0.13212499949663678
-0.04028275658142169
-0.0035920894660128595
0.0004729871588592101
0.0032132409143008325
-0.00863340474020829
-0.008374516883060323
-0.007072112982873969
-0.21686220969254347
3.5833429719394156
-1.2282736691957907
-0.15297773054036268
-0.056164168638566145
-0.010709039448454232
0.003849008129872536
0.004021261795152986
0.001392958034726274
-0.005194842369227565
-0.04904846280615484
-0.09067703605965816
-0.14207914657129317
-0.015940871323485234
-0.15929214126011
-0.03839480885457567
-0.01085157464773547
0.013196536212869692
0.016081620774468258
0.012030526968020134
0.0053197497494636625
-0.004863537870811096
-0.025161754673806297
-0.08156409347999898
-0.1274262867202427
-0.16122284186500768
-0.07101188534814101
0.004468183117252875
0.004279785972952507
0.019431522447808092
0.02299049114846392
0.02087464137561061
0.018701301026317712
0.013371886706786055
-0.0030442427733588396
-0.018056970443454508
-0.02329472593857068
-0.0226064310480451
-0.017553133958082213
0.022539699418839484
0.03085727354210045
0.02457791525125954
0.028595431919027622
0.026643278429934455
0.03568616301615667
0.020232026999508126
0.017920270450296358
0.010253846953491016
0.012120201933010891
0.009508492847907134
0.013920231067804854
0.02429890151793663
0.030700609789112765
0.033104414515914
0.035164345116166354
0.030806131471968815
0.03133358924339469
0.027503292968382557
0.019614799737456695
0.025889436192415224
0.022071419493017955
0.020514587491203877
0.02052233619748536
0.019948956961987004
0.028055741499359948
0.02881311486521583
0.033418955707008514
0.030865887166329445
0.02799441658416206
0.026884119461403018
0.02357909518880573
0.026213857019988494
0.019159638619442525
0.017889863900314655
0.02552374874846747
0.008812015067131982
0.018758038358539873
0.023663964741222007
0.024864648074660746
0.028798898638302494
0.025896538936871428
0.029840851214264205
0.02335295380854798
0.027362613619351616
0.020091841050184543
0.012151685181890602
0.008359477561877821
-0.014826660903562786
-0.002230337848660711
0.00996396379708759
0.012892637688032891
0.026372199447312117
0.03182395345577524
0.028503314229142054
0.018409254457022364
0.014395280288745534
0.004863537061188644
-0.014774334209363301
-0.022022785212356233
-0.053421050649846404
-0.02626454360732641
-0.007099474008448726
0.006173063290479461
0.01918331882058544
0.018320597710041558
0.018602971144802995
0.01962534533184085
0.0009292363195292474
-0.019651570767047478
-0.0999171462778785
-0.07060280966832339
-0.09775810832975482
-0.06635777802968322
-0.020878493408161735
0.004868836954785242
0.01114081690530986
0.0164439301441752
0.005581782454845066
0.009675268240931054
-0.01995009779424501
-0.08032360099632202
-0.28109428788355084
-0.2077378540475199
0.44166174985912526
0.1261018555559235
-0.0254456700471881
-0.01901978251535377
-0.026644206004230047
-0.015684887984237568
-0.011824666914917343
-0.0011674939853334731
0.004422264085919308
0.03324211797821917
0.045882569043277886
0.16093935580033653
0.737539737208078
-0.34232332817421346
-0.08039014140125482
-0.06467677291022783
-0.03473058987080773
-0.02293192638957091
-0.011976983254488975
-0.007134983493163738
0.008058452908869224
0.01586157010480229
0.09032567720989598
0.3581837910058772
-0.1580922095316382
-0.14364094849913844
-0.09824414640396638
-0.057188033128252304
-0.03843912936362912
-0.0223624163513149
-0.016557928147583632
-0.006831624483523935
-0.0029623766258719776
0.01087802015386602
0.009486153138050565
0.04269980109637519
-0.05166307021950259
-0.09599826860794106
-0.05966467854073042
-0.04753718491962705
-0.029237166275923824
-0.02353856132585151
-0.013625023533494563
-0.010916486199318207
-0.004330574380436866
-0.0032325511978109713
0.004020496053207773
-0.019350629377632118
-0.03945755678737155
-0.042133528151751455
-0.04520362374836215
-0.032610820879770214
-0.028503224064139885
-0.01998984448713029
-0.015936951554744474
-0.010487147219865718
-0.01009054289032507
-0.006280894217119325
-0.013824735514614373
-0.0123786016199963
-0.021427676115876343
-0.030549661277123604
-0.0275728852889777
-0.026676699503860743
-0.020911333892997853
-0.016411731367577807
-0.013602084489098965
-0.011224119970429209
-0.007473969744302776
-0.009840635548322114
-0.010082749070747707
-0.017541118358348328
-0.01692247454573069
-0.017737339911963367
-0.02074291512575603
-0.017183119164576224
-0.018085600309085098
-0.013902631172864591
-0.01249065538967786
-0.010517665495625102
-0.009695504817509382
-0.007847351482317955
-0.01041636978474372
-0.010080837397099801
-0.006490414695739807
-0.012098998035267372
-0.01119326653781044
-0.014032743533653271
-0.011862632587302925
-0.013876279118312296
-0.009771852610183275
-0.009821717506020513
-0.0062317942960650125
-0.007501241086471124
-0.00477486947659361
-0.00773328023715665
-0.0028152855570596864
-0.003276648724788352
-0.009998869092404439
-0.01095002693090191
-0.012743755231557448
-0.011648312383731076
-0.010365282589659214
-0.007325323230622241
-0.005617244340761568
-0.0014152246544737452
-0.0022927896519548134
0.0032404747680656364
0.014995199259320004
-0.000297279311728506
-0.0022128845555206716
-0.01124943754491137
-0.009912535829777825
-0.010730917634237464
-0.008149658657117994
-0.0048862245131697955
0.0007186863671754775
0.0023827205227234176
0.01124475912213652
0.009024637343614072
0.01650716146053869
0.024068246272195788
-0.0076375212759570805
-0.006355355340278933
-0.012570922858781263
-0.009652202392647184
-0.009757817459556955
-0.002713405406251105
0.0001477446535550656
0.01364378525533325
0.017096570203730697
0.046168352344422445
0.16145551068244887
0.01907160427153127
0.008695704372639192
-0.020692773448713536
-0.014022168608593462
-0.015053499395512794
-0.007551857051440941
-0.004804492038350789
0.009352327430408602
0.016392007886568
0.05539777622086085
0.05998096579385424
0.01166724248353334
0.01758042462358932
0.02833681645068704
0.04844389980586508
0.0854925216638838
0.10886357381820097
0.09769898173000975
0.06447313916685642
0.03196266774568764
0.020673230925947587
0.013530561118468487
0.011063726403472599
0.01272312865093879
0.0147471151493324
0.022362154339824063
0.03256955413752841
0.048047599818517917
0.05927617859482421
0.055156189074840295
0.037819516238146104
0.0260574293246732
0.016064246618717977
0.013749662873519254
0.0103856859855581
0.00926092904250867
0.012064669032791436
0.015241636836058853
0.01937541565559656
0.026504834258057924
0.03051584918470653
0.02854924811731725
0.022870305995243992
0.01669431020586828
0.0110237053029512
0.00943119642979987
0.008631781329594114
0.00647211061509624
0.006250691493893735
0.007276627240983939
0.009267380996523593
0.011860472392220536
0.011707074498726567
0.012527304279335873
0.009590166926371614
0.008216703528175112
0.006350477199947996
0.0063309866936865
0.00539042459890948
0.0020263730466526008
0.0029066669703910037
0.0013077607032100228
0.0011033401505936237
-0.0001892251863343869
-0.0004185272378752427
2.8146948796527996e-5
-0.0010994083786594702
-0.0004876450803922204
0.0023450361280121755
0.0013441982193644212
0.002323152214684561
0.0002978036500366631
-0.00037054195946256533
-0.0033136451672136974
-0.0078056573925002135
-0.010987002502899006
-0.01650748709911408
-0.014385665944571958
-0.011836774607031458
-0.006499206903001787
-0.004738657286414125
-0.0015150546642716664
-0.0001826014828189844
-0.002345980486693483
-0.0036264064611854756
-0.008499261137438874
-0.014392434927583176
-0.027418052917948903
-0.03606635070657443
-0.036683513720006555
-0.025672648315716945
-0.017761415521040436
-0.0074107308658692295
-0.00452286329291554
-0.0028692527221190946
-0.00201391872804395
-0.005216224777874786
-0.009245894219002744
-0.02334711812112434
-0.042502298509607246
-0.07533930234957452
-0.061894198144455376
-0.05218723631065602
-0.024233388256205978
-0.015280941862280859
-0.006653909248345562
-0.004482741658340656
-0.002438381962580203
-0.002885943186563751
-0.010484401575842493
-0.026035434275615787
-0.07510943578161575
-0.15735864145802114
-0.1825718427474607
-0.07433901116705843
-0.041680981468841326
-0.013276444050847915
-0.007089514396999067
-0.0013628071147604346
0.0035777119447959146
0.0016600533778700368
-0.0008124217596604602
-0.022034357732521888
-0.06972894685688001
-0.3780420637283545
-0.3387624154549367
-0.1258602391128568
-0.0318551196765345
-0.011602817742253694
0.00047454802145667176
-0.0001688022463391371
0.006882347720236442
0.010727713387733795
0.01577144568835211
0.05947908842663539
0.19112406174020719
0.6642347128924472
-0.892561802145153
0.05374761980408799
0.008472937749848732
0.015923682976192625
0.005771956652551483
0.0061025445768101575
0.012613504900997675
0.016093052733050388
0.03132682648746958
0.06300106637317493
0.12569887219879244
0.2455495586202897
0.1906179811508601
0.07768708051180814
0.04459925227817382
0.01779291202291182
0.012787229117561591
0.010215221422854337
-0.003423053351974864
-0.01800028218458674
-0.00046205121053975544
-0.002309359899219522
0.01369406927733173
-0.0004116901038587963
0.004282803890200169
-0.0015713438612889924
0.002120778930404538
-0.0007525417263408456
0.0007889621845491255
-0.004218366625946234
-0.005993801084066892
-0.002344549338585587
-0.00909930550946598
0.004657919212167809
-0.0013550901764418834
0.005688813303310961
0.00019669981919764003
0.002215482742390543
0.00014513828596380304
0.0006668307203345264
-0.0022902778725131523
-0.0014203470865900541
0.0004297451302889937
-0.002724612155239605
0.0015822182395887922
-0.0020964514600774332
0.002570241147744827
-0.0004741725547487446
0.0027875516687449926
-0.0009523103697593179
-0.0002862338978017206
-0.00043710657068144366
-0.00011181715172365534
-0.002229313259994618
-0.000714246494650387
0.0014952583375274905
-0.0011729799183769261
0.0012785699896023003
-0.0013775161436182881
0.0014516850388978837
-0.00044163426426602643
0.0002819800603857719
-0.00010566694997908723
0.00142188862734955
0.00134996905230624
0.0025661415918476036
0.0025169505424325485
-0.00010903058756735919
0.0012616332132150678
-0.0031477464873947004
0.000803584491279321
-0.0025520917474179273
-0.0008651071379299266
-0.002539254643952333
0.0007577752096013495
-0.0006943960780396865
0.0019657484819022744
0.0019011575703878235
0.002112692194201553
0.005569038254762842
0.000969510793551086
0.0003894010741449553
-0.004025261651886902
-0.0022675748228082313
-0.0034021752640085914
-0.00029741620390115784
-0.0005064484086907731
0.0018199963178194701
0.0008689336820103032
0.003750769331381839
0.007348404712878849
0.005372605303467251
0.010198176647085664
-0.007040319165655679
-0.004721483348657785
-0.008030287579482705
-0.003125457657763695
-0.002764001016517508
0.0006446849280071594
0.0007571079364132826
0.0022896900759157147
0.0019468121824255814
0.007535954861651964
0.022286922464205713
0.008736687496076076
0.0005329484572428291
-0.02129393719907731
-0.005823256595485814
-0.007128142970684042
-0.001290252591974557
-0.0017522208844243646
0.002085720421201354
0.0016613574999713037
0.007319074081662688
0.021828004925955918
0.024390768194899812
0.12655857570106213
-0.10952035712849256
-0.017079527101796256
-0.023777363130080224
-0.0037464958846633277
-0.005681797895656325
0.000410761265843624
0.00015676015074717867
0.00504258841690842
0.0038744361372205468
0.012214696727493783
0.10809926847464349
0.33655444138299
-0.325191228449132
-0.1167781982719677
-0.008101555409010346
-0.012226953935127394
-0.0003398185391251644
-0.0024211211275601526
0.0016754773103670123
-0.0004961102155684306
0.011819375250323708
-0.006331040965531679
-0.08965861445774168
-0.5011512667484969
0.5371342231275663
0.046573360440520864
-0.007858547966814677
0.004180014430794511
-0.0024021042804794695
0.0005258727652741743
-0.0011076477358749537
0.0030145475860964156
-0.004136514463326907
-0.01711291171617895
-0.024641832782228534
-0.08305781749136852
0.04072668053620743
0.006654401364463892
0.012465377320645375
-0.0018378463338652067
0.00198795307450929
-0.0017648800806016748
0.00172817473387792
-0.002090803737174557
0.00027249335954039486
0.02843178400575724
0.032326558809681195
0.03766805483843848
0.021171754134397675
0.021857726240086025
0.014670555424139062
0.013770292262571865
0.00948200389190974
0.008963525117192738
0.006368384784569319
0.010736855732896492
0.008862074326625896
0.013365328870859864
0.1364909540215385
0.03910707757160156
0.04737721049672067
0.02138967317383769
0.01976193692850222
0.011615062158281411
0.011924658575037297
0.0072565435442039534
0.009060716369052264
0.0011655766163341697
0.016883090941009128
0.05173969637567783
0.41151632673731253
0.0712798192651453
0.03067853471534096
0.039276079162773266
0.016497540882282086
0.017135687257006094
0.009757768221251123
0.0073819400514472675
-0.0013572177348201192
0.004961683935986684
-0.02051442041721236
-0.1600546156244367
-1.666717223681796
-0.8528000872058131
0.07713106557838707
0.02504434904178471
0.021372814301664607
0.01162766393919193
0.010207701216210592
0.00239142012355504
0.0012247813798116592
-0.023831427348136563
-0.037896899876923226
-0.08020515119680131
0.7003936564961178
0.051316008365405445
0.03689647895009948
0.0333280009996641
0.013060526908838438
0.013022384508518572
0.005999860695642478
0.0052474382305826225
-0.006096238613749851
-0.008084236848741145
-0.04710468751801714
-0.0390445162169146
0.0017660267718351374
0.01584049348375729
0.03144457668753874
0.012260111095114308
0.014960726072648764
0.007535468677144714
0.008925784526506041
0.0028742516532698327
0.0019143009468702995
-0.01162921839283397
-0.013318414849831883
-0.0037857265613900487
-0.01065433751170362
0.015009396119936692
0.006930652120501083
0.014336429132573802
0.007913233569138114
0.00887063288595347
0.006612376062140037
0.005380059008965764
-0.00037001688337110893
-0.0006816429021886971
-0.009613233773694538
-0.0012368964609471979
0.006950967542101906
0.005281017444953378
0.01181623833463622
0.008633380307551883
0.012369408840254123
0.007651524976590484
0.0084890498332694
0.00480625975613073
0.005599261418549061
0.0009695141715731942
0.004145086723920073
0.007638484381694751
0.005729826909229263
0.010445985822469429
0.008820684535251647
0.012225777727094383
0.009040558050984445
0.009455417792610648
0.007676887297300966
0.008194254281112217
0.00636072976100124
0.007161493856379644
0.003707157167411439
0.00640329547643966
0.010812677697137335
0.007432302638047056
0.013480729007899341
0.008219085344919665
0.008912688725335287
0.008462395027469226
0.010410888679682756
0.006980712860266447
0.008249066866114946
0.007403560083653489
0.009024106740906548
0.013187373993042583
0.012067721702960192
0.015636592518852143
0.011443889634711189
0.012811147236981998
0.00875140002351361
0.01052558491375262
0.007833403347334024
0.009607565502403617
0.006169149074186232
0.009547912797493924
0.007066566641133551
0.014078040043162954
0.02542009045917024
0.017717263807006826
0.018776529867250064
0.01387267353330193
0.012063164548524503
0.01055935327760697
0.012647520465769798
0.00870972003940616
0.009515458172728709
0.007865498276410716
0.013890969187646738
-0.0037052771444824393
-0.009814569666546685
-0.01139637234991345
-0.018510461133131203
-0.010519385871938429
-0.027986861353845566
0.05347803187230937
0.39430435997064517
0.06799742082521296
0.022890121217261392
0.019111037845530244
-0.003839309075930341
-0.009121173359879692
-0.009892683170890378
-0.016297031895568456
-0.016326648198326965
-0.0367153546649829
-0.04734411650355566
-0.13946937443506077
0.7291942083641734
-0.876081863809481
0.05211279811220615
0.003541798611654979
-0.0018079187263634819
-0.008396856255435337
-0.013633916904049172
-0.013651269022184349
-0.02234532030087198
-0.023226129632086465
-0.053551700171171786
-0.07071748182768157
0.90341089836067
0.04288049825503646
0.02060936368435742
0.006856381490280074
-0.009315704527264282
-0.012882751282860013
-0.010873079550855494
-0.01536352382571859
-0.015216701275922524
-0.026226313032089422
-0.0265184206279795
-0.047091119069609534
-0.009668167549198683
-0.0023757946237105833
0.006339747724256862
-0.010761848572812883
-0.007114266393659569
-0.011777390208307804
-0.012777223664419817
-0.013516125303407702
-0.017730637348460403
-0.017102288504284826
-0.023923358550099496
-0.018689125040302568
-0.026678244398402006
-0.008613673697227917
-0.015525169664729074
-0.008109625378358723
-0.01294775164638631
-0.012551019194450612
-0.011144117791083407
-0.01386435258918999
-0.012493560593228809
-0.016674068455238725
-0.013501463339252999
-0.01799593477158902
-0.012380087877475923
-0.015080786761075453
-0.009848314723724192
-0.011942157501002576
-0.008424819839182413
-0.010780940246211259
-0.011668594136506802
-0.010667825092855044
-0.012029945951344996
-0.011462978526877563
-0.014406560216237024
-0.01044905157557632
-0.01315938588690986
-0.010383784553164709
-0.011921032912846349
-0.008457260188558833
-0.010966570606286223
-0.011763766856909795
-0.008770794095654703
-0.011627909058603399
-0.010310203473754494
-0.010906830904591608
-0.009695994898382895
-0.011870958565418874
-0.008143880939546332
-0.011968517112030425
-0.006255964934925692
-0.011176971161301775
-0.010883823153866838
-0.009482979834071977
-0.011849712128037607
-0.00979999549734939
-0.012117159523109917
-0.008247099357129929
-0.010359095903524837
-0.00498806532243679
-0.005882457765596395
-0.0032606366913942738
-0.0068839301675848435
-0.00642219067872615
-0.010649002658024298
-0.00885315590937952
-0.006984538419244522
-0.010131717684112678
-0.008996006291270944
-0.009527679783874162
-0.0035233381844223376
-0.0025041364963256834
0.007938203643981515
-0.0002420526241375087
-0.00027993480558366257
-0.005067877925531862
-0.007210790341429705
-0.006178824061753581
-0.009932989610876342
-0.010095370906975681
-0.011957160176943427
-0.006728201130212954
-0.007288512118020123
0.013280486551123356
0.016342245791209357
0.019630276894111832
0.003076559552161052
0.0026619324916839467
-0.00467901722713473
-0.008116969277577967
-0.008139157581425855
-0.011651804570739272
-0.008884329930058882
-0.014319456619530645
0.003222722278713648
0.00642866790247663
0.12287308969089503
0.02909213918548475
0.029006996158262955
0.0026377223389280266
-0.000402753436291573
-0.0023149442278544256
-0.006569798829959287
-0.009334753341116176
-0.013596654983804
-0.01578517860355634
-0.01734868896242558
-0.017065476551976145
-0.011363881386024871
-0.0058783094745797106
-0.0012762230455225657
0.001370596824455287
-0.0009140487147281525
-0.0012020439422142223
-0.004910310217259542
-0.011654744873133836
-0.016105691776114196
-0.02096577803603205
-0.024704438157752695
-0.024542080051050477
-0.01992895751048031
-0.004792309831126709
0.0028915219597158786
0.004287044048428344
0.0022600078961652575
0.0010398784491772667
-0.005691986629338023
-0.012638671123536503
-0.019871811920198188
-0.028393625981390946
-0.03690773778716348
-0.045980922500965346
-0.026369282057587283
-0.0009129198597070775
0.01610060777567136
0.011657025743123366
0.006716424955710509
0.004528520835363887
-0.005605124004604707
-0.014785331295120602
-0.026437928040783525
-0.04164696639002741
-0.06508633228417528
-0.08938879976235052
-0.11316886420159152
0.04842969943957871
0.03834943995693508
0.029652206070248516
0.015629389773000227
0.009705691459050586
-0.00344245589704004
-0.016249908355574844
-0.03137536643262927
-0.0567688133516251
-0.10554968714918482
-0.2013626347080594
-0.4955062401005313
0.19918747151554766
0.10809305236804659
0.04878569544044383
0.023815756893853537
0.010910705609881964
-0.0024992285645507976
-0.016487554693432376
-0.032027717340660934
-0.06161099602423151
-0.1080335463077134
-0.2994821257752363
1.150201082833331
0.558538813845911
0.16521207025083134
0.06398019074179118
0.03602258968943434
0.010501745452464491
-0.0028613668609666068
-0.014125269118978368
-0.0294189006368513
-0.045639819050463555
-0.07622753235388481
-0.10257547651826716
-0.06776489585459693
0.0931624926846944
0.08672499371042929
0.05795271827164958
0.025249122831015346
0.005660853297484141
-0.0035130779952201457
-0.013513234295208726
-0.02197458184675497
-0.034133451780102464
-0.0447391705076384
-0.05435587344724321
-0.01469692478512719
0.04908628265661967
0.04896778282019128
0.029689486221081505
0.017602038490807482
0.003132910163382626
-0.004261352489068951
-0.010221522246476798
-0.01698190662921721
-0.021250370559467126
-0.025773482939930543
-0.02375921615187296
-0.010660901286447217
0.01757625236935945
0.018145174964976533
0.016277174309425463
0.008713740673246612
0.00011399785553999281
-0.003445258546664739
-0.01004408530654018
-0.012881803782360639
-0.016106566006375493
-0.016114453575932036
-0.015770338041832185
-0.005734717852112928
0.0030584679850019546
0.007809243563506052
0.006440933007954464
0.004682319877740341
-0.0009124587479705838
-0.005964308211245008
-0.00928410017850046
-0.012774531730318738
-0.014353461824345728
-0.014050108920603252
-0.01197001404109401
-0.007465757456817648
-0.001619425725758136
0.0007612066851715667
0.0022065608046800203
0.0006365204448177924
-0.0019348689545070547
-0.005290969257245678
-0.008997717638594551
-0.01261960196181308
-0.013692610597850208
-0.01437544293555823
-0.012986080612018483
-0.008605592444361996
-0.004273219968915258
-0.001655330677242768
-0.0006003402294948472
-0.0008091208176020112
0.0022966154143755297
0.007368966612633537
0.004016337147334313
0.004208619129063481
0.0051409782081054956
0.004291496532071326
0.0051414627629068795
0.006471561995188033
0.0069381115915536735
0.006233289463164455
0.003407789306529724
0.003872710829730282
-0.009638584570513952
-0.009524587221140364
-0.005442991427482264
-0.0008944147931411411
0.0002252104971096192
0.001442594992738634
0.00274176420566189
0.003487362817681473
0.0033504987645609514
-0.0004146353115803521
-0.0035506198469589614
-0.00788985023461072
-0.030125594169360493
-0.024536946801046528
-0.018329254506795806
-0.009012452609577244
-0.0038125557172412465
0.0013010105651484762
0.002807498651473573
0.002450196792385243
-3.322484326156292e-5
-0.0034868433350198243
-0.01050153989644979
-0.02017545991768615
-0.05183280071186882
-0.0442609157429608
-0.03294330576330595
-0.015181943617397936
-0.006135860700362507
-0.003604416857187856
-0.0006068762126562396
7.692677222892675e-5
-0.0029951213990308083
-0.006157478506562592
-0.016061923352570402
-0.03586037878780847
-0.12099773642279762
-0.11015285914724447
-0.052226857884977815
-0.02386929242509097
-0.007036116730395689
-0.0007370626426002533
0.0016907978066156527
0.001313868753260707
-2.4000973009143675e-5
-0.0046986397411940654
-0.02181985352915637
-0.05583428286160865
-0.2112610662476151
-0.14916503431144817
-0.07259533770352462
-0.02124452726308095
-0.0022718504313867156
0.0042400289381255875
0.005303129340738483
0.006950481603440061
0.007566944964940899
0.0025762534899248586
-0.013720449254432925
-0.05894716204266197
-1.7320564738311703
-0.3928007243940587
0.1017782631148634
0.02433163021052305
0.02226667562833052
0.014877592228719042
0.00881225063049234
0.011012419377632358
0.012144415815421264
0.01615234272412985
0.04808732894878061
0.2247197581414474
0.30271970267237963
0.29580058422672023
0.1385665371045302
0.06762235903956432
0.03224294380099924
0.018623931814466244
0.013942543708065426
0.014899362985241998
0.01985341035586625
0.03455407601834728
0.09335428015283118
0.1420345096613986
0.15612786563365058
0.16075942334066548
0.09721866556377884
0.055779254276964875
0.029133989490092178
0.020656406235354138
0.014103957667179371
0.0159407847898896
0.021453373198623053
0.038890666613802916
0.06243925248696748
0.12827218468405477
0.09308056789856245
0.07963359287767162
0.05904488639180266
0.03415082538844384
0.023129408823502347
0.016889817295537308
0.014397694360429397
0.01635019631549114
0.01890983914571337
0.024801827033029796
0.046488996053866756
0.06408376093083407
0.043240992486710074
0.045358179385262536
0.032002743551996636
0.02492129528179735
0.014356098496633175
0.013336367812763034
0.01180704593143025
0.01314659581814359
0.017266011652285754
0.0210099959520903
0.02346448665232556
0.03933296048677601
0.02119644517401908
0.019296864132725362
0.018389403471479004
0.014145015491626818
0.012621266018856622
0.009756390229903565
0.009158743648197043
0.010530394361801126
0.012124119141669333
0.011040102133730125
0.01530591609072739
0.017815807874787915
