-0.00179310999275788
0.0004990759492556089
0.0004609982735999815
6.450263710841363e-5
0.006724937252811313
0.0008535876122859592
-0.0008932232906565161
-0.0005356996349232876
0.0005744408788478977
-0.00568779053465344
-0.0006859150630511306
-0.001508226850378303
-0.010508268059849422
0.00011350412470391975
-0.000134680449543621
0.0006963580235299364
0.002021740461157536
0.005735311657685115
0.005931254898977724
0.012783264691347725
0.023795190612560812
0.07391051741101734
0.0849074798072193
1.9866688444867386
-0.4368380618870727
-0.1648045745430768
-0.06969466005361796
-0.02927715474363793
-0.014567630106358923
-0.00492072383688662
0.0054052915364887644
0.006672392177486217
0.00925610538504252
0.011180436924150402
0.021218703663002967
0.024036264087432813
0.04921328495106838
-0.04249295730066197
-0.11162733842506818
-0.09402090763519046
-0.039213050155351176
-0.02651266331407979
-0.008724179911101734
-0.004112832043766707
0.003906345670716726
0.00631811855087094
0.00706318608703518
0.012744244866924808
0.0140235920301552
0.02412333232107728
0.008111552261032667
0.015374372065242843
-0.05216868495245746
-0.029334005843821065
-0.029194883249193344
-0.014194797308559734
-0.00748917722394214
-0.0017747367344629196
0.0024605917764640626
0.0037503885060679336
0.006853985740971889
0.008988595381907511
0.013387254603299741
0.011697372399864011
0.013907403505782229
-0.004942841997052791
-0.004774756419806518
-0.019445248032211312
-0.011515846265717278
-0.010305310771499713
-0.0029494417449545327
-5.307389060830176e-5
0.0017839380884095007
0.003503196304066376
0.006550446646999265
0.008757371578607486
0.0062935205612998524
0.010014827624326136
0.00461728087367432
0.003819980094467743
-0.005232573564124146
-0.006468693346695004
-0.009118452023464315
-0.005570172145819096
-0.003238938672810296
0.000496757987056377
0.0038332005108677215
0.0022415960691435253
0.004606723738540725
0.004923052498304743
0.0058867376636876955
0.005458465916373199
0.005665610086745825
0.0017097147133671431
-0.00026465489305764326
-0.005323953247862565
-0.0022774744510515085
-0.004517002546489272
-0.0034437230158257735
0.0010285850926339173
0.0015617987764517131
0.004044181455487369
0.004210301902580065
0.0051787713364025234
0.004040573265299097
0.0041434406033852445
0.0011579825255097808
0.0008099502868334621
-0.004032312652848363
-0.0036812230424781364
-0.003121434698532603
-0.002267827663419026
-0.001160830813070929
0.0006715016405432122
0.0020583123995829003
0.0015129104769668368
0.003150176414125723
0.004480603186578713
0.004970177918720531
0.001883241594114994
0.00020966564596888672
-0.004025358520555691
-0.003891936693511352
-0.006898930362462654
-0.005149624873001673
-0.003732667836676581
-0.002105827626635784
0.0001598226750351555
-0.0003218817551932854
0.0024160107338574675
0.0031566363424474905
0.003313993133899743
0.0013574411057475837
0.00020131637396531476
-0.005768321372650505
-0.009101428059671096
-0.012800879163971171
-0.01153461720218674
-0.0073345517280880585
-0.005616274565519866
-0.003459101226438483
-0.0005340890895950546
-0.00010810119681185543
0.0018093313192765774
0.003760117698757481
0.004004133538722046
0.002901412722389387
-0.0019902620896189004
-0.00916018874737169
-0.0203626366749095
-0.02372019666374946
-0.02421026507091533
-0.015622229038369559
-0.01149965671838174
-0.005204898562341907
-0.0034325096971390212
-0.0003913886193002746
0.0027822511358481967
0.0035264101892098342
0.004538420592936309
0.0016663684270597748
-0.0006443574259815134
-0.016564280228541915
-0.038208216045762654
-0.05402226646513901
-0.04036613878001231
-0.02822926614391007
-0.01690927319517066
-0.007307529704729955
-0.0033621643686839696
0.0003371269720473017
0.0015722165505355225
0.005200228217217757
0.00472338963442821
0.009877193255713825
0.0015353474213931069
-0.023891895723225576
-0.10314065854817664
-0.09360114853134346
-0.07957793127332172
-0.0442748463338973
-0.02684258827275846
-0.011473127866927375
-0.006755093537921755
-0.0008815592826696324
0.0034481576721569567
0.00437398080434604
0.010709687678725656
0.015486416015182263
0.01918887120946264
0.00525371944005647
-0.18382076062859476
-0.21263586019058425
-0.11746427583319534
-0.06729995180357833
-0.03189001134221156
-0.01648884151232983
-0.007895232476373377
-0.00032895055316276
0.002712090839837411
0.008006519119300974
0.011677053227082384
0.030185905994632067
0.048904086714806595
0.07271634064562349
0.5278577953969149
-0.3829430234093419
-0.1794494949685336
-0.07423737919598433
-0.039558847023423896
-0.01571815573121703
-0.007651051448319239
-0.0021630632976766644
0.0013133258758431467
0.00045518775588381823
-0.0014340853458783716
-0.0007133572327438214
-0.0014262770569037275
-0.0020048529989175894
-0.0023809803098177726
-0.003150696604782615
-0.0008022770457195567
-0.001073877847701162
0.003276541106858856
0.002294621845562967
0.0002918034942000927
-0.0012299416663667715
0.0017714241084104743
0.00022233840808232378
-0.0016986805369963846
0.0013334230953191402
-0.0003181769629846075
0.0008029080035695766
-0.0011756027325923776
-0.003893845877667167
-0.0005112142075768223
0.00029413488551010533
0.0015903390250365677
0.0023292026273301933
0.0016789899803780455
-0.00034170200097619123
0.0012894167211980933
0.0007875430527943218
0.0006622852828708449
0.0016490770690319257
0.002403494467168681
0.001354080503761541
0.0011600664123523749
-0.0015424641259900438
0.0014777439330582833
0.0014177568292845126
0.00041330911733573244
0.0016053055278686514
0.000977359763943865
-0.0013395084218922177
0.0007459130856740553
0.0022854526407056655
0.003979510864684467
0.004498410442186732
0.004826108791198246
0.006275649978266678
0.0015002566284090322
-0.00046600579581372234
0.0017491161169760161
0.0012112967001943783
0.0009038352312344727
0.00024780359795954494
0.0001338867204968068
0.0008941132083251577
0.00139912026982801
0.002902796018082283
0.0061002706898734774
0.007363790857927452
0.013817747126223523
0.009593166356461008
0.008018979976126203
0.0006649588954844995
0.00044870806970792533
-0.0017584407370288507
-0.0016662607460590324
0.00022437234544194515
-0.00023519211949511149
0.003009409300199616
0.00334871263312779
0.007496808398538256
0.009955682460894013
0.022459829371550506
0.028697060963534415
0.028919543133041892
0.006512088110030796
0.0034952540093104436
-0.0024852456233834036
-0.0012253007529355218
0.0005134297754251823
-1.7747178873135736e-5
-0.0013367517763863868
0.002861142986602713
0.005129485950207782
0.008132027263804626
0.024295224079090332
0.030098880240569857
0.0740570903380939
0.04712875732501164
0.0177333217028394
-0.006058501248502092
-0.00609821447064852
-0.0035739155894496362
-0.00024124287370533548
-0.0010647614964891913
0.0024894658176518245
0.002364574724855497
0.0036303833664088105
0.015143677548235883
0.028482141174231475
0.0687464716772962
0.16343426649359172
0.07611972312408549
-0.011973483446730078
-0.0167893693100556
-0.012598683253847382
-0.006439370179955771
0.0008569193206850912
8.342278323123816e-5
0.0010095014759798622
-0.0003410126738230565
0.003992074880315026
0.013324218114901623
0.03887583339131214
0.0791852983232629
0.2027381467490325
-0.7013753567056059
-0.09688153758750698
-0.04327499848500062
-0.018727324899513828
-0.0055066709791990924
-0.0011893745506645502
-0.0008944066521191106
0.0010237788892893868
0.0028070775716645953
0.0036436569460418316
0.012526008136442876
0.022547908106019067
0.09197784810421145
0.39647206578679484
-0.09482408989261742
-0.06945555577758666
-0.04063236563665866
-0.016347422113314893
-0.006292878280014793
-0.0022707060327949455
-0.0006342272142365601
0.00035736971376185026
0.0006316540526832195
0.0008243997183668123
0.00442225623559453
0.013954671517091259
-0.001331310874950261
-0.0048304466870811935
-0.08422112914017243
-0.054176178073457426
-0.026422035305264765
-0.014520894578430118
-0.006691305511777992
-0.0025279063693596955
-0.0015076701094591943
-0.0007068289138253846
-0.0010867790046321475
5.002219466860378e-5
0.0003874214367819605
0.0002867425157944076
-0.0019831841065114683
-0.019194677567011226
-0.03711045554555011
-0.02744863372728427
-0.019254899995763616
-0.00941963456177261
-0.004774113792263778
-0.0017988333481187674
0.0004002221884395384
0.0016003424340043856
-0.0004923299906735724
-0.00012387617742863573
-0.0019806005494040317
-0.0023092577769309314
-0.00615671357197511
-0.013293485432755546
-0.01457377355212127
-0.012649185797792202
-0.007911383186525785
-0.005427913213533247
-0.001336149908667135
-0.00018147202516751804
0.0019046948183667237
0.0031286020608805344
-0.0006582966130800765
0.0007868832877589573
0.0010718717099379854
-0.0017854923531575094
-0.004872190462472776
-0.006699016937225306
-0.006786982084265263
-0.006540880005770549
-0.005336592946977949
-0.0017726241634776338
-3.10425072169174e-5
0.0020152856223471915
0.0013730500186401244
0.0003525512112266115
-0.0013459009720563214
-0.0013814485907573865
-0.0020215981538870354
0.0007939678050757838
0.0017310229354637794
0.006615595203965632
0.019061114807383258
0.031191831435070292
0.023400183772200024
0.014820668968765823
0.005125418690993725
0.002206666996945732
-0.0005613194852614751
-0.0012571017951093317
-0.0006799415984413001
-0.0019286014712903525
-0.0007134854946076334
-0.0009774597159976203
0.0015906210424770154
0.006262058674774829
0.04914541032411338
0.08319127705951418
0.06216442274817235
0.01954782390392157
0.009768471899632855
0.0038411641347619145
0.00025681208636074595
-0.000124889949780651
-0.0018567936081276197
-0.0017608077983661099
-0.0021708534527122045
-0.001596771012753713
-0.00313801448344119
0.015498017128866039
0.035152538885414274
0.2432526858417545
0.11382832899714014
0.04929728004713743
0.014821357457156478
0.004474978791943518
-0.0003515424833300052
-0.0010954443195307694
-0.000535534612688726
-0.0014481083419568062
-0.0021617034474321842
-0.005535160858123786
-0.0012156631560617801
-0.032003804269800526
-0.47959819345524657
0.05253433073112579
-0.3111926525908938
0.01968447257592117
0.016261823059721764
0.0025512020454511214
0.0021549626908592906
-0.0014046335430109563
-0.0007897425031369561
-0.002106421237008778
-0.001807398475013901
-0.00319424088155714
-0.01057305950685243
-0.01745466275728175
-0.07497648322738175
0.057821421738793614
-0.007921518125170264
0.020270099100377043
0.00253967965403544
0.0015614594357383697
-0.0006197764337551307
0.0006752880848307
0.00045177888226621555
-0.0017152883816436198
-0.0017626024358639548
-0.004727633438868742
-0.006831209914210044
-0.01488783045307221
-0.005267065736200582
-0.009692000285141533
0.01371254112248851
0.0036615994811872547
0.004194532346067164
0.0006412344170008345
-0.0021645010074466055
-0.0010640862900247864
-0.0007996766816114976
-0.0006329119248057896
-0.002828862277767947
-0.0027397132583780823
-0.006240278659780522
-0.006245456049253379
-0.007166681297016283
0.0030679796303071495
-0.0012674241445388085
0.0036084886925815255
-0.0005443065809504542
0.0009531941667769897
0.0002115975232573624
-0.0006300169318404359
-0.002503720358023271
-0.001141010559226267
-0.0006996894745010549
-0.003072820080891499
-0.0035576737330102956
-0.004312538309618045
-0.0004666061839259025
-0.0030457474263793478
0.0001479925971537346
-0.0001781142375963697
-2.4805194286397413e-5
-0.0004970936218128482
0.0007496562769776959
-0.0006411183591862901
-0.002640466912699515
-0.0005644599323050763
-0.0021688920359283674
-0.0025928266469285003
-0.003185011600122635
-0.001229027913172126
-0.0025837981322830257
-0.00016774283342856007
-0.0010172803140752202
0.00011871588109405086
-0.0015233536232622128
0.0008590351277511991
-0.0006899751955219506
-0.0021477858954194436
-0.002165652439191843
-0.0010658082463961345
-0.0016976256294015005
-0.001764711597309915
-0.00297436023596007
-0.0017592209526557274
-0.0007196260548616172
-0.001012532711543196
0.002035401171707307
-0.0004819696271918354
0.0005095966874186018
0.000840916219893469
-0.0005938396739258154
-0.00219386007310238
-0.0024498476758084966
-0.0015342126754319927
-0.0008877972074596473
-0.0005305079659707321
-0.0004349420058381489
-0.00032055151478187487
-0.0007027728266570313
-1.366881407421485e-5
0.0009370845982778145
0.0004042353731539416
-0.0010669470935984397
0.00042360561317063305
-0.0013310993109433573
-0.0027707183826179223
-0.001328589483963734
-0.002241182717933216
-0.00240034945727157
-0.00025265528930566716
-0.00012429542414099475
-3.158051800133431e-5
0.0008629420743825518
0.0020375079991152333
0.0031319422887984326
0.0011455686858273168
0.0010675242939109306
0.0012579069517077573
0.00010633136556233375
-0.0026114056778640295
-0.001227390021533227
-0.0011893157240689745
-0.0021339269991246315
0.0006861509761593746
6.619524192616183e-5
0.0015853129040950382
0.0036603868884525627
0.006809825067200093
0.006139196973204229
0.0017866875049370246
-0.0002862626220399612
0.0007764569577071423
0.0007761332436458213
-0.00042289369441597983
-0.000512990469550353
0.0007591695426972133
0.00026523593591969136
-0.0005776772047609724
-0.00019395649118817315
0.0013718132408933052
0.007241877515334074
0.01109709153802202
0.011361661683531827
0.006382762331704077
0.0025657633926745595
0.0002826274424180911
0.0011637645580186082
0.00015509909457882233
0.0031695284551947964
0.006189316123112043
0.00452220099853529
0.003514678432075064
-0.0004148711827243913
-0.00843063005243391
-0.025001730737520694
-0.06936954930504313
-0.13142106753984997
-0.14034952376648385
-0.053820411970469786
-0.01871975874945114
-0.0034690920428482185
0.0007799315401068785
0.002673940027385637
0.004153254315775671
0.004349215390929659
0.0029220280356021806
-0.0004875972657841009
-0.006359318266116678
-0.01740526701856555
-0.03482914398691139
-0.05710456818442243
-0.0504597321723592
-0.02886374140286917
-0.013698723584979505
-0.0046310256628214344
0.0008193353656440179
0.0015842801371929688
0.00208647217867775
0.003972496171236478
0.002843972084367749
0.0012698113694387574
-0.0024561308626231404
-0.01013946725505176
-0.018884535851043292
-0.022894264936948377
-0.023175425457441143
-0.013640296347165072
-0.008317138075444454
-0.002897189533764941
0.0003458084190898884
0.0022505768860468117
0.0010335026617944382
0.0022077019144064003
0.0019806604477524987
0.000733945666151866
-0.002386374306492419
-0.003813755076991182
-0.00624463218369452
-0.009234738420036429
-0.008344418495108984
-0.006611867098425377
-0.003452791328631953
-0.0011476098678133686
0.001438273789719212
0.0034470359872306117
0.002375986380639079
0.003704738168334983
0.003349369839079805
0.002655416669590729
-0.00023802519489438253
-0.0005642939283532578
-0.0019094649011819516
-0.0025210299338442187
-0.001842587355122382
-0.0018447747563495615
0.000185207368754653
0.0015749368420626575
0.0019057477336627627
0.004693369530680608
0.0045645100674858
0.004495343763992876
0.004688258555362073
0.004223900974949134
0.0016900096967416905
0.0017587865224747215
0.0025510226862718467
0.002813418721278674
0.003093845533074858
0.0032204622399978947
0.0034231178080532153
0.004916435055332036
0.004718685648825191
0.007260788459397671
0.007507496486963863
0.006574454572285325
0.004211301733913528
0.003761910572452085
0.004233896456729278
0.00469038529875301
0.004426276048362081
0.006121552718306494
0.006114919141941407
0.007809988676557217
0.008001402320909406
0.008106714701549314
0.007891914146976015
0.007797707434456717
0.0068423792408905774
0.006307970769702857
0.005717273403868863
0.005731717566229037
0.006467641099990255
0.007952404876780006
0.007917850711708948
0.009255580095430642
0.012165014583587649
0.012388640667747287
0.012143779262034908
0.008805268783716532
0.009193690851046328
0.009078700488741227
0.008265499096858787
0.007996121521927241
0.007275624881810408
0.005850935838285014
0.006604441725126612
0.00866648127462263
0.012947603249965562
0.01656789173358955
0.02032333953007103
0.02118741747175994
0.01808350174385939
0.013204594660088803
0.011064827466368386
0.009825791117828971
0.008695319706398965
0.00776339831558272
0.008570420707955856
0.00882118269791578
0.008554560688153601
0.01308171152367802
0.02273172119192411
0.0315744313076128
0.03807204255523678
0.035577177103092175
0.027118201552699644
0.01819195261238671
0.014037411292214946
0.010471994039615665
0.008004481954929903
0.007623666788919131
0.008544230799765774
0.009053109007350388
0.012222863887469014
0.016482137911149084
0.03795601462732862
0.060889389812041464
0.07711908921845172
0.07193709516496498
0.0431662053486038
0.02475035626167439
0.016005019507383377
0.00882011900621243
0.007247720417782071
0.007029303172547851
0.007282770553831274
0.00792775462584004
0.00933481308191598
0.02114139760177722
0.06133762387122289
0.11392050714083947
0.13788874752802888
0.12885160904859672
0.0693563949556106
0.03051939010878752
0.016053466047271772
0.008163843089853382
0.006607016001736427
0.0054078495852983004
0.005829746433472399
0.004086506125109191
0.005945635928532214
0.01279039200924181
0.06706949459994395
0.5743993520585714
-0.9578336106020101
0.20009017624002
0.06172062644539487
0.022575042739192724
0.012466398295220855
0.005972669338918093
0.006469003179193285
0.004924906292320845
0.004395405093771197
0.0019532468956312515
-0.004533078724268438
-0.020698748356384345
-0.11586638577365246
-0.3592097702346906
-0.43143237235324017
-0.0855073985060643
-0.014185169961360634
0.001295837069294426
0.004539920780004322
-0.007656980731260869
0.02427194006259665
0.00818818004174524
-0.01609498135901352
0.0008402216065455097
0.012521010919767692
0.0013193994904074156
-0.0171495939202773
-0.005982964930923744
0.004169599162983512
0.02322276284914394
0.01679840483659358
-0.02881234376889524
-0.030057759993387393
-0.01715851605844124
0.009485323236181436
0.022361784351447377
-0.022369645269164396
-0.008905424928294579
0.018514616150253998
0.015811572744872167
-0.02190459683734263
-0.019986239369459542
0.0038830821131009023
0.01029348207555356
0.010661617487104952
-0.0026589674161471843
-0.025634310616749433
0.013579300584850648
0.002063511043998144
0.014469484903674836
-0.019659639088607687
-0.013536493953420204
0.014123002149703117
0.02319621525273295
-0.018265472871501293
-0.010271875576128256
0.00847584166509899
0.005949568794758654
-0.004935380202707469
-0.017235204132623215
0.012940549101392746
-0.0007474414691157782
-0.0018074640764659472
0.0002178891784941874
-0.006572010812347458
-0.00548759180114685
0.013620523510626472
0.0036375855432458186
-0.00012531322629995983
-0.01497475319451338
0.007542753872391987
0.01934596182633087
-0.0046532786548460605
-0.010858732302092392
0.0064517471699281695
0.02055592519927203
-0.00518903710301322
0.0013638564162178235
0.0086746936994169
-0.0037594663197853635
-0.005144838548555092
-0.014992417115174765
-0.004150766656249763
-0.006216752131185371
0.012425901677616653
0.020051257370759176
-0.02168189616337237
-0.02768684191350109
0.008769748882227564
0.003955247756020266
-0.009914188020406502
-0.006815111751242052
0.00835025531005099
0.005767188737449954
-0.005302221797003331
0.0009186465277615325
-0.008220342216176645
-0.009602223022103402
0.02661303656399584
0.02873091144588711
-0.010876941398480708
-0.027663254049832275
0.004689241977544628
0.0030672364981515652
-0.006100905367676372
-0.01050819703469527
0.00916099465383587
0.0026798645919051184
-0.004826701472504694
0.0009729478111507552
-0.009481343494560817
-0.014432851536244984
0.0019251165732781335
0.009216992787427731
-0.005886168102363025
0.008310575604460553
0.00714065096983943
-0.022817834345357935
0.019429338488219514
0.013346923867756908
-0.010938461625971903
-0.0025619250411110807
-0.0017126488288243368
0.012261526634622027
-0.0034317413017560697
0.0007601884749355419
0.012200318239341972
-0.017344874284112535
-0.017299793501298365
0.010481237956041986
0.004627562322384328
-0.03985870203970189
0.017297639113599845
0.036196119904671864
-0.0025450571332255
-0.038011953875991523
-0.002954413392798223
0.023225036333386056
0.009276554072541897
0.00318167631479761
0.009808020769026444
-0.01391470294194435
-0.008176866953721522
0.019449946604629186
-0.008264623009319077
-0.010261819509810402
0.0069870248229644775
0.005821301222160153
-0.0013123759793848572
-0.01947007358484929
-0.02564162093821666
0.016328686802948158
0.011978501348486867
0.02612003007532972
-0.0030687645641133496
-0.03828980694071089
0.003197533458199958
0.01588176363323548
-0.0046871832283843584
0.019269662245583956
0.022539321133387642
0.0008020013043788098
-0.0192633194997329
-0.011512485680327452
-0.002346580844459576
0.0013291810001283119
-0.00500490580015725
0.006988929975411594
-0.002228710853028261
-0.01955803687067446
0.013291324513064577
0.009495765958527242
-0.013378304897230322
-0.017535903740156244
0.018586580188167588
0.003082065049984589
-0.0037769181778143455
-0.006388753344516471
0.020378503962587023
0.02952284253207338
-0.013179199475032726
-0.02660846051059463
-0.0049597226118955635
-0.01182132737276922
0.0018303172668127812
0.02827057387035755
-0.015627156176899897
-0.025341681166475373
-0.019901443338251557
0.0008624053414323858
-0.013457370339556216
0.005633066747587106
0.00742366146341252
0.008250619470662895
0.01129664811108315
-0.021772137016031118
0.0008370490028125457
0.0037873501438231818
-0.0022957913138732674
0.028742102296482115
0.009294381911366315
-0.0040806764745208775
-0.008419180100275678
-0.010702816802100317
0.006673882701607894
0.0031376021620385126
-0.0033966443538159096
-0.0001164985023321931
0.00739245463023795
-0.017617678725356356
-0.012878057830937041
0.01411018820297859
0.003976986282328946
-0.005481630722532049
0.018712456704689507
0.014911639718737811
0.01665716524200115
0.00914987920630573
0.019390410538335734
0.016665676098157035
0.01948014419255454
0.020571152383731865
0.021515539703813185
0.01701495632061863
0.018518232298830505
0.009497435960734562
0.01237175593134235
0.008299975164798728
0.015327137888054792
0.015652651716159715
0.018017737642266028
0.01853012772345457
0.019932085779169915
0.01873342941388724
0.020939632531787152
0.01977188787350832
0.018053605590591982
0.018478054546104978
0.016061688285317077
0.015162299369156994
0.011593762977512398
0.011688543249749297
0.006868009930689808
0.01454943411254143
0.018186797954327587
0.020331790462241435
0.021915003789232366
0.02251986923151742
0.018299455790892965
0.015090016877212863
0.01280453969397136
0.015796676900509978
0.02120807250199543
0.01161682931455759
0.014716403813264911
0.018863179466938614
0.012231936297503456
0.019641140839385736
0.022807020242150432
0.020266554078821105
0.018797951360964495
0.021604347660424662
0.022802786753904455
0.016905448511497383
0.008673922013776716
0.01347588340986291
0.015724635521945706
0.012310435717809059
0.012251275042134309
0.012887261173022297
0.008708318066919827
0.01862677376563926
0.024265726579198947
0.02100784037018057
0.017998636794150782
0.01783585998462758
0.0191858183723767
0.014495651047410091
0.014006292651061458
0.01589285939134292
0.01231457720794708
0.008163356395217935
0.006298791525160611
0.002704297364157677
0.007061047473177494
0.03706575328424436
0.012984529658554744
0.01011003505189696
0.020993260300854917
0.012648835897276521
0.019383397156485467
0.01490592871981534
0.014541980055069119
0.012603538906906344
0.004805707307356398
-0.0016173067030449098
-0.008366331891301048
-0.00011734292292464544
0.013573884869103704
-0.02240728856937988
-0.0033344694514725326
-0.018611081041357735
0.0010865932804632493
0.008809236680746561
0.014623327276530415
0.015033172826874828
0.010241405755737395
0.009008322622073326
-0.0008277457618261663
-0.017818224514048946
-0.036728782872078126
-0.026632338103872874
-0.05083829971442499
-0.6811491379842615
-0.11544932398878179
-0.058354847504745455
-0.017181483896972924
0.0023707142678849806
0.011300822783001322
0.012618411097724493
0.0017468738270237471
0.004757053377433546
-0.012031000864103462
-0.033813583478933915
-0.06369934748390553
-0.11817280542854251
-0.21805115782899015
3.031807908567828
-0.5575285271127408
-0.15438535177254886
-0.024456459785080948
0.001787667650540997
0.010562302311619346
0.012856442477289863
0.009076743678181686
0.001865443967611099
-0.01690441934450126
-0.04899982510308471
-0.08947392079022458
-0.21940315557065831
-0.4917729376861687
-0.575301378957218
-0.10161735512144789
-0.07164497765145154
-0.014474904078124094
0.0016982253249478508
0.007129050000099276
0.01491272773570782
0.015136080398659216
0.004474773756474171
-0.012752639986710338
-0.035593160767234205
-0.08225884540501777
-0.13331129006000614
-0.2661290949212627
-0.11268257031257017
-0.03858039937296343
-0.04011407807772555
-0.0041848660632421274
-0.0005808280932743345
0.013511761466001204
0.013342158539587977
0.012034751402254629
0.004347978107539743
-0.004776764515691956
-0.0197098166903502
-0.034901002969719146
-0.06824715608999729
-0.07072437885888504
-0.004995051403652966
-0.0007732749223635892
-0.006008023329624933
-0.0020757827150887894
0.013144852565250014
0.01710200700375352
0.01907090527415746
0.009218478771860291
0.01000978951348723
-0.0007390906793492691
0.0011053297353733032
-0.017232867018059542
-0.022669132086547177
-0.016366529177022183
0.006936250001651953
0.0084437981924308
0.005656068714763537
0.007770999234759148
0.00702117499035397
0.020436849151612993
0.01577573272969667
0.010027824483989263
0.006718639369422694
0.009348957033282548
0.003292069451698344
0.00212119541189158
-0.00014162213575205597
0.0012910466827841184
0.014487058514393103
0.012371033534713874
0.010118634536969838
0.011528076114467828
0.013285800417211582
0.016935196063043913
0.019104970910015825
0.015791688351511412
0.010316185383015335
0.011738570466452597
0.008021661262394102
0.0030710486271074465
0.010431515640480352
0.004164035815306767
-0.009979221260868434
-0.0028909439910382796
0.0016246399852533646
0.0006304968050725357
0.0019621076329274685
0.0022177336427508182
0.0012045250352122488
0.0008632126823932458
-0.0008013855718126766
-0.00013979412600711164
-0.0031427411174597183
-0.011839763910408767
-0.015743929425574975
-0.02236446041583
-0.031090940653444848
-0.00419434755342319
0.0007081168461229384
0.0038993184305714003
0.0017147838067987388
0.004416815876868902
0.001151529366957679
0.001477450408453088
-0.0020494324096594282
-0.002558100103719391
-0.010294187359491216
-0.01877032189135968
-0.047491456164143235
-0.04438326781886285
-0.018508860265856752
-0.011817735178934063
0.0024887909188968274
0.0045947718226825775
0.006696289450018048
0.004741351498742613
0.0025835752140352625
0.0016518083759663373
0.0008185784471924753
-0.004102548588708305
-0.010709546572942598
-0.042318349876112285
-0.0848561089683606
-0.20654929127842384
-0.510086480392883
0.030399756579604587
0.005971606484942724
0.010081705785810921
0.005310654348267479
0.004558157830411622
0.00111406898760783
0.00275247745986657
-0.00043985551238638783
-0.00021259331535675836
-0.014164047223352173
-0.028750686501061523
-0.17736065690551203
-0.6573943538822714
0.18162080528945773
0.022203447394168234
0.027347149048980557
0.008597416642071405
0.00920134497405678
0.0020214705688244815
0.0016177122386122108
-0.00020328840656629065
-5.152081725546295e-5
-0.003544035766810113
0.0035313539877093853
0.005735954496311859
0.18172818451965922
0.5613080400961853
0.05690710796500356
0.04054637607224267
0.013170921046167891
0.013221927040219208
0.007868674695701338
0.0031937311377738236
-0.000668708461697287
0.0015367852124996495
-0.0009439594435056093
0.0019293859515568292
0.004653049539166381
0.030595115670939053
0.0563214363942542
0.16513575838794267
0.04001706540876803
0.016318143767642
0.01643921089125691
0.007946601698996556
0.0055556459447634095
0.0019353519985198348
0.0013064628752428153
0.0012619101046213682
0.0009169128342090727
0.0006971756802036616
0.007378913016151227
0.0143105781306925
0.03618840350804747
0.04836127859293251
0.014756203190192494
0.01485938252759677
0.008356370831537776
0.007101931983057159
0.004702065344892891
0.004288694144560554
0.0020679505838338036
0.0020159111242462674
-0.00022924126474281798
0.0008616708833242704
0.0037426075112915454
0.011861972045542494
0.014181535761423314
0.021623109877184788
0.010369454632341917
0.008187340317813346
0.007762165165003112
0.004484370219541046
0.004578720334897671
0.004248009323217752
0.00476815471391956
0.003272343141042897
0.0022790192871365075
0.002712218612934968
0.004493026192962682
0.003017577538315331
0.0067581282728282
0.007914694008178732
0.0050533951135838
0.008205296042706657
0.00339249070780468
0.004588015040676844
0.005101745716969875
0.0041550700380875195
0.003122556771985759
0.0020650835163290174
0.0011612522163122398
0.003525464006717165
0.002550616308861952
0.003922506407814965
0.003519899507133179
0.0040782198604239345
0.0036983383181443804
0.002906548427742598
0.003058367786870881
0.0021269295111290545
0.004042037502308758
0.0024132419264558305
0.0034778162005966264
0.0011569648203238942
0.0006977661485551244
0.001934087087839171
0.0033762357095243234
0.002164978809178119
0.0019224869539792469
0.000629935862417097
0.002286000884253286
0.0010000185307275523
6.303121540243259e-5
0.0005445749936927455
0.0011779947410619509
0.0010564814314010637
0.001199058975067322
0.002538967420925656
0.0023494421894286006
0.002209187344270447
0.002845330382568082
0.002039759572896189
0.0009527565247241978
0.0012922363248050778
0.0013363263622524805
-0.00047452677414879397
0.0020351662235182574
0.0023453678210813983
0.0021831803977303164
0.0031018938195068054
0.0029212043469667836
0.0023963153205644712
0.0006456516647592491
0.000777429655602304
-0.00014382310606055396
-0.0015179398235584632
0.0005108552922821135
-0.00043607181956700444
-0.00390940411043584
-0.00022683858335828522
-0.0006730314284900354
0.002586364240105859
0.0012001033341313564
0.002219415518372618
0.001193039200587343
0.002242276778854119
0.0010137538963758271
0.003203572440933022
-0.00032484744945957174
-0.0034367545585555236
-0.007259605805976438
-0.004290851299861396
0.003613520448352219
0.00946961054382901
0.04206310314446802
0.09000285465205576
0.11864818676179094
0.06967983144170498
0.052261518041459024
0.028147910759627897
0.02121804926364587
0.010410743713058406
0.008148855822165823
0.005448935929642382
0.003992167390740045
0.0007401876612722876
0.0055689547319576534
0.015030819486101873
0.023834973471037253
0.054228717103183034
0.05054593824106771
0.051265815685403456
0.03001555248862388
0.02388186737184206
0.014131137468499486
0.009735566638302124
0.005812826840846521
0.005479413274337276
0.0034054559509804163
0.003944446954434876
0.008166691463330598
0.01041799278761522
0.018685414450859996
0.024217203495379657
0.03214112223550619
0.02681696648418019
0.023126506373327794
0.015087171622155083
0.01220152611416625
0.007805651127956612
0.005917715951785868
0.005038031226199059
0.004882027232302234
0.004187099293147878
0.004544166330340067
0.008511509175694452
0.00883910464067853
0.014975444735589715
0.016006794186130394
0.01802247216113168
0.01400336563635171
0.012080721325856079
0.010450374395303608
0.007663330341054601
0.0051236221900971095
0.006438210859403686
0.004246830811121107
0.0047654604700504725
0.003639835915809125
0.004904927722167334
0.005559590593899543
0.004791046951220607
0.008745486847798287
0.008313542361479803
0.009532077819670729
0.007841775862729394
0.008254041860659624
0.004534097622899585
0.004493567157002884
0.003552039826974454
0.0033984640083730916
0.003075594248565552
0.0018431054370741723
0.002130626107876695
-0.00043731220159956086
0.0016085495243425567
0.001681647129655625
0.004586412857453964
0.0038700708257956512
0.004836583099876471
0.003720955613398893
0.003687283484448337
0.0025290579227329494
0.0030117096794583112
0.0019957795700065017
0.00280431187945426
-0.0008079656866119063
-0.0031571721554457875
-0.0038483156152266376
-0.005113783602256135
-0.0026022885539753794
-0.0028213682426049985
0.0012723348443514167
0.001041278072769346
0.003285536079487712
0.0022846085920823966
0.0030164279185821057
0.0022872920157967326
0.0004745758314167989
-0.0006187945936679349
-0.006197583916686304
-0.009274314246444607
-0.014598309504580458
-0.01223618120076865
-0.012397855977140323
-0.005722370089833016
-0.004009102315677644
8.886060892210644e-5
0.0022274743663882944
0.0026149180633076364
0.0020027626571949516
0.002774888190645026
0.00015126339551153325
-0.0011623825364021302
-0.009685544736318245
-0.020203670884477307
-0.023370895515338573
-0.03355667333357852
-0.025528177819928468
-0.016629376650712714
-0.004750619492471772
-0.0025203091057036287
0.0012300699277491898
0.0009137829290254741
0.0016958875322310445
0.0008142977512954885
-0.0010894274171377148
-0.004526314313527632
-0.019630806890640035
-0.030229701451685076
-0.054012833138633094
-0.06272813155065907
-0.0604377291969709
-0.022388671548179615
-0.009019732596276295
0.001980260691177638
0.0019085763334401621
0.0023794271274733573
0.0016518839372688875
1.885847536727781e-5
-0.005271990886588143
-0.00766042791437195
-0.02433220180732361
-0.056806911962869966
-0.08644059941153308
-0.14667159857852116
-0.10921140912093366
-0.036619056854026076
0.004962044094673989
0.004903457795126534
0.00782964177320388
0.003883800319004399
0.0023218403561260192
-0.0011858309087446996
-0.003690741089922218
-0.01311390681256293
-0.03397394274705034
-0.06532342708122127
-0.17309057338540748
-0.31693110232112065
-0.23892817429345628
-0.0008296735061614705
0.018958336855926627
0.02039432299988929
0.010708021235041996
0.007094881706450493
0.002444295681910372
0.001512708557946538
-0.004048499758533917
-0.010220130664266705
-0.022820520573581058
-0.0654528066673234
-0.1349115084141993
-0.7061889581580219
0.530645029969442
0.12539076369111254
0.0724378135368688
0.027231714748258095
0.01951084552328317
0.009229239518514606
0.006337910750288959
0.0013373682165507149
-0.001525897394029904
-0.01161655302209471
-0.010588160838459457
-0.007320127607752963
0.02146508969820127
0.32179437244862147
0.21226564533023068
0.1295483717912706
0.056578955692974615
0.036085159636539
0.01870797333750266
0.012133800481616889
0.006362649579979633
0.003987333142670358
-0.0006100966094987002
-0.003111779464660958
0.0010613034756234887
-0.001769319262377794
0.0005560098219261235
-0.00149017719005605
0.00742211667709344
0.009281063063954252
0.1036703650261228
0.6667072950555504
-0.9910091899860999
0.0020610602386986997
0.03030642587639799
0.00820962527329773
0.005436922651165505
-0.00012258512637434687
0.0001678777083663784
0.00018207703612190343
-0.0020734053527838975
-5.829940316259545e-5
-0.007883424803789979
-0.0065379126739691954
-0.12348008504223619
-0.33181836123685604
0.2695059308292433
0.14246870015926974
0.03646239530462456
0.02184772021565532
0.003741280129017406
0.003755461551902844
0.0020135045604662456
-0.0020158856228707353
9.734429490955594e-5
-0.004656795940512809
-0.0072194160511326955
-0.023839557790323436
-0.027760406901251214
-0.09331827229943514
0.08704828035699685
0.03502815503794889
0.03695199336117532
0.010356420941082523
0.007366092857998431
0.0024170940315247514
0.00031468880473945653
-0.0005752826191418666
-0.0017575115460634829
-0.0018336241115979287
-0.008617659738456828
-0.009384378542529048
-0.020308457412292636
-0.007383462530671572
0.0032688353922553
0.029714214143635363
0.011076539482636334
0.010719887106618866
0.0045061880754224655
0.002518918263753908
-0.0005561894167861037
-0.0012654157503074787
-0.0002808512962091277
-0.002036862670580584
-0.003480191803972357
-0.008540848984221238
-0.004629753378403513
-0.006746082393318406
0.007758837594032095
0.005734304105872508
0.009891960234035865
0.0038327268271899175
0.0028048119501056083
-0.0004584070174835387
-0.0029057065599730203
-0.000232010659599207
-0.0008053798974033795
-0.001472315789144512
-0.003234799300797408
-0.001573565398681415
-0.0038101033911277908
-0.0009498158292887991
-0.0009231311739018272
0.0039182856922849
0.0016545391619837058
0.003557812343568825
0.0003364982580801033
-0.0005097078884975556
-0.0014444408370213417
-0.0015358337186707385
-0.0011464836994817937
-0.0035021710509109726
-0.0024987150765138355
-0.0035685376635507466
-0.0015700244684581487
-0.00158721842662464
-1.672529720918867e-5
-0.0010624501373385745
0.002627007843488628
-0.0006540413393241731
-0.0006468981817072017
-0.0008017779309682371
-0.0027135041540518622
-0.0001387740307499721
-0.002137184652098792
-0.002654542181464707
-0.004036335205282901
-0.002673913247942706
-0.0032980637316727575
-0.00042360781465638705
-0.003355181459862498
0.0003647179054777124
-0.0010013327599438532
-0.001040184374499733
-0.0031129354505162366
-0.001526447677550477
-0.0012332395058312386
-0.0018964129217754681
-0.0021015660440823606
-0.0029382889118603657
-0.00300778199951939
-0.0024706921391648715
-0.001538913483625553
-0.00316343507068566
-0.0024133396025565403
-0.0019686754077862414
-0.00076379276223636
-0.0014709462403506466
-0.0010748168309663096
-0.0009069758575747797
-0.001969594875380581
-0.00022619794254814416
-0.0014244209308444172
-0.0028967227949458756
-0.0024258051927723624
-0.0007001373523982055
-0.0029682143055434146
-0.0009943405622914888
-0.004027777942317844
-0.0008850893110171405
-0.0035861794738808466
-0.0032778256489193716
-0.0022055996201912854
-0.0020981703537193068
-0.0019686924869281946
-0.0018505227744450268
-0.0009420940010844763
-0.0035025647706761576
-0.0016940722915619847
-0.0025465928301746208
0.0016632689981998078
-0.0032226452421300223
-0.0018552310547644505
-0.005417299277302794
-0.001353963691711006
-0.004616789212357895
-0.0019411507253846625
-0.0036833173871399063
-0.00163080913635766
-0.001180765085874239
-0.001792620881573412
-0.0017098187325792263
-0.0013545215730655185
0.00414708423642532
0.0035168339105262473
0.011206055503223346
-0.005849151898529703
-0.0025971067591091497
-0.004304332143811654
0.00020397348935918851
-0.0023810160396991534
-0.0014561144320492793
-0.0007416955840104021
-0.002117834190246379
0.000679962630217336
-0.0012506236729678012
0.0038598593172526102
0.0032292911538545927
0.027210045163458648
0.018832442204324888
0.0077226185624082065
-0.012989637295239808
0.001908759455301538
-0.002109543584317578
0.0011737156620077478
-0.003216791471226156
-0.0009376158658315147
-0.0008892997852813318
-0.0016547676186485615
0.0019484201084693134
0.0019589084931494463
0.021301801510746315
0.044463797877343794
0.10856634056316718
-0.03454825307721509
0.003779500782282237
0.0012568637603289337
0.005690917895556045
-0.0009808614294504504
5.1252607526671375e-5
0.015162792306461463
0.02855951271941204
-0.09995107661447955
-0.03487652367494657
-0.015808075437949685
0.003974814055162823
-0.00038708034173980674
-0.0003314000687780991
-0.0001259299803428967
0.0020367861694121662
0.0007070092147145103
0.0003202829145991156
0.00028770333548510003
0.013441311781632449
0.014216816038816655
-0.007948204645754905
-0.015484854452380679
-0.0104632820665343
3.569657011879567e-5
0.0022824670536896853
0.005246314659015416
0.0013575678195592846
-0.0026412202920609845
-0.0035267419935108603
-0.0007414270823459259
-0.0006317627450920754
-0.0024372498992036654
0.0052225525192888915
-0.0009716105432890018
0.0067205397432397096
0.0026880999303578444
0.004481112882132307
0.003023267107603111
0.004138165232779207
0.0033087215999014325
0.002294227957174628
-0.0012015201557707901
-0.002377656488966143
-0.0006162227902501119
0.005860417855941892
0.0006700322905990189
0.0010410979090370088
0.00519285740050259
-0.00042518146967791424
-0.008195764318426222
0.006420328148409641
0.0003619509198825605
-0.003160492430061798
0.0017111523837057309
-0.0019696536720666792
0.002077883587536569
0.001117102982338399
-0.0018342294941269695
-0.0024738639601175278
0.0017277345085021827
0.00514121298328263
0.003814586317491361
0.004880621915470984
0.0009023145757442285
0.00554280307355385
-0.0036854405607726426
-0.004850502132151128
0.0006816056014506008
-0.0012160337218030425
0.0024523475028815716
0.002156960295089984
-0.002613841588802821
0.0037255415548017126
0.001459795519937143
0.0028875210034606403
0.0026162141471775856
0.004237215466626441
0.00024227193212887437
-0.0022252563247392625
0.001600342285206501
-0.003119854354518641
0.004545461201928431
-0.00013109547338534385
0.00018354613600445524
0.0033801574957856425
0.0031528867582434643
0.003437140672183533
-0.00024993509754914016
-0.0016455491413004373
0.003399609568677815
0.002932343736299798
-0.0016968487483787122
0.00043164267108421596
-0.00046835046805201335
0.005899256213114685
0.005639302126867283
-6.938247779023987e-5
-0.0027419491875699015
0.002738418718983988
0.000927960751336645
-0.0013355620023046072
-0.003064861327702965
-0.001057802656382953
0.006816154375631364
0.003002798723977804
0.0009883182617654953
-0.001974876031279416
0.006367145589437092
0.001062759251749232
0.003963029824151368
0.000528273172697267
0.0044549800234528975
0.0010447494822046197
0.004143214479295382
-0.0027768814294769255
-0.0009158428153673773
0.004162452263586096
0.004923435607925956
0.006408493579179008
-0.00544182113226297
-0.003155732497578933
-0.0026153755844707635
0.0006732423644724394
0.0013559108154845517
0.001385178647321416
0.0017170151732116834
-0.004116597771391421
0.0032630723918720722
0.003208293839992894
-0.0033796470048931574
0.0019487954637907867
0.007328862024564007
-0.007838271467193314
-0.015167991547017685
-0.03127982175595353
-0.005582269528051829
-0.000653262584230412
0.005717990637026394
0.00386308821656073
0.003868690973957068
-0.0008535598237871807
0.0017376347742470689
0.0008593485906710295
-0.004892287993638256
0.003561492053567447
-0.005577371214255391
-0.0036033894358873464
0.009224304228200489
-0.05706921060663136
-0.05555808307427699
-0.011820210012700796
-0.0020786761735956697
-0.0007661625041296566
0.0018324287663664437
0.0030346040578022857
0.002555531781050825
-0.00031792791600088974
0.0019855063933342807
0.00363656520179005
0.007058737792467171
0.01721861503574541
0.1058991734030823
0.0840902169146854
-0.08512275668095563
-0.0295789448755276
0.0005337890216346629
0.00130712707262141
0.0003995908583796507
0.0013293403464453737
0.0006640583087576713
-0.004264146575415491
0.004566234594348908
0.0030731652495378297
-0.010578706460391751
-0.04076001290124861
0.14115790498647895
0.09424465136709467
0.01751759610320893
-0.017367377838212465
-0.009897094948555446
0.0047253498224674355
0.001580351135062773
0.005176761223339833
0.001673975829700372
-0.0037650631172781073
0.0019782600136129965
0.01043664087746311
0.009515115444321879
-0.02759426217916995
-0.18119125868271624
0.07136905983367152
0.024246207509141162
-0.021961648400303468
-0.0018019611075279192
0.0017714924139093195
-0.005264593440454389
0.0046004456889322115
0.001628909044539847
-0.0038151078596929465
0.0077002330942789335
0.013769731126347615
-0.001580121808989348
-0.003981641936465639
-0.002007690835093802
-0.0025900771628477714
-0.0030937052083982557
-0.0012486545495140142
0.00022322422278734494
6.075364127608961e-5
-0.0005893193865384872
0.0017269629973397903
0.0008466508027396449
0.0007668651844052887
-0.0009001545917539811
0.0012161123385519643
-0.0011843966934376225
-0.002633921629068596
-0.001829381407448509
-0.003431517794755345
-0.0016349481259380562
-0.0036531683597229893
-0.0028896763996576168
-6.942504790768408e-5
0.00014159395543849207
-0.001407373833815127
-0.0002599840961709369
-0.00440966364513303
-0.0015965402923122818
-0.00027086464846089636
-0.0019254041303088953
0.0003858486450784048
-0.0016722064603378283
-0.0007111018617593768
-0.002081730690094145
-0.003835605641696496
-0.005158962998123767
0.0002506117347023294
-0.0014408569777519013
-0.0010689001311265612
-0.003819987476007011
-0.00200657665349948
-0.0009301313295093407
-0.003143985525548405
0.002148729706804035
-0.000695369386881631
-0.0005174089960629884
-0.0034733149579866396
-0.003985626207482043
-0.006696126384741655
-0.0037974498271204776
-0.003650215779289921
-0.0011902150101604763
-0.0017002371487172753
-0.00037036392912690233
-0.002525701972816023
-0.004469853078300761
-0.0002956407954264664
-0.004082302051868352
-0.004952289215979482
-0.0012977708689003405
-0.0021448895659458133
-0.0015131387593444899
-0.002915573942557161
-0.005234899012202424
-0.004980258592321706
-0.005447083882270856
-0.000516616557848451
-0.005410500535211838
-0.0007190377048155788
-0.0025596745370391415
-0.0026940923714287176
-0.002335737133815386
-0.0006823988543832372
-0.0016618854922094257
-0.001476833157493592
-0.0017873354526351244
-0.00786830138067164
-0.006898132563714511
-0.005320469906037797
-0.004513535591584035
-0.007745019668794204
-0.0034970684331723954
-0.0038716739111018354
-0.0006651576561897722
-0.003024282109462677
-0.0028271661284496015
-0.0014401091957250822
-0.0009963623003036125
-0.00048276261141013104
-0.004869581796915785
-0.000200714289354375
-0.012610577922407362
0.0030389395921178917
-0.004673122731520406
-0.004931372980226216
-0.0035054057319678705
-0.002179776952174244
-0.0018307168665224346
-0.0014182896865258684
0.0013249566911523864
-0.001043806553488676
-0.0013826690995083829
-0.00044801761446883475
0.00277960956587197
-0.004481957544649309
0.07146840101324886
0.14914455066508028
0.06443173704662349
-0.00187883600978318
0.005181334815068953
-0.005049116264214658
-0.001986687112817143
-0.0005988119419345502
-0.0002897948729778984
0.005319589225839008
0.0025374546030076037
0.00304580274268739
0.008417436778204128
0.038189250339157294
0.16763668176386842
0.07725944075135248
0.1719606593694553
0.056002940135048564
0.00042093018207863594
0.0004895796690653206
-0.003979878295658327
-0.0004359298859412131
0.0008503422919506165
0.0007958840061295845
0.004419626261853481
0.004443869626274973
0.008820095322024676
0.05554269432282207
-0.08265494824810288
-0.5024474048510799
-0.005198277241540275
0.03409978676150847
0.0014492966119002229
-0.0030595717296207875
-0.0031703568157381797
-0.0022732928546700636
0.00028799618808608045
4.323728427666894e-5
0.0010343394042413782
0.000992658997093593
-0.0027184319220927887
0.004945684970713642
0.0003904852914713931
-0.08294856425576207
-0.017386133870044077
0.00026833799301016086
-0.002092668599124
0.001608623575543831
0.00038981782749260887
-0.0006007843345380154
0.002518931572883659
0.002102287599022786
0.003399713049254434
0.0012609384138849986
0.0018922415420034118
-0.0018957035587088885
-0.006400521258841257
-0.024807366668268032
-0.004614441943935478
-0.003404752993677804
0.0009980835428201728
-0.0022743660733757264
-0.00032152573311361975
-0.0003180867580758406
0.0024873083065008513
0.002863994026204699
0.0021741718659247064
0.003488989348274082
0.0004527269142830787
0.002418482587940863
0.00046480716326724903
-0.0029196998182178507
-0.004767696632056636
-0.001022949719819255
4.088696245885696e-5
-0.00047120693965838246
-0.000621633942696837
-0.0017972235616923213
-0.0008770735108213087
0.00020844339917914414
0.0029039703566818235
0.0019372948069148327
-5.4905573788917994e-5
-0.0020721164235578526
-0.0005374961521200646
-0.004163652186864229
-0.0031554614504729368
-0.0012354886782106305
-0.0010263034622595751
0.0024650446610999114
0.00036197688080991
-0.0003469860981247421
-0.0026449674157800933
0.0009069544534487038
0.003443314649848655
0.0053485365913468735
0.005812909535692794
0.001853061660505162
-0.003946393795643903
-0.017170494870822773
-0.019768504279989472
-0.02093315350313333
-0.01708927025112121
-0.012854139142973396
-0.00858739621618354
-0.004348648634036226
-0.00258505187579684
0.0030799466959416395
0.005651783879433502
0.009853236976225843
0.010325941449573987
0.01008036226397424
-0.00025236009704188796
-0.02793325024808948
-0.040729383602148596
-0.03191624110558599
-0.024786418914612175
-0.01716455234775853
-0.009621855431613553
-0.005745076466315096
-0.001050147741414723
0.004713983105672383
0.011047124153717756
0.016919496694539564
0.026155817888998262
0.027543948132628455
0.010082663856883636
-0.06001408400245788
-0.07309615343273908
-0.05639549614585959
-0.03634802507497567
-0.023816232167167443
-0.01386692237878089
-0.007267047593170312
-3.0091303091855264e-5
0.0068779663290388735
0.014227894509455974
0.028257834872587147
0.0489428873612464
0.07062715031589185
0.11585388713683961
-0.16350538338774961
-0.15421586696912176
-0.08684791052016581
-0.051609914654768864
-0.030614418705774034
-0.01603613973774995
-0.007575307443279333
0.000260900719762564
0.006351353031736288
0.017651018988818594
0.03723925658194315
0.07475086304427062
0.16327788217115566
0.4633685400562499
1.0246151805770425
-0.2416702631055579
-0.11693320452650381
-0.060629464347119896
-0.032654091487849944
-0.016257318186987828
-0.007114206029350291
0.0010150539226357073
0.008472153663120215
0.018125152573290605
0.03494939909794004
0.0694430089851157
0.15504467855080012
0.3211923549826957
-0.425243302542198
-0.22856664584908581
-0.11199256125660148
-0.05545767506464942
-0.029493377983261314
-0.015565254031706973
-0.006913417437723308
0.0016083484179106053
0.0074146665458523576
0.014285080614891926
0.02652917762244226
0.04185101114008765
0.05390292190995631
0.06621272834882248
-0.09907285759048388
-0.08979565586098498
-0.06852144010780305
-0.039295672639846034
-0.025310677899610574
-0.013551164674850605
-0.005792367831468461
0.0016189745309962338
0.005113291173495095
0.00999299967863502
0.017222045478882172
0.02315151499213638
0.027929465877081915
0.014030032509990801
-0.019010010438064044
-0.04508300274348118
-0.03513603192493302
-0.027578544186739624
-0.01790779059975523
-0.011271547996297968
-0.004483498762662087
0.001437568603531047
0.003466410006578797
0.006359694301904913
0.00922355296036948
0.012193431253179872
0.012488747778130138
0.005291522369084442
-0.010513455504141976
-0.016399315702741356
-0.02036540034631855
-0.016339345605667438
-0.013356569157805346
-0.007550912959530767
-0.0031368563084597395
-0.0007587900878650558
0.0012980114684041906
0.004698394245053484
0.006515855040106231
0.006494781638272423
0.005351370336499555
-3.96522607253205e-5
-0.005975157390952923
-0.010468565853218198
-0.012400597226892114
-0.012067504903589023
-0.009763594413610268
-0.005238172715348665
-0.0031080768607979086
-0.0007156601566779408
-0.0006535152664891755
0.0025834350439811376
0.0031211746712117416
0.002939364457747435
0.0032195335465031926
0.00033445135437121926
-0.003349084244743457
-0.0066396086516243855
-0.009698123315774788
-0.008671892205520093
-0.008956681416987217
-0.0059909648883456545
-0.0027700160502643735
-0.001245620326411923
-0.0003786847412487936
0.0013951525235358327
0.0021285774153441965
0.0019120066163932185
0.0018700537135500719
-0.002168282048553168
-0.004138797727784907
-0.008370071177574953
-0.009414830107566666
-0.008067185270613777
-0.006957180222299741
-0.0058717527857345036
-0.002670740025174271
-0.0016957578542223246
-0.0009140823065328959
0.0008966481723527995
0.0025571286940218965
0.0010096546331452034
0.00012647196541442436
-0.0030216965951913415
-0.006098258318265297
-0.008459030104331001
-0.01124401631410515
-0.009729659266932965
-0.007571760502625449
-0.006020776000323337
-0.0029168137590252614
-0.002370706105630847
-0.0003877209351353534
0.0021637931414574423
0.0023394057809881094
0.002064235199075163
-8.271159220689319e-5
-0.005630843785006348
-0.008211102163044524
-0.012535418337719165
-0.013485635890366348
-0.009837785205367511
-0.008554690965482423
-0.006357027418379695
-0.0036026890288851287
-0.011334281955375138
-0.017608623943223923
0.009161637253438576
0.005841202840541565
0.005998676318393896
-0.014312084569859109
-0.023017323443294792
0.019480551099120495
0.04223569047486265
0.02715236208448878
-0.01898929997298415
-0.01959439231385811
-0.001215265937935922
0.018434450730555253
-0.0015988792038074
-0.010010415826579012
-0.0030680558199061743
0.00859281761816651
-0.007438170709212143
-0.0004866110527540614
-0.005874364960392753
-0.00317777731983931
0.011644906815990667
-0.005290399691494497
0.013547240786695064
0.002897636993315051
-0.0006220200393311319
0.011862361168935224
0.0061974126776302586
-0.013504173233393339
0.012752522629523281
0.006417414677265255
-0.018666804673371135
-0.0005773985361672642
0.03370943163335738
-0.0015518528632302566
-0.035985746097470225
-0.045498895527662474
-0.012693619355423432
0.005062139867503555
0.003442717922298535
0.020176503107722912
-0.00849464716989762
-0.02232150034326783
-0.0031924058689987056
0.02273327928540591
-0.007606521816893039
-0.006559929349345615
0.006780001800870428
0.020730960914729746
-0.007312308039836172
-0.01552209344996021
-0.006471101475543178
-0.0045560949501207045
0.014105936953046034
0.013863378023826926
-0.0032579739915153247
-0.009692344305187185
-0.010685045823428047
0.0099504708310523
0.009630324084418773
-0.0038518437587776134
-0.002529618120871384
-0.025309494527198103
0.007475375074827431
0.06692048524827911
-0.0008341163967233048
-0.017735421746664
-0.003111772664418642
0.011018808327106552
0.01494280038421255
0.0006485605276884184
-0.01381843227907855
0.015139404185751194
0.01753425463614872
-0.01516018340472218
-0.006097842082257028
-0.012202748911007404
-0.012279519624242653
0.04824166021401499
-0.002523452944826407
-0.026977777573848588
-0.004059860398072341
0.0067074971608786435
0.010793685201721722
-0.013627882225180995
-0.016259928560595636
0.014325929132156344
0.02490830973699065
-0.012568558796699169
-0.008673748571988438
-0.013438760053903879
-0.010374233188284395
0.02123978794091865
0.0052363712138975985
-0.01684834339394164
-0.011635791946357256
0.009857702539311161
0.005660646672843856
-0.007605972427644438
-0.017669267106113627
0.0054159924885161265
0.01798476975964746
-0.01071502739205428
-0.005812082867368018
-0.01944862636555639
-0.003669099073808363
0.01416647724592418
0.009525609162571592
-0.020234274509609802
-0.01076686263197646
0.008884050282590612
0.00855226770385682
-0.006611237948492794
-0.013934222719747433
0.005431950040630639
0.012601215367085972
0.005462764247862678
-0.009123526868441808
0.008854161268125701
0.0013451415190465451
0.0012634884690869883
0.004243280972770072
-0.006458871874120733
-0.00931932803943115
0.00870942233617276
0.011172015018308884
-0.0010021057232314067
-0.0037412559584864406
-0.004303498225829311
-0.01034442052394619
-0.016589321688447543
-0.010657028391571777
0.02354630689033586
0.0251595952168199
-0.012837872204335568
-0.0018620359790447762
4.375341099232665e-5
-0.005078810158180855
0.003017593881715497
0.009249487788050927
0.0003200847560541956
0.0005272481234088083
0.025022605130808524
0.0022690206824626143
-0.03774228737779425
-0.005273606688544606
0.026616456293763212
0.0014133085616411742
-0.01711812543450024
0.0018667496902278105
0.014880411408008777
-0.005873210492729216
-0.004615220448204567
0.009209090100853587
-0.0012118907108621098
-0.0034866451107970577
0.01111322827190607
0.01637720787932947
-0.0158599326012768
-0.011057822620634454
0.028502973174927046
-0.010649570911537959
-0.02160754585895574
-0.00020174094535881895
0.020853647109600436
-0.0034610303060518244
-0.012063878411530032
-0.007729359030818087
-0.003031330231721729
-0.002157442762361755
0.003898102386990163
0.008591721543288721
-0.01202331408158645
-0.011609927581553927
0.008450396084752105
-0.0025381737862531966
-0.008037771546081143
-0.005059839881352196
0.00894206196306068
-0.0010616339261018586
-0.00348316174585264
-0.009355073936273219
-0.0008595586458914147
-0.0023223224171757617
0.010972319707960813
0.004702514210563242
-0.00842881939371562
-0.012220777999449022
0.008437759608050587
0.01238033468539005
-0.012060289923996692
-0.008884898293103828
-0.008744429414791942
0.00893811771499789
0.004055127256315509
0.0024241530059339435
0.005320054972319191
0.0025732566162173474
0.008340866152986312
0.007754482575596975
0.007990267149905366
0.005673309175059715
0.006319658594354259
0.0057188933655833865
0.006413401753457223
0.0035246222977159676
0.00448367263824524
0.0030669195524778703
0.002561145342994233
0.009073007082743136
0.0068618817670593945
0.009346959129457367
0.009817633212287092
0.011122747728105287
0.008428621225930764
0.009230592904222052
0.006081307603176646
0.007825329451189305
0.008198741462740576
0.0069102873202621
0.005812356942516416
0.007042667318576009
0.005310150207900005
0.011604644325299649
0.01479741274676972
0.013168297935916859
0.014077138087156856
0.012420130562992047
0.010918748805793327
0.009003322191251493
0.009101711028590889
0.007207921779528612
0.0074069140962539385
0.007290700841522785
0.008131998908909718
0.006988892386712832
0.011545517056787904
0.02129873087769016
0.01767870233466594
0.020900055738166223
0.015461325843396852
0.014485819743018878
0.01202681279954251
0.01064621859023865
0.008763334975291689
0.008581011101354665
0.00757358879213384
0.009411045525619399
0.008625756744795161
0.012947827433277385
0.013278795620538866
0.02778513376775201
0.03490924988990725
0.02573599692242977
0.023015632550571777
0.017230165738687277
0.01590037825640056
0.010502417150419876
0.00939727724817247
0.0078570341601147
0.009136041706691779
0.0067766630176532006
0.010094540285981567
0.011244034705179084
0.0226707378061829
0.053728420905311304
0.05082901568366575
0.044602224831109684
0.02603570000440094
0.02257171727167173
0.014300312267281425
0.011602719760984223
0.00904888729172239
0.010349905607918368
0.007875180480295481
0.00796279214782595
0.005306930814976511
0.016745452848246842
0.020171372180885674
0.09119931010709753
0.09835165958174823
0.05313905289658487
0.038924072663651034
0.021506242846499435
0.017932129713785664
0.011193424382548067
0.010197496083069753
0.006797053646086184
0.006533341063107982
0.0016411490605995397
0.005522535127958307
0.00047296429417672875
0.03791037433666771
0.254008203267072
0.16528887570798734
0.08344348961449162
0.03415166392061466
0.027105874388786855
0.013825767206324923
0.011291383909297808
0.007345466098419924
0.006931452856317843
0.0001009150080178576
-0.0001992725297962105
-0.016730512661649048
-0.0028312468201809474
-0.03293977338104465
-0.653602385271843
0.28391572641088286
0.04859799515917165
0.034043655918827034
0.015726994842480656
0.01527853339706254
0.007853156756859827
0.006827282582480118
0.002512690639202214
0.0009468932902855164
-0.012733660953615158
-0.018487995035543648
-0.0884319606932583
-0.4074468989880781
-0.3865949594122787
-0.14235571454682963
-0.007579516174230499
-0.002092565464896021
0.011289527962215617
0.008009155762648554
0.009007098107045357
0.004875221950193961
0.0041093814506718476
-0.0028817804655422597
-0.005847840553285942
-0.03721676989792643
-0.05490192890334123
-0.1554391378178265
-0.14021112084118975
-0.03980164484078403
-0.027758468223314795
0.002589620077648615
0.0021338441842280566
0.006287008061471661
0.0059917318352070105
0.006805936290775558
0.0015262427930776735
0.0007619799897297131
-0.008699006093240263
-0.013972941115391668
-0.05432211995422634
-0.056286183472934764
-0.023560179713125486
-0.03308526474025167
-0.006457944256749223
-0.003378581235019232
0.003885526863640902
0.005438829601491388
0.006834147090303947
0.004532278965053475
0.0031266415799695666
-0.0004219059872533238
-0.0018528710093210798
-0.01268325316041034
-0.014580853639853338
-0.043178008492955285
-0.016180671142696425
-0.004844953731066826
-0.006650146358745549
0.003659118464508315
0.004314929413508614
0.007403778576136904
0.004781856702013872
0.005544376491410088
0.0026011327670426815
0.0026867681123699558
-0.0002539273348880634
-0.0011337350270356616
-0.01157422858910594
-0.007340546826946568
0.000707645739186223
-0.002048068324690118
0.002854600715035338
0.0026339135205330332
0.007055711196572032
0.006673814172605273
0.005929207590939058
0.004432143157760064
0.00473768181108166
0.0025437583985130226
0.00169776961154162
-0.001443247125102924
0.0010214466066352766
-0.003322160888414517
0.003255508643883029
0.0022313272969045174
-5.444406732639852e-5
0.00022623070761927514
-0.0006297682736067292
0.0005548622276885685
0.00044631839898953685
0.0007657036029392298
-0.000440700492536079
0.0015573760256700074
0.001161562406697665
0.0017809185530293639
0.002118685425701401
0.003591299032995312
0.002337802356514462
6.25401849162891e-5
0.00010939369923557173
-0.0018021275707575711
-0.0017689862064974534
-0.00039534605022085035
-0.0010262127439739175
-0.0004426051847356316
0.00045471586230296516
-0.0013017956792587058
0.0007193335751616301
0.0014927610260478724
0.0007782495168597292
0.0009557299612730039
-0.00028489004916150504
-0.0006113633746251573
-0.0035614499058423746
-0.0032298535375881446
-0.006110481964828642
-0.002556388194875695
-0.00314239423271466
-0.0015883209070946726
-0.001353730767794725
-0.0018711333150546895
0.00020509283323711947
0.0014018040116719893
0.0007530616138491369
0.0012787378970355455
0.00024150772419974733
-0.005385634194352831
-0.006686192641780675
-0.010699227174505204
-0.007966529876593737
-0.006021732433275251
-0.0026526964273126297
-0.002039292741327263
-0.002064073573391949
-0.002270623970560681
0.0010587111702026729
0.00047761147632637636
0.001841992286703271
-0.0002757962755720486
-0.003726921810172416
-0.007178124654614495
-0.02771125435625938
-0.02313461132139158
-0.01839626801199143
-0.00958986354851529
-0.005724475081604489
-0.0018737824432089206
-0.0031174803507844663
-0.0010981994764439854
-0.0005731686676447634
0.0002341958693817998
0.0004317709334215535
0.0011319365212416072
-0.0031178307506398517
-0.023527879741716867
-0.05484619701886762
-0.06394928863681196
-0.03177385652219951
-0.0182546192121897
-0.006836901825185723
-0.003265867890074791
-0.0018201480446904661
-0.00030403242820154164
0.0006034268235275088
-0.0017482350615459664
-0.0002832276201442203
-0.0020355280104573876
-0.014198744240322598
-0.050361823494610686
0.5713485481925157
-0.14374318395648708
-0.05984415183170784
-0.025688054194032917
-0.011450280852454258
-0.0023020531039865486
-0.0009704675666445939
0.0010782540331647677
-8.235369330318349e-5
0.0014873613364303167
0.0009407368781027384
0.0022541137699047917
-0.006208807081090723
-0.1350654171689748
-0.2826078150781021
-0.24399578266005484
-0.06634256283742494
-0.030061905398262947
-0.009445800029160544
-0.0041793385179214534
-0.0015104418461599082
-0.0005860897665308322
-0.00011106478577203311
3.517083530788e-5
0.0019515778151698272
-0.004763553533006281
0.005867099888587744
0.092418875153868
0.3710575750597561
0.008818145030725153
-0.03803625735934677
-0.009163431667331353
-0.007895474191149308
-0.0019825677133624904
-0.0016537622675424604
-6.625407296087866e-5
-0.00041743888000711585
0.0021495951750319623
0.0018018701926081305
0.007535521043473083
0.02235731548617887
0.028201481911524814
0.09183343090157396
-0.0008082063620162889
-0.0007791297641912343
-0.007352373926962192
-0.0029835811827452056
-0.0020012007217663492
-0.000658626655138532
-0.00040104592617664085
-1.3695630748714093e-5
0.0004622339868871096
0.005739586645375085
0.007693416580529389
0.01198722408670898
0.02454085129351305
0.023841072528148884
0.011969240218438525
-0.001721009243608178
0.000324391136026175
-0.002169448022112334
0.0001262496691588993
-0.0001753562835204209
0.00024280302457163903
-0.0002913841847552465
0.0004561029838233173
0.0037113415377665365
0.009770538705972512
0.010593532475823201
0.010278259453306071
0.012820096159261796
0.005547252815455252
0.0025940166474400766
3.1385254429130066e-5
0.0005445910670679354
0.0002668742028458146
0.0012959883055955346
-0.00045671679573489315
0.0006508270508321513
0.0009047727077105899
0.003972249090960464
0.006016140681928963
0.004940020383382984
0.006660234500006477
0.005914478180019441
0.006058932351290143
0.0010965924445914149
0.0017865317341024117
-0.0009149956248538907
0.0006236607186838456
0.0008505047701247456
0.0021464598602138466
0.0008844194187551901
0.0024866455068199306
0.0022327411525004696
0.004520823350148106
0.004789539700859689
0.0030436571482654147
0.003352914145575107
0.0004030205277079469
0.0019716151878463044
0.0006395654296279676
0.00033094369665011254
0.001086615258194841
0.0008365692094487266
0.0005821970571385944
0.0017868600783185176
0.002482012891978912
0.003295121143998044
0.003502648877677002
-0.0004981534461579364
-0.003987412002055184
-0.01474961543280293
-0.04304498171495283
-0.03223798031264076
-0.021526179750051878
-0.013731304942293293
-0.005226268158268946
0.00039423733138138146
-0.0005174940697657308
0.0012095157419287315
-0.0001664284144171366
0.00020560212317218853
0.0004933008448859243
-0.0018085183594016923
-0.0046552080390834475
-0.022781306675069224
-0.09696954943645585
-0.12049410563764003
-0.03590501097674018
-0.020493221674260934
-0.009436965954482103
-0.003222303851902926
0.0013159037239441301
0.0006732211061074805
0.0009424311768302686
-0.0006138870497762063
-0.0004902853998841718
-0.0023913383787727465
-0.012660030487400725
-0.016724036921991682
-0.11782414356110471
-0.1960224513882277
-0.09048274408822318
-0.034236801614039206
-0.012528497535460852
-0.0016664602750434553
4.509148666283474e-7
0.0003735562563900491
-0.0001647823067713305
0.0006557615654771631
-0.002677552412572844
-0.007349585523790092
-0.0035954278813261293
-0.022657501010231756
0.4922403044257862
0.6211347655694043
-0.1800482427454291
-0.033719151505464576
-0.016800424810557685
-0.003478509704652403
0.00027629504690297995
0.000583398980629817
0.0013316765116111692
0.00024613806854490203
-0.0007020799831057597
0.002722473044567396
3.4237219939944625e-5
0.03806725817936011
0.08972653976104723
-0.09097914611851428
-0.06199878665626568
-0.0210801674278817
-0.011137255042812585
-0.0010575469379722066
-0.0008360902888545521
0.0023347291583931864
0.0019603898771864752
0.0019042664223230304
-0.0014847037109757722
0.0010567685252196497
0.012641781852696321
0.010383528761571604
0.03482861786376102
-0.020386147004739286
-0.010474322937150709
-0.01375130302894914
-0.003673392394532158
-0.000929920093154382
0.00022967420368466768
0.0010274408181669146
0.0021108995526865288
-0.000585218794497706
0.002411639684817437
0.003948262934316126
0.0042124007815450585
0.01243301479984418
0.001898538653604395
0.00753126917374313
-0.005217443197894279
-0.0024910056131718043
-0.0018964113934348235
-0.0013042604170889096
0.0005430647965629256
0.0016969186919595172
-0.00023001832472097902
-2.907074832641973e-5
0.00010317289337729543
0.0019658622508664427
0.005487157041968411
0.00043177876880252
0.0072787313438572475
0.00015705192080964252
0.00148401863349637
-0.002027216863075854
-7.5015164715544155e-6
0.001767885379809792
0.0009531738241779482
0.0006313645863192918
-6.139027576915418e-6
5.506699861386032e-5
0.0011235135980890787
0.0031947894325626185
0.0011437615407876452
0.0023625098791608796
0.003101248813493059
0.0032293354558051456
0.0008200643440215173
0.0027922273389116743
0.002147791812646061
0.0020409582738627925
0.002270473870228197
0.0034581203359463474
-0.00032236343658683287
-0.0003018415180651233
0.0005066639735662657
0.001866704444671935
0.0031997063483288736
0.001106046666350165
3.36781698227123e-5
0.0004905004196279223
-0.00036385390218815906
-0.0014459067436685858
0.0020775071407951916
0.0037711256909120677
0.002290883965580277
0.0008864725853713272
0.0004921050580614533
0.00043167374066065963
0.0009869527318843
0.002194136089848283
0.0018065290484777364
0.0007913030264235223
-0.0007975073803189788
-7.460688802085071e-5
-0.0002261247476945665
0.0008514800553190024
0.002119368011865401
0.0029923106565355245
0.002604694686458064
0.0012806837740655835
-9.424555893257271e-6
0.0006433747843958269
0.002533600057476165
0.0009459858302897064
0.001078911291977315
4.4464130238842416e-5
-0.0001790570414629516
-0.0018108208712669415
-0.001561989120140809
0.0011726807122718324
0.00021797629674091498
2.8705006143595578e-5
-0.0015955682100393107
-0.0004232291402776986
0.0003426394929066785
0.0032298175644238916
0.0037545390748552105
0.0024938572407121884
-0.0003956673284452886
-0.0007177053658899598
-0.0045928860776683084
-0.00620046494280406
-0.006416056081508783
-0.0016510145111728503
0.00038594462365025887
0.001230375496767435
-0.0003619190899690547
-0.0007810778006316951
-0.0010150440962258633
0.0010293212134043226
0.003814708636472402
0.0020651342513435013
-0.00013413081009838387
-0.004798216178273781
-0.011627104556842103
-0.013002180892010618
-0.011100347772203001
-0.006030552904898737
-0.0011541167438393778
0.001147352408591073
0.0030880387604268274
0.0010534461438970561
0.0005932640146201231
0.0006094278440328083
0.003295365806197587
