0.00044783106867520494
-0.0006209674342446982
-0.0010589626231598008
-0.0004435701268001665
-3.1897896651418827e-6
0.00010589093520611859
-0.018126228403420187
-0.00021525914932326538
-0.010096887232208961
-0.010270253051061743
-0.010440285262051237
-0.008837721515191818
-0.009709731076947644
-0.00961374111235634
-0.009749925516020837
-0.008147114531825837
-0.011583157200770583
-0.015602211714440888
-0.01868201898423181
-0.015492354093133013
-0.015515610776902673
-0.012006744370437333
-0.011991995600682565
-0.010087915465146704
-0.00817831673431087
-0.006783356872392965
-0.005831395561731062
-0.008019656115777887
-0.0035258373302937294
-0.011380725532790995
-0.010558480065403646
-0.023757833220277337
-0.02061172008861151
-0.022461532534039083
-0.018441059716973924
-0.015863780395126967
-0.01337902833628491
-0.00857220075514344
-0.0067944694771279535
-0.003451845385870964
-0.00374240900480358
0.0021505383155209765
-0.0036989347044946593
0.0030326392701896685
-0.02976924666942689
-0.03368320955245106
-0.03602950128613801
-0.02703979842343436
-0.022878215510307533
-0.016576702528213052
-0.014044706013678417
-0.009677949002188926
-0.00663719703294514
-0.0024589262028447273
0.004399618941627876
0.0009573802613846349
0.02340500042998292
-0.024680677612880446
-0.027112471714235586
-0.07901381972527387
-0.05414635375935057
-0.03835439450677896
-0.025764096631878657
-0.019069387166063288
-0.0153392320295682
-0.009370113107086101
-0.007025800089280627
0.0012749880952987772
0.005159420290687655
0.02678081412839567
0.027731136104449022
0.017585027107006226
1.1468792746988754
-0.12436012536136246
-0.08365162669660046
-0.04610434815564533
-0.033262835659984044
-0.02007043101564701
-0.01357408525965619
-0.009176649388595696
-0.003116433146103178
0.0008983275788315888
0.02102174678454534
0.03517134428257523
0.18148181206074804
0.5702723262202292
0.6484361688887268
-0.1673039197558614
-0.07586636585701023
-0.053128332632964535
-0.03140133757386799
-0.022016955607283978
-0.014649014995701872
-0.009091813851045287
-0.004413202218439626
0.00244513739299997
0.007920079473767359
0.03174425074354906
0.051173908168548096
0.12240040451756773
-0.05603577173377591
-0.06539024063106665
-0.061539552807028435
-0.039289333923604786
-0.02889795182208562
-0.02088885265775427
-0.013328166423677124
-0.009067759969826046
-0.004788445460100584
-0.003812709407386678
0.00403906831174375
0.007618607562898672
0.02683947142274355
0.012521175548873218
-0.01778030597096808
-0.047539944239831065
-0.0364495090278118
-0.03299815073361942
-0.022389395016572094
-0.01800190740288167
-0.011754624489338396
-0.008261456502977878
-0.007048575672207501
-0.004070286543199895
-0.0043584535687860625
0.0006198010326605022
-0.001740254068577021
0.0027537315259301286
-0.01919778480496091
-0.02275076613576443
-0.028032234546282755
-0.02275701237836517
-0.0198485272532863
-0.01379701721124549
-0.011429591727181452
-0.009652788774090273
-0.007414498273695428
-0.005757919571774603
-0.006595154228203542
-0.006774689394762372
-0.005340006606724364
-0.01005347576795475
-0.012528589877408992
-0.019918561966663893
-0.01980142474051485
-0.01971827396115279
-0.015347895565958676
-0.014651294656429259
-0.010921714785772316
-0.009653471713055813
-0.008203277665977669
-0.00734527187069648
-0.007232107404009776
-0.00680360290265861
-0.010682536823338121
-0.010444518354126657
-0.013533455200083042
-0.014109713840117534
-0.015622848192277088
-0.015646838307661795
-0.014734772665847698
-0.011900987702625045
-0.010715569959770695
-0.009629045624977298
-0.009309285126537167
-0.011116884814075051
-0.00794209513562943
-0.009263603586997241
-0.010900965749729822
-0.011776115034232417
-0.011640826574570287
-0.012000543411190428
-0.011525780668688463
-0.015147698441468894
-0.013894580303002665
-0.013546220175609499
-0.0107830525868193
-0.011347981707184377
-0.0125104325807739
-0.010911582923375995
-0.009831491645406422
-0.009113010483984565
-0.01010179216997245
-0.00983874713406562
-0.011222569493705505
-0.011102618979370331
-0.014009555630485379
-0.012854387817350425
-0.013195046011721586
-0.01202642208109315
-0.009384201762006498
-0.010982850328560455
-0.01061808214440183
-0.010062223530634198
-0.00884130744925
-0.009594862650384738
-0.009117688864619205
-0.008666243339270338
-0.009163970527233715
-0.013570969297302789
-0.015292154305096872
-0.014096081345033786
-0.013703234307849614
-0.01168762558039201
0.11049307622460076
0.13886591120353456
0.09892567989557878
0.05484286168995829
0.037159849458052306
0.02145381052872646
0.01402330779969358
0.0047198753376838445
-0.001151187009397261
-0.014431935578866437
-0.02594331238146952
-0.0547239409768488
-0.08375079187159619
-0.10540687184122917
-1.146093019857291
0.2623853639951244
0.11242524673199143
0.07364411646633895
0.03976130565262863
0.02445328093215402
0.012269527012586837
0.004944386627132513
-0.003740333986352734
-0.01607904041954065
-0.04001692563358758
-0.06982290593388953
-0.2272529997938018
-0.5655962874793602
0.5485273038727085
0.17815736994148024
0.10605960868516445
0.05904718485133364
0.03826486594132921
0.02264266019328413
0.012600485087095537
0.003727411535315608
-0.0041735009257553475
-0.01784450482108213
-0.03722862844642833
-0.08521753967506604
-0.18863836601975142
-0.4473907751718789
0.06313576190731149
0.08336986528869707
0.06203092458495498
0.046488187830760974
0.029686024261868872
0.020939860157943888
0.01173460978748497
0.00422824867920301
-0.004222365671580281
-0.011282051235841242
-0.027637791825656264
-0.04745329945084947
-0.0862953723541525
-0.0968377776118527
0.027210839980247765
0.040141183288145296
0.041339045152025064
0.0318389975622355
0.024703107505346707
0.015737917428564795
0.01084505367271603
0.003594267818910814
-0.0008130461063984764
-0.007313845574249285
-0.014488047791859878
-0.026465189017158393
-0.034693118991632736
-0.032958300167508274
0.010794717770956046
0.022784652328977598
0.0238542404449233
0.023028277553567626
0.018256083986684452
0.013611336708743565
0.008537748304931822
0.005181536863423236
0.0009456222721823648
-0.003134751391435674
-0.006036260473826117
-0.010306495309384819
-0.012580900954988806
-0.006985766114077783
0.009301157895569978
0.0139111008913461
0.017874560015919617
0.016738143546501428
0.014913149255296684
0.012094354242435712
0.008982963003525631
0.006173412960843295
0.0031211387569013553
-0.0005437510989486332
-0.0011738145787501878
-0.0035282346643320172
-0.0018828529942868074
0.0015546446225158162
0.008199092387437107
0.011489741300206146
0.012663290901762228
0.014976409924654176
0.012506311361681835
0.010600259278591751
0.008492583887746895
0.006222054831446552
0.0037153252783818846
0.0026574478310593197
0.000444211375157896
0.00048077612379131805
0.0028672363327566243
0.005554795983801007
0.008557158464379582
0.009760008040145528
0.011767895844743423
0.012681661309592128
0.012014995396547991
0.010717715242403046
0.008782858653194758
0.006193302155325832
0.005232365766401915
0.0035604409575499
0.0022397756665735354
0.002196330494878628
0.0058736303064797196
0.005789576808026018
0.008031875315576061
0.011706121339459774
0.013525488631624748
0.013278715978991657
0.01234744361590152
0.010387398615417381
0.007824633684940324
0.008118142183280707
0.006103362578814756
0.003965771696696011
0.001934694992487623
0.0034142814021765025
0.004212361122424281
0.006053376957300661
0.009562004629139146
0.014293255250565795
0.017438052421703286
0.014871545338484317
0.014906520664699632
0.010283359846383284
0.00894321721685702
0.006974045695562955
0.004932979146590873
0.002482231012840458
0.001219355188177594
0.0009404813982319823
0.0030856459323328205
0.004217420607369021
0.011666362022553972
0.02334126622090621
0.02219302265375225
0.02100641676793641
0.01685850171399987
0.01339890016298782
0.009381648629680373
0.00682032136122864
0.0031582442533955183
0.0008663867287033745
-0.0018047178772570992
-0.0010093018425262835
-0.003333805225693743
0.0044079246405039785
0.027092383151056165
0.03431530670583771
0.03602410898060169
0.02822973748628294
0.023781428291371896
0.016503646151292305
0.010897843434680433
0.004780853456525436
0.0006380169122341542
-0.004206217903883053
-0.0063928768268239995
-0.012644545080845103
-0.010161392931413568
-0.008409349471535085
0.04446180245204387
0.0757626465525933
0.055541478524874496
0.042675007112676154
0.028301977294133505
0.019744905912287863
0.011792170518727293
0.005735426178066862
-0.0018589723081047888
-0.008429039629678975
-0.01851320953989236
-0.024077152748724715
-0.04321302051845778
-0.01735649267143932
-0.009784176764445759
-0.013345050221109935
-0.015389195777995723
-0.019249235827954795
-0.020600598448389768
-0.02419267050728973
-0.020991987580877624
-0.017676065149494328
-0.01398458761624025
-0.011514214524016691
-0.010266585335735242
-0.010786146794955405
-0.009195901045451656
-0.009588768634742798
-0.014441214212661027
-0.017580750358649432
-0.023337300510999057
-0.027682308747185632
-0.037236849397747025
-0.03720600823997832
-0.03400612002049015
-0.023594215801231368
-0.019253849775091567
-0.014429972152732643
-0.012563594883152885
-0.011472266794452964
-0.010489891665571844
-0.010876664298948025
-0.01588995168266676
-0.02198065447471481
-0.029689465902910467
-0.046493223069299656
-0.05644709527471137
-0.07212728295371611
-0.04906493932441536
-0.03877293979601044
-0.022849132113252027
-0.018175514436506238
-0.013366097778229832
-0.013381298917315059
-0.01142282261296705
-0.013193780609544872
-0.01713050872803317
-0.023971278867536416
-0.04167698354233898
-0.059009356728788424
-0.10897281778875882
-0.10147942999772291
-0.08492160528705114
-0.044148339336414745
-0.030002293842578347
-0.01700319833461938
-0.013770509363525044
-0.011287975257885947
-0.012112210023681864
-0.011372424157864078
-0.014706116144408187
-0.024504495984375402
-0.039557800385899816
-0.0880669153878334
-0.1754420296840818
-0.2461652576833879
-0.11485188227980478
-0.056302593049506126
-0.024849384119963076
-0.01696903177152537
-0.01079067004499406
-0.009898563152181947
-0.009894317902676373
-0.011228435939143308
-0.00947787742049096
-0.01220239063756074
-0.03386845299839189
-0.07556913689079611
-0.40841162409748627
0.8908944027541815
-0.013525332260228945
-0.02359822169497996
-0.01758977503026148
-0.007768616487553719
-0.00784505664404853
-0.005365851704300958
-0.0073483693421998696
-0.006604843089387586
0.0009702870615269753
0.004628181845474036
0.028383056471314342
0.07122670488910757
0.26852842415460526
0.4356881927897123
0.10351347375758703
0.03316418121416837
0.014629811442485107
0.0009057788443474271
-0.0014284935882152646
-0.004210268979755299
-0.00239243406337575
-0.0018952322473731772
0.005349592286477372
0.016518296754559673
0.03476211971201235
0.08483474904911213
0.14458936917443235
0.16041117021037787
0.08184421270831618
0.04410594951003925
0.015152125933333715
0.00767168453617724
0.0007398079144625836
-0.0004511514165372676
-0.0006321012844783094
0.0007539633326206004
0.007664035016396733
0.014907819737441722
0.03192497163618696
0.05162697125312165
0.08780081700515587
0.07902341519171426
0.05791146153577417
0.028203189341110747
0.016044092079268726
0.005500693504159748
0.0032633413151688185
0.0002804850711706358
0.0006496272897020237
0.0007735895120276254
0.005058824190132489
0.01223268778762594
0.020076832894798877
0.033690684083762176
0.04092086588915182
0.045077110401532866
0.029960172077742014
0.02182329287689654
0.009855079674737874
0.005102177627987045
0.0012464077884588858
-1.2229531041615942e-5
-0.0012496638308498718
0.0021723570595853425
0.0019353091203469254
0.005093732622692029
0.012310243719995024
0.015970724346441853
0.02133275528705345
0.01931233658409786
0.01797717391724975
0.010962173524270683
0.006742098081977886
0.0009562493571079246
0.0002813825254376506
-0.002657484528808531
-0.0012466390885522776
4.070904609812238e-5
-0.0013793226467798216
0.0012943284287235467
0.0034280858981603603
0.005582277916149058
0.0067725372822361515
0.008516409378593317
0.005389485547561235
0.0037440634008100615
0.0014110199204829925
-0.0007889341404405732
-0.0032869958230995087
-0.0027565362091287954
-0.001613263814827814
-0.0024573439548001216
-0.002730918008371565
-0.00413123978055202
-0.0026788755557678925
-0.0030793916080822086
-0.0016752639189808463
-0.003559079859865263
-0.0032630486501171283
-0.004509570609043251
-0.0036789973144190934
-0.004872421906719495
-0.005751579538448599
-0.004433765419099903
-0.0032264359877957434
-0.004245002797686045
-0.007511834979901766
-0.008586149218178888
-0.009827269673206147
-0.009687452062882691
-0.011865010411525233
-0.011093277700790495
-0.012107611576118673
-0.009224189315898709
-0.008615048526208023
-0.008697861692059371
-0.008258683991648471
-0.007808097147133076
-0.007522931009398272
-0.006358166038970157
0.05093841640069384
0.007955183006240561
-0.012191907128670375
-0.015164859357830813
-0.013433412699053588
-0.008260399889393423
-0.0032765368344261077
-0.0001541087362269569
0.004668822814794724
0.008217363873306915
0.012857973249578429
0.02139203722000993
0.034048331730011185
0.05289226599640191
0.0248886345691938
0.008270292913597328
-0.0015543574192202598
-0.00717929663507201
-0.007175869865436965
-0.004429266392793122
-0.0006215342347956449
0.0017177732540021211
0.003918233320747515
0.007415225326694663
0.011406942849636352
0.013815079410885174
0.02012182789295621
0.023161889180998634
0.009692930479755344
0.005954167702886525
-0.0002831159819241758
-0.0022657643700835116
-0.003804002522127976
-0.002845653848354183
-0.001804071141765741
0.0007217851548944778
0.0025176964526330056
0.005007920524258355
0.008811130897718069
0.008663015981336165
0.010351208068959878
0.011524716042701567
0.004815181412324407
0.0032263706552332744
9.914339910032884e-5
-0.0015122682810023587
-0.0034866188253009746
-0.0037901460610705903
-0.0020029677398321955
0.0005886953536057768
0.002576423620453989
0.0034066723245367667
0.00491629651017929
0.006592967753840549
0.0051078111751396895
0.0038067567082810698
0.001396952103713176
0.0002310125814025724
-0.0009262125842095969
-0.0021702036623770307
-0.003409523815393669
-0.003390734329434758
-0.0030059671876959647
-9.565174960956201e-5
0.0012757171060717959
0.0009654867171221933
0.0027954678142314707
0.005035574235690189
0.0023318512057468764
0.001019050878025438
-0.00040385587429124243
-0.0015464778898773986
-0.002663835375869952
-0.0043901736304177465
-0.0032835770651421263
-0.003017623068711741
-0.0014583658660553198
-0.000976878758820948
-0.002137121965569533
-0.0006623432672978836
0.000544564279762449
0.001757629092950424
0.0013133785925424862
0.0008928217758588715
-0.0002230422304382484
-0.0036349131796650494
-0.00736836631005298
-0.00834448158125157
-0.005407192295177776
-0.0051942260803034416
-0.0013337639467394498
-0.0005546010011921961
-0.0005687862543418828
0.0011296678727966013
0.002918351945464856
0.0026502959009538146
0.0019785578774748503
-4.99798630338549e-5
-0.002776357252382757
-0.006992203743563356
-0.014666513754424388
-0.012591762780960802
-0.009042447465619214
-0.00729568199166979
-0.0036580795104011574
-0.0021520610668738747
-0.0012055598475566676
0.0016714275446896023
0.002798489718348145
0.0023518198332066476
0.0014336176900201813
0.0021997809288039523
-0.0021228076664313554
-0.01882945886993142
-0.025006893505815947
-0.020228213025130372
-0.016206055615981173
-0.01201033261758973
-0.00749818616184407
-0.0029658854790697324
0.0005426809441996425
0.0032171987765943415
0.005189787693327399
0.005104342199717504
0.007206746655685665
0.005538007152371745
-0.0018518794950536373
-0.045704085487983354
-0.054826531633181706
-0.03815394815010261
-0.024983841934385447
-0.01543978661624343
-0.008756303004474005
-0.004004492782225202
0.0020711285708794984
0.005226596752021297
0.00840943140664972
0.011968011727405511
0.014954114811716034
0.01770752414181147
0.012300352306035933
-0.10338567300856577
-0.117904410886812
-0.06707746864170261
-0.03329047149733402
-0.019461381042887364
-0.009443125569174338
-0.004816312125281632
0.001189231493265503
0.004690747626723176
0.011249291604923406
0.018232980748511315
0.027447162186540447
0.04630836778013198
0.2644942306922922
0.8954000410617706
-0.15567232075996024
-0.07399777528592441
-0.04220666537395414
-0.023150120396796155
-0.009865450922858116
-0.0027812898781213397
0.0013235086650183565
0.005324674820539316
0.014820855370406083
0.027288323558433202
0.04884429454605792
0.14074408511647296
-1.6562166108902743
0.27890072956653306
-0.0885801860205365
-0.061444752616548276
-0.03269040276986395
-0.018712847006802657
-0.009832951892213618
-0.002328603401449131
0.003418565043834789
0.009359398955984914
0.016463430187234722
0.036148685179452626
0.07435180978833127
0.20314123658401026
0.15776609760551902
0.014748225606903254
-0.0268258149111314
-0.02798399994653173
-0.020573802413779093
-0.012710352325172942
-0.00805726656925873
-0.0002733183104932737
0.005183925712215453
0.00977751959468881
0.016472954434349867
0.029047592123248547
0.05645602640100169
0.10621818518667134
-0.011364622046065908
-0.013373869315240578
-0.01086697076026003
-0.012544574657019737
-0.009638149599400335
-0.013037765112420933
-0.012914317147241785
-0.013048864840123513
-0.011499575106566396
-0.012581223141794072
-0.012690224866952537
-0.01559842777625577
-0.010888956531069414
-0.011804809406645689
-0.008632200625333982
-0.00884263745672962
-0.010889088290602122
-0.006970402937608924
-0.008475523523420282
-0.011958069042905797
-0.012647351318824333
-0.011384264627354038
-0.011004610355630459
-0.011949070798782128
-0.01220163616291223
-0.011534076632890937
-0.010768941341048166
-0.008801430005252376
-0.0009037053890959914
-0.010850498435487445
-0.005711579904399352
-0.008801606201273151
-0.008740444335227275
-0.012648753758861604
-0.009066396555323462
-0.011501491329042894
-0.011898863363297025
-0.015406492603993105
-0.01385299335606626
-0.014536040255055203
-0.009139908993448154
-0.00850752041407242
-0.0017157281241819552
0.012039686221895107
-0.00781328664229385
-0.0009727542650114629
-0.009366675988642943
-0.005696768055006792
-0.011159209827611883
-0.011888721988408355
-0.014380081813387803
-0.015185761782302356
-0.01718387477281757
-0.01460793860122199
-0.01369626347060215
0.00539485542268691
0.11654669480047769
0.01766797587041717
0.01935499121874203
-0.007895379474590463
-0.005276767308279439
-0.008450719154331189
-0.008599418295116755
-0.013389414145553715
-0.011903730898449195
-0.01665966613169727
-0.017904531956202754
-0.021781279199149257
-0.004992192624385994
-0.010799867894689594
0.7242732867494476
0.07383314460247666
0.011889993575979294
0.010009600869955762
-0.010395883007938738
-0.008631247579583065
-0.012096929912286107
-0.011546200231150364
-0.014951190901551949
-0.013059041095587655
-0.02330708081085975
-0.02693973132817246
-0.05079703327646757
0.03998134762238363
3.1152586426333366
-0.2919268322185642
-0.008867138193582159
-0.025627584453963997
-0.006213364000057775
-0.012357921632652062
-0.011906218395439918
-0.013113199307417747
-0.013721989925109987
-0.017589439330213837
-0.02095294439379129
-0.03685607141868569
-0.06032598322908144
-0.3717434743855877
-0.7461002651630985
0.0007478344566447023
-0.0616737668982588
-0.019337796456729412
-0.021288583409497363
-0.01196214789147247
-0.017199307779192895
-0.013362150167550562
-0.014976684062749497
-0.0136634828293456
-0.020822609975729385
-0.01705165597298527
-0.034581729908872254
0.06844262456333358
0.024587472665207753
-0.06282662742640976
-0.02350392131910104
-0.02804499640043809
-0.016527352659061186
-0.014544249974473698
-0.01462605932842828
-0.016984222448052734
-0.014197396801946751
-0.01602648792656623
-0.013084430756084175
-0.019909943681608745
-0.012240549690915247
-0.01897567319833256
-0.0336412103778689
-0.018529991593276018
-0.02746078669506443
-0.017842342986245707
-0.0204866289235034
-0.014413068341403552
-0.013303425618672225
-0.012726446368969885
-0.016702068580616982
-0.01410712628144826
-0.014019560743146418
-0.01310749474997196
-0.018960201006479646
-0.010481800421038613
-0.016675073877127196
-0.020884782308995327
-0.017073903256163394
-0.020682133448067987
-0.01800406423957332
-0.014201553988005648
-0.015258694083833737
-0.01737186526437163
-0.016707157041805976
-0.01615142335368403
-0.015470461924046384
-0.01586497134340667
-0.013584372448292904
-0.019035916302556934
-0.018143994764554007
-0.015279925508382237
-0.019727213596045977
-0.014380967824392351
-0.01767894909501974
-0.015505660058754313
-0.013349355881415087
-0.012897599330351112
-0.015286923739941742
-0.014595690644471637
-0.014594481402762847
-0.013287199582227967
-0.015217125904441438
-0.014085481391236302
-0.013559035806061102
-0.01431890409658839
-0.01330470233445066
-0.013838587296151821
-0.011652025546125443
-0.014836487660734537
-0.013439290780144308
-0.01031480827121562
-0.012002260844604163
-0.012850980041678074
-0.014070082447016585
-0.015314929780509403
-0.012482751065716594
-0.013936063869942672
-0.013943772423375729
-0.012354757273358276
-0.012158674539440572
-0.012321199454284754
-0.014677001365761895
-0.01541542795817411
-0.01538075289349405
-0.010724365138472278
-0.011290271538970097
-0.01159176551549211
-0.015456512888338277
-0.012867075055006214
-0.01339083610562945
-0.009519165012985274
0.039412765283767824
0.05173100969084264
0.1213567406643804
-0.18310377519595808
-0.10501965599200003
-0.08672142923120366
-0.042937047116857176
-0.0336749998824122
-0.02071721898292594
-0.016719183615035087
-0.010702485948738218
-0.008240460427385165
0.0007657170238561687
0.006592084672857273
0.027832214786341226
0.21746905576418327
0.5495028122942852
0.8521513534688283
-0.19562280272658478
-0.06514060697034077
-0.055618175357572755
-0.02985433156895233
-0.022813493961835248
-0.013235785405113908
-0.012127610146670891
-0.005873179070308656
-0.0010214536369387087
0.02025544702741102
0.045223505451498815
0.05259356941453946
0.1957340137910354
0.5511913545763087
0.0021006765639298456
-0.04214346952680058
-0.026508382098077668
-0.026493436901108613
-0.01822248158533211
-0.01493213639438553
-0.009356272198576758
-0.00786005213506685
0.0016540776983412172
0.004369839822240645
0.009212272640347295
0.04705941748073381
0.011712516594135771
0.058975163598611276
-0.018250042724042615
-0.011943112720527966
-0.023626804396732513
-0.017631443367177698
-0.017124501775998564
-0.012719402577896869
-0.01053776961905776
-0.006006882790739349
-0.005369096201503952
0.006858836382559186
0.007462233600771336
0.0030702157542970526
0.0157526000146325
-0.001913184102328719
-0.0009444578182778243
-0.01831154328873701
-0.014702207736117153
-0.017882619466885376
-0.012033209787616028
-0.012370532455760674
-0.00926467720863193
-0.008455455424758743
-0.0038513909453698945
-0.003408506796742503
-0.004324978266011397
0.0010290252334161604
-0.006095965140151916
0.0004583087916346627
-0.010731041813280483
-0.01026337678197826
-0.015426538927187917
-0.012773126050881522
-0.013445170084605882
-0.011195970831698647
-0.010478567348913129
-0.006994754343441477
-0.007010708086290525
-0.004571915064288315
-0.004650610747990499
-0.008240459395270112
-0.0050754380228706375
-0.009012131222402124
-0.007067648144480365
-0.012169988640807771
-0.012415593515106432
-0.013816137603056701
-0.012537015328027586
-0.01242586972181828
-0.011016692542019358
-0.010143684638856357
-0.006912862527546773
-0.007712929810689232
-0.009114574996452091
-0.008996302148449552
-0.009809758219522782
-0.00870547380560934
-0.011481667095096754
-0.011008979172408265
-0.014698028907592
-0.013511432307785877
-0.014236781323339871
-0.011691411993999668
-0.01207525222509246
-0.010612545841465598
-0.010609503668333407
-0.008270086688742677
-0.009204940961967655
-0.011367227704231882
-0.009641315207805161
-0.011433873494217893
-0.011490563648141605
-0.014645956503899119
-0.012908728087093639
-0.014055665568432515
-0.012636082366693452
-0.012852623425161736
-0.011670098876537277
-0.01191828823987521
-0.008209109490846123
-0.009772968321315191
-0.012033807357277179
-0.010729572054232956
-0.012486387254326332
-0.011906269935062117
-0.01613620795952319
-0.015663105210549488
-0.01591441713888095
-0.014283840328341095
-0.013904282474867401
-0.011687723054957012
-0.01228543705672799
-0.01087325775703457
-0.011072194086156518
-0.009668065974884352
-0.009121792720239085
-0.012072460776749104
-0.011322692339055111
-0.016404484091107795
-0.01749433182315497
-0.02142663476346302
-0.01760894691132652
-0.01740670383486076
-0.013546271142289134
-0.013690466069873952
-0.011481544403021076
-0.011761710342544971
-0.008964402119935768
-0.010506640358618657
-0.007791475731292431
-0.003893267219540908
-0.014922584255117612
-0.016985853200227802
-0.02809566670216303
-0.02272942278358147
-0.02345540557490054
-0.018000132858833416
-0.017118946995372336
-0.013943954918819921
-0.012694829258004588
-0.008883604680808234
-0.009305169640836665
-0.006652985500513236
0.004521195988141841
-0.0033688414864835514
0.0009918192878671688
-0.04035853054184481
-0.03402827852399776
-0.03756796453242841
-0.02566245928398135
-0.02349699423710707
-0.01814071517310992
-0.015020907805630666
-0.009651269649599161
-0.007869664300460264
-0.004454395985458632
-0.0048988602730579865
0.005764192411897563
0.03539768930053282
-0.009641456983619724
-0.045567347017124504
-0.0829682332135023
-0.045795549618879584
-0.03907546186767778
-0.025140318349857055
-0.02201242737388253
-0.014774114118554931
-0.010994589162458341
-0.006283621388213927
-0.004233741660946758
0.00707614857312601
-0.010931361758985616
-0.000528153203793376
0.004192387644111522
0.002847262004493006
-0.005691928099907419
-0.010991144254822898
-0.02046168520841262
-0.02301732540549985
-0.03255164822976124
-0.03733811674314802
-0.030638091904216475
-0.026226978940270235
-0.028295687307461584
-0.015184657191532502
0.012734247947776651
0.01975866095769554
0.04107629479176395
0.02751395339693021
0.010605793052611653
-0.019374998623528306
-0.013336378134495386
-0.03000414008673442
-0.027070444395224987
-0.03561596136656444
-0.026188704845594296
-0.02821713115658478
-0.024553388269534723
-0.015452343580000732
0.016690955264345664
0.04389697898514374
0.06769967961098566
0.10819481669989799
0.010587244139507904
-0.011473623018005617
-0.02603911212148794
-0.019116727571460743
-0.033298380064171205
-0.028572696677056794
-0.02928093131579915
-0.022839430909109087
-0.021258410938829977
-0.00863901539542011
0.06668091594330738
0.04771257652653755
0.16654527529103327
0.19935665739012018
0.12812595078367595
-0.01477987210020479
-0.01599696654136311
-0.018325960281320965
-0.025627764616216353
-0.031567354066170034
-0.03128908023943715
-0.029921406646463866
-0.009081459735740961
0.002791727755554259
0.09921981623721758
0.09035044156826914
0.1914025981344065
0.3435551466080036
0.2390792254540394
0.06450393352695266
-0.01287474403477506
-0.01658785673493104
-0.03038104533540933
-0.02436528180227834
-0.035588255716342436
-0.019294720545090925
-0.011676632187869084
0.0238771501431636
0.09070074988867921
0.3143437684813508
-3.5677395354894057
-0.07415009202033343
0.21994816754398325
0.054280637030070064
0.012538156719185848
-0.016509409689039984
-0.028690830047850703
-0.030077845703871276
-0.02545074721596929
-0.030634957753725586
-0.014966775796077157
-0.009272745709332482
0.2903589547992247
0.373902369435447
0.5946434929056231
0.5371013183502656
0.13416129213353095
0.040816230443103924
-0.007567631756577776
-0.014721307267363315
-0.02708640727990078
-0.032849865368259915
-0.02943197964825176
-0.018661061072013662
0.00941286022966151
0.0721582479774767
0.14969810147702603
0.31453351726499346
0.2610770011948754
0.21085921721813283
0.10386722375091009
0.027727320698971818
0.0018556146059676868
-0.013959735015859794
-0.020460238958801346
-0.03157350184052567
-0.028398709249954954
-0.02807298372883568
0.00930557064937719
0.07527121898043042
0.08248379040318833
0.09911140314577403
0.06892679166184865
0.0970058557610574
0.0428561344933938
0.021851781935335678
-0.010412406999000751
-0.01795856755369934
-0.02836770168888207
-0.02593806927594672
-0.02947421877639759
-0.02800057169592567
-0.008469827936965551
0.036870109495777556
0.014169366114594973
0.023878571378684082
0.02924201591671295
0.025214288520044977
0.013318757028256389
-0.005719858854317741
-0.01442974231380516
-0.024334767957620122
-0.031071022265734622
-0.03056393174507465
-0.031238445106497852
-0.026820150149415918
-0.02948984434909439
-0.001030278996321501
-0.013848053056343079
0.0016871623603581655
0.003048241949262766
0.007486280629117563
-0.005585297285341901
-0.011470456490046967
-0.020148810505732886
-0.030345920293852784
-0.03037754386811141
-0.025308215807247816
-0.03378763572008651
-0.03325604708661185
-0.03170645754254574
-0.018523985878367684
-0.0144706423005946
-0.005906902217863632
-0.00753427277131472
-0.009882356866716605
-0.01930718796407605
-0.0182483872451031
-0.023071762223856786
-0.028058213652572012
-0.035588435487721275
-0.02923812049688644
-0.02672389465289752
-0.02748506548367482
-0.025784838718806106
-0.022372984640164652
-0.015399050133108182
-0.014007680037821282
-0.014810094878530279
-0.008641916006082112
-0.021813667316518785
-0.014769026570376072
-0.031882189407996205
-0.03828674207729503
-0.0335057271493153
-0.028097220986912332
-0.031398468404418026
-0.02664215542062445
-0.0270732443448433
-0.028815706554324225
-0.007058759557959697
-0.012020791885288068
-0.006613133826237816
-0.018223496124706435
-0.01658181063944641
-0.023514908851434556
-0.026577535030936378
-0.033387858386170984
-0.03555558391053639
-0.03498732760150613
-0.02860910791950442
-0.03648813212373416
-0.02729914504351894
-0.027076540260701304
0.0025478948867559107
0.0014239403332037084
0.0014910914084612565
-0.0019758396587706774
-0.002963219966701218
-0.025244049859000448
-0.026848581701829494
-0.10197850598219227
0.02171086231535119
-0.0023764157938002822
0.009991317029868668
-0.000675491827888836
0.0034345070518926935
0.001392702057272875
0.0008415231439254276
0.0030157111292731225
0.0016650934016357723
0.003174942944859792
-0.0069518984508156806
-0.006446644574187843
-0.12403988231111099
-0.3773074169290144
0.9620709641171625
0.05858782188901945
-0.009048359230587581
0.00494657127644044
-0.0008463663261955297
0.002817726116728189
0.0032153978448216667
0.0027659504534209784
0.005723070330840347
0.00348584288144105
0.013985435006120343
0.003963514440839632
0.08608577261332977
0.24841877418704364
-0.9409050217746565
-0.09517409684848506
-0.007772621191357731
-0.008584432834821073
0.0012537822803302323
0.0006846842113586756
0.0017369465199241966
0.004338768827545807
0.00469709085336958
0.009207609923820225
0.008324011360823272
0.025321365561145816
0.0201627674794224
0.09282000900399459
-0.074303673837657
-0.012053329521207327
-0.018048372577519924
-0.0032945007732042837
-0.0016268989360630295
0.0014324639108021318
0.0031186041153073944
0.0032652487183303706
0.0059865773813141355
0.006330580977504543
0.011031689271150114
0.011790882229209746
0.02909247648138021
0.022189634392709195
0.002823298788486289
-0.014633719772791268
-0.003326943319371275
-0.00448956943713071
0.001481150146336603
0.0007237756004773475
0.002878587228671984
0.003946482994153112
0.003475819813203879
0.0062809082898408735
0.0068373253210106035
0.011462095117956024
0.010454397199758367
0.01760192396129747
0.0005777007182936699
0.0010100994643856141
-0.0030218796560246477
0.001089526713863254
0.0008204587446495867
0.002263154687845106
0.002707406660925847
0.0034227744011221593
0.004808330404437093
0.004031577717442005
0.005575075868659408
0.005691440830919576
0.008842094036625975
0.0049104694796008
0.005100127919047981
-0.0003099285708738619
0.0009399706826620204
2.9853698115632916e-5
0.0029924800547423648
0.0015782891091312545
0.0031851181080691667
0.004181965380794914
0.004712474347034953
0.004499281419572988
0.003924951888376688
0.005568392938662548
0.004110003415188182
0.004179703312024779
0.002242384471941156
0.002888287036659956
0.001087021450160778
0.0022972587457960533
0.002096547054201708
0.003733772810984098
0.0035284544593432144
0.0037861336705562894
0.004095742095611108
0.0012984004113122498
0.003024010257974782
0.0027368907730998555
0.0034665893940502867
0.0015322255237616238
0.002121563118319305
0.0025864603224261444
0.0039009911756795706
0.0016591624585038762
0.002316039229033154
0.0014296368720876516
0.002167084947288159
0.0024501591311480307
0.001288434911484854
0.001678896302240219
0.0014806286829599931
0.00365782101859924
0.001709089965856931
0.002705215126393949
0.001831688513675919
0.003888217325264864
0.002821428810839989
0.003962724780471056
0.0014485563314252231
0.001959230157944557
0.00266952072943851
0.0012379050459048453
0.0018586775784318243
0.0006733326291390939
0.0008088267714736615
0.00013966640274861537
0.001296488468477275
0.0002887070776564104
0.0020564239913754352
0.0012730667350537154
0.003314498262121991
0.002626002574813608
0.0029518005622968077
0.0024320725435524235
0.0017219908805475958
0.002194679612142983
-0.0001893543809882503
0.0011068578293784586
-0.0022664515173988673
-0.001490878789928588
-0.004464242474762276
-0.0002910469359798827
-0.0020635045746091756
0.0035196325663787464
0.001638559790099332
0.004044858776361226
0.0020108307343933117
0.0031399786090099656
0.001743261783396506
0.0008152432504884132
0.0006320979286840162
-0.0010202166021609357
-0.0011822843128197124
-0.008377879934451007
-0.005699531804060715
-0.014005201973338833
0.004051283532332331
-0.00109634868465494
0.004724194870855447
0.0008624415231333923
0.002381471127288773
0.0016547496783907495
0.0011729243015057098
0.0012407440181910216
-3.252804900648104e-5
-7.652495203761492e-5
-0.006814577227980614
-0.006418275885945658
-0.028051594490103304
-0.008492532861542867
-0.01010687218977386
0.01257895619383153
-0.0004048235597565198
0.004102157140071449
0.0010393912973825762
0.0036521849210993575
