-0.0003474384668467374
-0.0013464699134990816
0.0001813167696259341
-0.00964786402588315
-0.004932467922211049
-0.0019633109624918803
-0.003019069065741818
0.03162654478597844
-9.213084915740078e-5
-0.001725015391295593
-0.009678246399977468
-0.009628805048020191
-0.0099207062814546
-0.009102564456572182
-0.009874416924944505
-0.009650492590308344
-0.010104365794959295
-0.010111072157978199
-0.010521219112485457
-0.013432102134338682
-0.014832941170437467
-0.01653364921874004
-0.17311415995162516
4.908052328828212
0.14967170827115978
-0.0069217096892257015
-0.0076601123065160774
-0.011763383824246281
-0.0105092003945826
-0.010201847321893318
-0.010690934742270425
-0.01075466455625477
-0.01082569031635153
-0.011244033790079043
-0.012109339970127283
-0.017140835054428365
-0.026468716797537865
-0.04426192409381281
-0.1040131609917484
1.6663929004763813
-3.256898609463833
-0.013303426910852668
-0.01634275384481444
-0.011172736097880507
-0.011583084854860549
-0.010742270155798213
-0.011174778726381578
-0.01062075739079692
-0.01054132378057431
-0.012032711576125189
-0.01377469722426619
-0.018438846981562368
-0.02546464599737953
-0.04190769015516223
-0.07291138130477344
-0.10907482960233035
-0.15696814825659614
-0.03079559848783881
-0.015466168704200197
-0.013832315419808767
-0.010634754178165971
-0.010158297696234716
-0.010233604729392347
-0.011283070732740728
-0.011309132332274607
-0.012260679649637559
-0.013714234392455147
-0.0170943014384101
-0.02299041982739899
-0.030964039016882695
-0.043571567644959036
-0.049497834102150896
-0.0328344575145718
-0.021282365214182395
-0.017338940515343553
-0.014016215071726183
-0.011531782758818304
-0.01035134684982196
-0.010329748335673898
-0.010021705276970772
-0.011323752382496116
-0.01204300428815975
-0.013403382530848012
-0.015985531176623807
-0.018997479883637494
-0.023021663143170244
-0.02726509092579847
-0.029993452295441973
-0.02325954436676548
-0.019619099993482218
-0.015050120107328908
-0.013811477941474894
-0.011723311291510871
-0.011504477373697383
-0.010719495030568474
-0.010836405970982009
-0.011096033491944022
-0.011659822150152089
-0.013564394334981073
-0.013987348687215639
-0.015812817443227104
-0.01785291402374829
-0.01985150837858496
-0.019571981310317538
-0.01826613513495721
-0.01577002482327853
-0.013619390751313874
-0.01166684063107109
-0.011627119642466327
-0.011280367366761662
-0.01096446592219385
-0.010325043626459125
-0.010655531354789595
-0.010601453913735147
-0.011961191501900486
-0.012139227043205757
-0.012970972500711333
-0.01434726195111285
-0.014951238180943478
-0.016350495276838746
-0.015138102645169809
-0.01340147255494413
-0.012156448428684298
-0.011103576601677356
-0.01083941863086958
-0.010289266374913663
-0.009582097245567706
-0.010011922144325157
-0.010112642929247316
-0.010338244489041405
-0.011521563795555374
-0.010984844924268836
-0.011369588094694552
-0.01205896505125437
-0.012794406819468418
-0.013258385327365627
-0.013143854409601353
-0.012495221490682752
-0.011919935332778731
-0.010245757737557206
-0.010299407273638244
-0.010155116481062442
-0.009270086371325783
-0.009736683473894262
-0.010138967078540355
-0.010321081029293225
-0.011039395653707948
-0.010807755529108627
-0.010829629285165511
-0.010832295162333588
-0.011240460057659137
-0.011417536711462617
-0.011096322850308852
-0.01130338453547824
-0.011519478224659789
-0.010262629274821976
-0.00991050919496156
-0.009656798593975122
-0.009282876207079993
-0.009578084478988365
-0.009650787602765946
-0.010267702100066231
-0.00990188668974424
-0.010386457903338336
-0.010096307903597482
-0.010415808447279361
-0.010557509503694882
-0.010377620557897945
-0.010201614268444065
-0.010287239792470076
-0.010240537267121295
-0.009718360245054824
-0.008935937003285741
-0.008938669553636345
-0.009146707619389205
-0.009964261676259878
-0.009861922226286707
-0.009867171761472162
-0.01008024226409131
-0.009474251725512913
-0.009097419670932616
-0.009596739291429032
-0.009036244254324881
-0.009315883534727605
-0.009205348284386558
-0.009425325545371703
-0.01004548453432663
-0.008977951780340216
-0.008954702827550608
-0.009428351411090366
-0.00918576397540826
-0.009766643108227214
-0.009501099837957602
-0.009002693011163555
-0.009446766016957873
-0.008889781460099009
-0.009046490878317846
-0.009183795177434747
-0.008591881553865777
-0.008189462326511198
-0.008322314646772055
-0.008838299579110928
-0.009528692208803837
-0.009241215437897096
-0.00960265025942043
-0.010040259810185121
-0.009532184946842577
-0.00912348374855147
-0.00920569175387487
-0.009492335624365598
-0.009791969927444247
-0.007989666959579828
-0.007919690626157912
-0.006957494036186332
-0.006944246917675686
-0.007398527898773524
-0.007858574369635734
-0.00881032930455429
-0.009272993061071159
-0.009113249876475603
-0.00881941808059013
-0.009374714498406904
-0.008729561888205645
-0.009270758889792428
-0.009335784191045044
-0.009361134580544888
-0.00938920756843979
-0.008337007346283454
-0.006976710131921894
-0.005031791594412087
-0.004069447447179934
-0.004400155167247322
-0.006185855376420494
-0.007048433090819313
-0.0089985415482108
-0.009442139790762118
-0.009563330473472208
-0.009257941135775929
-0.008491593951684324
-0.00911706347382473
-0.009384096056159152
-0.009294830371395068
-0.009011978521995577
-0.008472137994085756
-0.005852365695785536
-0.0015546361678763908
-0.0022674565889827733
0.0015242943313232879
-0.0008861397506521203
-0.006905373930679129
-0.00829502563455454
-0.009970601894760376
-0.009404707409297657
-0.009442266481715754
-0.008970505683580286
-0.00935663621069934
-0.009238154552337051
-0.009866091644019429
-0.009820979777754526
-0.01704010129034597
-0.01611807202108366
-0.01802467755577769
-0.022050098731005833
-0.027385764056563334
-0.036308845238010264
-0.048303141847774
-0.06124506888551676
-0.07066616031462725
-0.06939129039397714
-0.05319476844606073
-0.04376733096496956
-0.033961222711601624
-0.026122369890539256
-0.021561756089044447
-0.017440209612674253
-0.014064305582445482
-0.012341347198967801
-0.012709893053403669
-0.018095133151269052
-0.02148244922870516
-0.028500945424236642
-0.03594228503064037
-0.04116409445494532
-0.044677651960800153
-0.04289315204889003
-0.03681864915762117
-0.03092371507226401
-0.023537107158533042
-0.020822797912637324
-0.018764335334744933
-0.01571221005269288
-0.012493600001345431
-0.010658436962798813
-0.014731881894111187
-0.014553663844183148
-0.016293403993971826
-0.020570940006367874
-0.026408919441209162
-0.029648916530473742
-0.033053776279890285
-0.03148214440535308
-0.02671040175659271
-0.021745068259432416
-0.018433787160096367
-0.017013394990871178
-0.016011778461526727
-0.012250430967801183
-0.01191304857725698
-0.011251815241104449
-0.012521571945657707
-0.011016390158335113
-0.013975314102911005
-0.017703779572204464
-0.02206413757833571
-0.02229349051170906
-0.024609148077043945
-0.023989131415828903
-0.02380103265901788
-0.01711864701571315
-0.016296398084907265
-0.014197119736445246
-0.011846272641905789
-0.009530800366545132
-0.010579550039500799
-0.011381418015480552
-0.009488668752628817
-0.010255203979756147
-0.010990013740697873
-0.014939393244214437
-0.01832634645319602
-0.018096132296152586
-0.017734455583447474
-0.018908772586347516
-0.01992493505238959
-0.01762975417879591
-0.015979065858276912
-0.011304695131981629
-0.011380032364250644
-0.010268573950737346
-0.010223286808057102
-0.00858145863685308
-0.009086365016273076
-0.011890663571905715
-0.00877985440455269
-0.0119505478061817
-0.012946751027492601
-0.015774978176909774
-0.015237850762679608
-0.01787984763577476
-0.01828671673085925
-0.018710153631822123
-0.01382066469378551
-0.012302305386161503
-0.010005444328504011
-0.01166337503756617
-0.007738750602122999
-0.008978782257598539
-0.01008685806065216
-0.011453597057424311
-0.011129989054800164
-0.010159833637157004
-0.011875259806557742
-0.01427964308149542
-0.017865937136868838
-0.019477370939891377
-0.020380875444760745
-0.01827638704514367
-0.014038827927091949
-0.014850705986071595
-0.011479550334970647
-0.010557928359882139
-0.0073245264855651155
-0.0075080936564421935
-0.008952690920128173
-0.00919142113683086
-0.008909522533113633
-0.010073856199693983
-0.012048035121978972
-0.01720208571290457
-0.01859343961297038
-0.02141966293201088
-0.02196248526073555
-0.01980022800287705
-0.019892082537489232
-0.01646182246624081
-0.01221616397695171
-0.010207814848104074
-0.007884887724241573
-0.0066259314844983735
-0.006227435868413412
-0.005000138776534186
-0.006852351791084066
-0.0016729572894504945
-0.009046886846338335
-0.015154347800775082
-0.024754104735195168
-0.02719858440678323
-0.027267030075481376
-0.023206812886500568
-0.020347998440862256
-0.016642209667726376
-0.01261552968539186
-0.011152815942381112
-0.010531547150210652
-0.010311281289725282
-0.006618174471955603
-0.004094888231835846
0.0041083883518809325
0.007167404316064899
0.005196720286906895
-0.024908416756342193
-0.029246636207584588
-0.03825212002659754
-0.035104557308687105
-0.03242778690828817
-0.025440863241454715
-0.022484404789317427
-0.016168879095568522
-0.013393507151620111
-0.011748760787363713
-0.010181061027737009
-0.00868480944549633
-2.2098550395080116e-5
0.00926202845287849
0.03168808868259502
-0.010520676103420834
0.01794025763230228
-0.053402439133098896
-0.058240799224529696
-0.05515075389424131
-0.04305614817235714
-0.035567669974614566
-0.02516918754662153
-0.01904011829658002
-0.01325583986802608
-0.012706484040677146
-0.01266719542967284
-0.008394397259405486
-0.0072427659584793315
0.029981148453833283
0.02248925178600434
0.03695673510053529
0.09262453998967192
-0.1081869677786194
-0.11327348833261028
-0.0832569502119775
-0.060229681241006666
-0.04403628324137036
-0.0303368284947296
-0.023909768577150745
-0.019237835923041034
-0.013773799223954688
-0.01479161271629036
-0.015404670830744299
-0.012831261833775863
-0.026119720593578727
0.010622590765943683
-0.04574341015207532
4.35520255944513
0.49879796644573576
-0.23694846541256712
-0.12177365764668045
-0.07951304689574269
-0.049931501685131496
-0.03455746708758915
-0.027300434356493805
-0.018736466557613594
-0.016051180904540798
-0.016907217844518704
-0.016392747556093688
-0.023015871730115878
-0.03096602557460409
-0.06546008385196475
-0.1776711250552343
0.9485951758117486
1.3806435409233289
-0.32559751592818614
-0.16654469411769954
-0.08275734857904722
-0.054263822990715416
-0.035393395634368746
-0.02716599656002358
-0.019006321170794607
-0.018342374386999403
-0.01756348287335614
-0.018463887345498288
-0.02519501265121244
-0.036466393514346405
-0.05586475048467089
-0.09408634630908809
-0.18231883793081483
-0.13599690914326656
-0.19342059989970242
-0.12027829447662612
-0.0760871351529714
-0.048201007689901376
-0.034455208323095364
-0.026039195403361783
-0.02198219932122481
-0.017493623064979348
-0.015666900640857847
-0.019997904763077043
-0.023609355076507636
-0.03421363715646537
-0.04909631583140576
-0.06913476962058733
-0.09237381546097867
-0.12186464799563503
-0.11060671184439595
-0.0838679429684741
-0.05701239614156091
-0.041655704761670444
-0.029793718898736096
-0.02388133113648571
-0.019233934127017613
-0.011357090803622457
-0.011535199859037453
-0.010947063288225523
-0.01085898533024723
-0.010836380817257355
-0.010938842454703543
-0.011242134270210638
-0.011215433899218207
-0.011226148817972657
-0.01155987271912706
-0.011242429642517088
-0.01209958879724048
-0.012310244797102481
-0.01226089920760285
-0.012362814167716587
-0.012031742845234379
-0.01168966264619282
-0.011774852251072656
-0.01130471569551602
-0.011040009223307234
-0.010877708532192052
-0.011227127299947518
-0.011635036242572928
-0.01202830561870148
-0.011917624949273774
-0.012449257814660178
-0.012305252096813272
-0.012683722764251268
-0.012655499183401796
-0.012593265789597366
-0.012005861202355573
-0.011642014191023817
-0.01171808153616853
-0.011556710731064075
-0.011673745009963918
-0.01163130934262529
-0.01165080490464663
-0.011813215131701218
-0.012283548383563521
-0.01297336801172827
-0.012997619219773219
-0.013233223552488843
-0.012953212790639447
-0.013240057845086708
-0.01299605121037342
-0.013070731795179171
-0.012468268745469463
-0.012463802954498763
-0.012002701832743054
-0.01194917607939645
-0.011577472140937978
-0.011494867411752993
-0.01169891228879378
-0.011942259736744652
-0.012724302054928163
-0.013864929757315025
-0.014392025959234339
-0.014449794448424173
-0.01429947217652719
-0.013813641708411139
-0.013626182596873213
-0.01306649215109268
-0.012577401601327141
-0.01215352569951537
-0.01197695667021134
-0.011738499519950821
-0.011376587908275462
-0.011513023929746746
-0.012046073416376453
-0.012350201975240513
-0.013584182121895235
-0.014979958652701252
-0.01652948555679658
-0.01671029823289279
-0.015839452831751793
-0.014877186588337572
-0.014291506366980634
-0.013448421518799832
-0.012810294342359174
-0.012235672997111674
-0.012241990406321925
-0.011790164557008412
-0.011254339113723942
-0.011192282741696237
-0.01147292201094991
-0.012143964091347536
-0.013965778869554525
-0.017704956650730522
-0.02092893439739268
-0.020719503417892884
-0.01888342853311154
-0.016611051364570598
-0.014772636988725324
-0.014018430900316244
-0.013232055591848804
-0.012757149258199341
-0.012053910235966341
-0.011282352972166199
-0.010444198700273917
-0.010215637588493736
-0.010456567142683539
-0.010191152175928569
-0.014496570562995274
-0.019306903220071753
-0.032593187611079155
-0.028955138670182567
-0.022776122078683295
-0.01840900999389445
-0.016175472075497455
-0.01464701870383066
-0.013355443548081653
-0.012693542389740674
-0.011554643112924791
-0.01086815241208612
-0.009873520364392773
-0.009542747328696737
-0.006851615313554937
-0.006810137117670518
0.004618243771994112
0.05349436062987285
-0.07647514609280238
-0.04664117188681173
-0.02945204856866008
-0.020784329081187075
-0.017032987227610253
-0.014808592715346
-0.013408471980439884
-0.012951095270567415
-0.011051003103181243
-0.010164735039847012
-0.00901457854445957
-0.007506340959396958
-0.005532332496366376
0.0019289989654248925
0.02407934264665356
2.3694144286894057
-4.181594495195446
-0.08200606173275689
-0.032741771919578756
-0.021546193117337808
-0.01682486636076705
-0.014444807286748329
-0.013141004274370266
-0.012474873320002489
-0.011381853263458329
-0.010175318161884047
-0.008355366622333334
-0.006539189181991313
-0.003307377005234266
0.005608594077426744
0.01614226740600746
0.028238531128183347
4.670631288475241
0.06055108510967024
-0.021908620622648263
-0.017674299274825268
-0.01534032977450937
-0.013714541142316008
-0.01268805643173863
-0.011802980009780474
-0.010586273087481796
-0.010118063597767898
-0.008872423832610755
-0.0071595815080796165
-0.00410541242924657
0.0008259625701190022
0.01304658357366836
0.021322068286410735
0.02427094834629121
0.00016452283644240954
-0.013743355716653595
-0.01466538111902746
-0.013706443994719169
-0.013085507439953261
-0.012714631260800921
-0.011873128782973887
-0.01090857482249773
-0.010236286154957315
-0.009515982064997194
-0.007972452667079931
-0.0057698250643661185
-0.0028790905973546943
9.472956919174322e-5
0.00453716166650772
-0.0020185577516708773
-0.008041814598703127
-0.011520781607600953
-0.012194521013166872
-0.012364341565372063
-0.012014217112151278
-0.012268803764883623
-0.011577762781168113
-0.011296689726768195
-0.010560116777514032
-0.010141633380696069
-0.009128920413688148
-0.007314159305261176
-0.006070806786907992
-0.004801890876095573
-0.004675606273781024
-0.0058237609161354365
-0.008810683005493876
-0.010680092116138044
-0.011622278084580396
-0.011872326693816665
-0.011859694041690362
-0.011619730894513932
-0.011174159650393808
-0.011386261377273587
-0.010827619426532787
-0.010474623232547355
-0.009834515908432774
-0.009185080840947157
-0.008478874163069193
-0.007979016701042889
-0.007621183903851982
-0.00867783415939516
-0.009754771333847763
-0.010869360501454975
-0.01139999619158858
-0.011749959577995421
-0.011682541961906674
-0.011885762037153011
-0.011308632510937512
-0.011388820624528175
-0.010873407457484071
-0.01082724870996582
-0.010156944018421895
-0.00970020942424746
-0.009602597778251088
-0.009217365944128704
-0.009502994143781923
-0.009519433162414229
-0.010592879936863557
-0.010942181077736894
-0.0115426362355581
-0.011370398528247208
-0.011695476562086991
-0.01229597140406034
-0.011577516392182094
-0.011275416241221446
-0.01111238093305542
-0.011026719160567622
-0.010494989817909
-0.010289987981759842
-0.010503893393595164
-0.010655777283307606
-0.010179564444730513
-0.010642698734028573
-0.010800119914151335
-0.011209344834631572
-0.01187772435147547
-0.011824774520383996
-0.012143235153156219
-0.012032317148638309
-0.011865332532878043
