0.0019022988916161093
0.000993259817110941
0.0040183717734325166
0.00031995130253463196
-0.0133063783944162
-0.014597540069058917
-0.02208066395097164
-0.019316936277104835
-0.018112076910633167
-0.011814402312694105
-0.009973940079215655
-0.008598175678114344
-0.006361357655519193
-0.0046649717803398955
-0.0022886478274831913
-0.001193720818550986
-0.002939344023390921
-0.002763197229735862
-0.004250672961464026
-0.006120182528099615
-0.005999476176818533
-0.010538738335252346
-0.01135064055462048
-0.013456074339984157
-0.012047138189858137
-0.0103616337518171
-0.007380155795932756
-0.008072746164280326
-0.005463304432322293
-0.0056794588396469475
-0.0038048753306785185
-0.0019799736805573547
-0.0014465225657651383
-0.0039005191384943907
-0.0034175546458218844
-0.008136133689301932
-0.0054292348545474135
-0.006317237759544281
-0.0076815565542070734
-0.007214389093128643
-0.00956807191075517
-0.006873358498693941
-0.00548399590463517
-0.005357357621701167
-0.0035938754311114606
-0.0038587697478882767
-0.004485370726190213
-0.004068937594986523
-0.0035246571496145174
-0.004913960817630138
-0.004228880092840423
-0.004484440713120292
-0.002578635879355396
-0.003978492105688394
-0.004066276304369551
-0.0052190043047874385
-0.006933241128481806
-0.006839003512558042
-0.0046775720282022405
-0.004673035092862119
-0.0012296639768364403
-0.0024154918298117537
-0.0011753302560704093
-0.0026448042993852893
-0.002065432834486141
-0.003669803237348985
-0.003630608045264715
-0.002764729686679695
-0.0019420861782603808
-0.00029337100140377896
-0.002402933746864476
-0.002486041149610059
-0.002421489635536623
-0.0025348239451326473
-0.0027085996938096993
-0.004135460757418696
-0.002361262055577783
-0.0023372546451162443
-0.002459110399288968
-0.00237009483674765
-0.0019737407987750707
-0.0011749797306761073
-0.00018192707914010833
8.26113731256252e-5
0.0010104225857679966
-0.00022632034786791445
0.0016896964288140048
-0.00042322498594158167
-0.001237020555969077
-0.0014086644621973355
-0.0025261876836073665
-0.0037824876615334783
-0.001916906274651905
-0.00264606779980067
-0.003847343635318918
-0.0025921536864327876
-0.0001884114654806873
0.00036555852592964373
0.0017809561601505363
0.0011753595958674174
0.004105443421956934
0.002632435769489824
0.0026046372084495032
0.0023155152512048345
-0.001526468399325799
-0.0013866038368401412
-0.0025475052751138556
-0.0023795771160635896
-0.0031118197496087575
-0.00045630583323403163
-0.0030108714294806963
-0.0007798082673645079
0.00070343665043577
0.0035876990044065174
0.00489428828066698
0.006155704572194573
0.013472044086813711
0.010987655234534821
0.01111503524990535
0.005431366733139846
0.0015144856425626382
-0.0008157661589118654
-0.0007701117596459205
-0.0014497128302598879
-0.002121680537388564
-0.0025973744332019196
-0.0015979236237839366
-0.0012220346380116495
0.0009445376723292642
0.0038975105469349187
0.006779165604914326
0.009313685258592788
0.02058151408673883
0.028200856233587313
0.0172468871043248
0.01229461587741384
0.0010322619450553216
-0.0012768970638536636
-0.0031381996471760293
-0.0011188733618078999
-0.003326873074826227
-0.003333749643941128
-0.00030467109754065596
0.00166219177534296
0.0020479717909407972
0.0060386135227508886
0.01055637196051824
0.01878330175350987
0.05159435593712931
0.050549473189203095
0.057522737716563
0.016672060591482747
0.008383405152955955
-0.0023847809823988745
-0.0016698813720751786
-0.002816208401050123
-0.0007272073747192962
-0.003841007260176826
-0.0009212610920327444
0.0019249672169063094
0.004591331104421971
0.008008777919386046
0.019457133584617505
0.025803321115871733
0.08477149070397977
0.15232652324029794
0.09292999492920347
0.02685425146391875
-0.004420619678529582
-0.004104695321654108
-0.006369881440261459
-0.0026658096314473314
-0.0019055930910398446
-0.002502257192772357
-0.0015261505248035383
0.0016933006345826898
0.004359837496486894
0.010424066501900218
0.021776577487065935
0.05541817693365536
0.15734139855604784
0.2976634491947759
0.2741359106130412
-0.030115823549005265
-0.026822492155917185
-0.023683718284328685
-0.010709105817337609
-0.007719460645308708
-0.005352811906669648
-0.0040555363531239305
-0.000307538280482728
0.0001697601521640017
0.0052782629475937965
0.009699645495808203
0.03321441117238793
0.060199801711515004
0.11832995871767815
0.3674468718708263
-0.3608447170389565
-0.17389737417149784
-0.08952693800566335
-0.031245678774960386
-0.018544375137177216
-0.00875134986234942
-0.006913294289744776
-0.0032972928033662315
-0.0019342854071511273
0.0003374160206866337
0.0015562855511585324
0.011590551817845062
0.02260839226301637
0.072218993104698
0.020080730354524304
-0.08820456676869519
-0.20259174927248527
-0.10999335056218185
-0.05610481945752459
-0.03610489647864766
-0.0161651026669292
-0.01030387155405145
-0.0062733291647536745
-0.0033689565303399623
9.606377582202768e-5
0.00022761604024360883
0.003239530059643737
0.005678752369497808
0.011948775141125148
0.014388322931145354
-0.011571292008052965
-0.04905986091930785
-0.09744125679364989
-0.06390206979504844
-0.04319572007229213
-0.02387670840217332
-0.017554626942640587
-0.009414955918037576
-0.004885494151285839
-0.0026254731215783252
-0.0019456045598474298
-0.0023722488965731204
-0.0011106969001954833
0.00412250566563061
0.0017839126575611665
0.005448490800093506
-0.009352097466942245
-0.033401825660948826
-0.03204316566358667
-0.0375555046130338
-0.023238595307403496
-0.019073940024253035
-0.012509491928619148
-0.009158274088647082
-0.006300717398929274
-0.005476055136273894
-0.0016150028008232922
-0.002283636980263935
-0.0015123642761465483
-0.0009131904733392433
-0.0008880611264326473
-0.007192544323368773
0.0004570777428976077
-0.004597002695199523
-0.004827149136301325
-0.007553529981054244
-0.009828713026689412
-0.013598008877869362
-0.016486594172782264
-0.0188879982311017
-0.021180544474721247
-0.02590746618412516
-0.02697728173976671
-0.02671454987045611
-0.018838037417053137
-0.010348830921159432
0.0004590930803579328
-0.0003605494935473216
-0.0034799343702306387
-0.0044872753602829725
-0.006694138116618845
-0.008370983128345055
-0.010490103044487314
-0.011435351876442389
-0.015400017462594987
-0.01732484905248105
-0.019502153798757478
-0.020767509974174394
-0.02192081526171572
-0.019626826505779005
-0.01723607472128543
-0.00977603245187026
-0.007917326500561239
-0.0035697883749105444
-0.005728689861239159
-0.00733676402264601
-0.008178671653488085
-0.01019529839961707
-0.011790325303751683
-0.012927507146005024
-0.013190753559961434
-0.016142316077642157
-0.01731079619935334
-0.018104545722089974
-0.017397838969039226
-0.017751648131934854
-0.014119487760542341
-0.011541928749246656
-0.008500229378042429
-0.0077334591487742904
-0.007880746011059755
-0.008178770237419372
-0.009132703844192087
-0.010530755667060023
-0.01130650699724108
-0.012309321366227548
-0.013832680181392054
-0.014190722106487091
-0.01568116693130733
-0.015464474734198562
-0.015927907943058456
-0.015219848118765218
-0.015561608227272102
-0.011733535152013757
-0.010959913526809308
-0.008399860291090803
-0.007167011576403052
-0.008225814793175697
-0.008247848963250053
-0.009986125284466893
-0.01097990400466708
-0.013015431957518767
-0.012750392292952708
-0.013803742335357902
-0.01520905646754801
-0.016419993207763647
-0.013763486296326306
-0.014571915284221686
-0.01406592932531736
-0.012844696117787241
-0.00969004331540083
-0.009330020307520089
-0.007376369211123965
-0.007822117345410946
-0.009074371242799043
-0.009995595183915008
-0.011287967074831751
-0.012461007886646324
-0.014166137363031468
-0.014824597045495125
-0.01632269535633158
-0.01566489194608123
-0.015856158059399435
-0.014064398732376852
-0.013348779427517072
-0.011062991378402099
-0.0090268173187831
-0.008064250588542689
-0.005159718429729143
-0.0076655228606037195
-0.007993304931179545
-0.009340928751533868
-0.010635907019143617
-0.01247009822947203
-0.013907159578489686
-0.014404962793095433
-0.016224657734312253
-0.018058220615641322
-0.016447033979350722
-0.016102084231178728
-0.012302326241927362
-0.010074561452016581
-0.006653429545490686
-0.00632327621979791
-0.0030065385456529725
-0.003459879566512295
-0.0075992445987956144
-0.008506513804714864
-0.010590638732857285
-0.013009528764763224
-0.014491585163919088
-0.015674470620136705
-0.018137845074247427
-0.01829437234746702
-0.019635657240528303
-0.016895873183161086
-0.015577002159191134
-0.007523629672244269
-0.005604964580769113
-0.001634115965847025
0.002905655915620043
-0.00048321439102346896
-0.004389694859026526
-0.0076588826254889155
-0.009072211462072632
-0.014072521092744048
-0.01564421764676774
-0.020737813464673807
-0.021542000563838766
-0.024489809923259484
-0.023723304304633725
-0.024158612837574
-0.01510144462660151
-0.005721224359078086
0.0035184322021089187
0.0027723247101786516
0.0075790976741610195
0.004448667164408266
-0.001880891738443492
-0.005960784287405017
-0.010574551433744183
-0.013552992437971494
-0.018238794218051232
-0.020377527409694653
-0.025281470437280105
-0.029298532510198684
-0.034966347149652355
-0.03291634954856294
-0.026189989608428388
0.008206136204760949
0.012088179154134201
0.01593667541359036
0.021910639732809652
0.008174445728808634
0.0011664981571857828
-0.004552004449591864
-0.008751680649778704
-0.013372444447544731
-0.019463723110628585
-0.025180551252747613
-0.029547646164048914
-0.04060494887509436
-0.04966450051468629
-0.07056740465927203
-0.03562990777439032
0.023194955233201635
0.05816226510480939
0.03077409115643974
0.02979076807200161
0.016263668832776856
0.0032552496540315568
-0.002602012333007591
-0.009940722478288984
-0.01347188610585231
-0.021189983719805284
-0.026113659593792783
-0.038273616807972435
-0.050838879838809456
-0.08708767139093632
-0.1027191206977868
-0.22085313943855298
0.1767793951524369
0.10504871732063943
0.07347628510631167
0.04389490905109934
0.015036385863480016
0.005515181237504973
-0.003953564265085081
-0.00901898938238334
-0.014864215366330279
-0.020535391668960925
-0.028922208144624408
-0.03832963100240948
-0.06424946538705577
-0.09956730279293895
-0.2815320434593476
1.973124770290337
1.0194670601823363
0.2880517557132715
0.08078821409049511
0.027361350734451534
0.014581477751458361
0.0018806343124467965
-0.0034371216403888834
-0.009469136676923864
-0.014466553311715294
-0.019953793032280318
-0.025963593446827138
-0.03904824105889756
-0.05209102882470633
-0.09283354873777475
-0.12317140708874087
-0.2167220881996095
0.18203983505999582
0.07556377296984318
0.06503269456773388
0.018649111867970435
0.006170348389110274
0.002086785583172052
-0.005604294239022961
-0.009196247013886357
-0.013600005708008006
-0.017702559934671583
-0.024885063792428583
-0.03079077765787623
-0.043662638364365215
-0.05306146790804645
-0.08286699614880448
-0.05804760282260554
-0.0060434168281656405
0.04661950389759474
0.025007020397160826
0.0051013021981164185
0.0024320434382929575
-0.002691654734529545
-0.0060774521658201715
-0.009702687368045505
-0.01334283509849449
-0.017666433910168415
-0.021496734063498852
-0.027441226385969745
-0.030561497863726535
-0.03756169494172834
-0.035967735788779695
-0.036132792530737694
-0.0018178651978222166
0.005754075041542698
0.011744971289889517
-0.013282779281597615
-0.022061166959668546
-0.09195793061021139
-0.16688447275747148
-0.447943895275906
-0.2040463954120834
-0.14575265691333966
-0.04880647420937709
-0.02807362083562644
-0.008379218058983385
0.0052390477476258294
0.008095222062113125
0.012908544613024757
0.013576514625537984
0.004613927061947371
0.004043798642808292
-0.016537948847568942
-0.08519370838001913
-0.1788555429222633
-0.7606111307461645
-1.4600444223173452
-0.4374136153453366
-0.13711017344330173
-0.07092459066187876
-0.008662310606107154
0.0004461616321552969
0.006736420634442099
-0.002022405926563698
0.012142207996408494
0.0012793342124784968
-0.004787725546699097
-0.009346078731427846
-0.05106903154474574
-0.12507373921546772
-0.4314891553000018
-1.441221992005835
5.581836258050328
0.1683926496963408
-0.01558813987799317
0.021480624895953513
-0.0037141586496493993
0.006067707334883835
0.005687928276011547
0.013370662896661733
0.01120559153752703
0.008628092411009813
0.0009856775874893153
-0.007287000439875593
-0.048752955511254165
-0.11657250402024139
-0.18460692625103622
-0.38540005948833733
0.17307249338178268
0.1875525645563822
0.07615992618253509
0.00967278423200571
0.015500881389301668
0.011042022979230728
0.026172797777469094
0.0197203281072956
0.013931052464703744
0.015708582067166393
-0.0013696866788102339
-0.023359737481877987
-0.03847056321813289
-0.06877053863381065
-0.12198261362117167
-0.10958535424892285
0.0024491135429141712
0.06545301750913564
-0.004703695393348089
0.01979771864517694
0.016262973846357744
0.019411081233783326
0.01688545897006701
0.013205086735374572
0.01002620459532352
0.007440853575464238
-0.0036492442616324204
-0.005000840719598408
-0.01235916882064097
-0.0423575682076614
-0.041504073563433136
-0.0446110769409817
0.014319745996031677
0.001441685448797962
0.017661030935551148
0.015180814490813583
0.021500654839490055
0.01945039616994782
0.023076545659266066
0.016545952508428167
0.016444910010698702
0.008744904164993999
0.0060249283481288935
-0.0077600489391587485
-0.012767062456514811
-0.009193018729541801
-0.015254130133401397
-0.0015506020108946887
-0.002878004695900345
0.008068163593678774
0.012811366046348055
0.03034307368614697
0.02930269999391623
0.03158246378504758
0.0243219531839675
0.021937431895178137
0.012788464826512837
0.009493067385246206
0.0072528094686455085
-0.0004915994444597504
0.005547163408916972
0.00039541532258315277
0.007643496173905898
0.004762715731177598
0.018327381234424154
0.013988541798740093
0.013794404896652186
0.015939426124678545
0.023852621401718507
0.02245639700057687
0.02093748043873743
0.019607097408859485
0.019387210688060354
0.017240800693958714
0.005238413163236145
0.007321780650047895
0.006189705521005354
0.00960754783575522
0.012550706744044337
0.014704999588178901
0.016163376038996338
0.017719402353789274
0.009123940266750856
0.017887900583980938
0.019848680440307256
0.02432397655161016
0.020762042605982342
0.025714646815636608
0.022834545809716382
0.02366343378228882
0.009232710051304095
0.010724739485300762
0.01627337936177123
0.0009340841362881635
0.010578370429687123
0.01770872752547466
0.018124278648179358
0.017934346918928
0.01931721211155556
0.0229445651765413
0.021081296053687117
0.016853756968450106
0.01355891656442426
0.01857084381622139
0.02008081944678016
0.01892949164721712
0.02379242285256303
0.010642876108037014
0.018052365262179657
0.011552637892771939
0.010643781095733593
0.015045372750376667
0.012501996204046444
0.013617515150186842
0.015440486305366012
0.024166450484234495
0.016748488504725795
0.014317911878918819
0.010250200267763594
0.015741377593395403
0.01886490136592309
0.023563285173285774
0.026902282173660252
0.023277399195996692
0.017184151938837412
0.009968741792002135
0.014922454320029565
0.0056161654597367845
0.008020821169382082
0.0013618589269191266
0.011470285413882165
0.02272140449811604
0.014118874593133447
0.021478106263564088
0.013966815190955576
0.017829324081224212
0.02031282389845113
0.02217212610076571
0.030640987056548087
0.023792228506622864
0.01322576114511261
0.01630876770379808
0.013665732207713395
0.0041370725575406685
-0.005948033872592572
-0.00492585403354208
-0.0070952527287770385
0.006134939813029325
0.013107172167035545
0.017130372173235438
0.0196875685548801
0.01256763368480442
0.01486986707395041
0.01610185272521902
0.02087349996202622
0.015503722253950882
0.007523458115578365
0.0062596457507983535
0.008502409163506522
-0.01417389553769887
-0.018658257712570122
-0.024097595258748362
-0.01753925664186685
-0.008827071918402497
0.0018124760351351432
0.005118996903331424
0.019818500397803484
0.011673733229024381
0.016997939556469034
0.018240421166595057
0.019827397937456803
0.009960485346254926
-0.0037915477773310963
-0.007222181614337355
-0.01469559451965553
-0.018962432209976187
-0.05312285917508819
-0.05078647408098752
-0.04548677984633691
-0.022361160390508297
-0.005667062523828405
0.005090116312630013
0.00707065242949419
0.017826489636171037
0.018816245260886377
0.01567358924577374
0.010417668591009928
0.00689318870388583
0.0036513684247525026
-0.014497452094588716
-0.02112900134304397
-0.08269649804780746
-0.11730270883416986
-0.13624995943692683
-0.07177498189685698
-0.04371338532709237
-0.020319343124323926
-0.0027247594416167347
0.00588184306678206
0.010373204549280039
0.01444755830003629
0.011054007597854694
0.008047167164858062
0.004793345054896904
0.005221518823098615
0.0019831955481978986
0.000309004913681368
-0.003830597337055176
-0.003718035319782898
-0.007153379681456927
-0.007664244582006712
-0.008213015138895446
-0.008499404019899294
-0.009120313026991114
-0.006722214112855909
-0.0056147728689340416
-0.004554192117787529
-0.0017171902632332659
0.0020460212218785653
0.004018167397948123
-0.0037455673700293856
-0.004388438113496296
-0.007791523930500801
-0.0074503395293670106
-0.007679086785510005
-0.008944378414884302
-0.009581523619497049
-0.008880679997381813
-0.00977535767766541
-0.008941638992676443
-0.009747029172892337
-0.00877828138063974
-0.009012190331571747
-0.00501850500253566
-0.004213741340930843
-0.0016960321099225898
-0.008833097787067562
-0.009981627985690503
-0.009130129454984827
-0.011821183291051853
-0.010916957278603203
-0.011125086123797649
-0.0102608623826108
-0.009883837765490726
-0.010527421827841249
-0.011389539851890803
-0.01065083416045039
-0.010507728218223805
-0.009949920459248925
-0.01058751696070418
-0.009876589325669424
-0.009503901775569175
-0.015524733154732037
-0.014812668851735896
-0.014101487397843771
-0.01332701382879356
-0.01303377799188637
-0.012802872684462438
-0.012761308602234012
-0.012268250812214755
-0.012643838147651153
-0.012470447630208999
-0.012809951170740302
-0.01252142432341535
-0.012233908408051672
-0.01329568277516875
-0.016526447969179122
-0.014571931896932072
-0.0207085578037291
-0.020266003703847985
-0.017769757636307126
-0.018592636436769512
-0.016318675585642654
-0.01642502446875817
-0.014292103272780753
-0.013343640309341483
-0.013145868557602273
-0.013685941829979927
-0.014038984932032152
-0.01424039952840771
-0.01465091193071402
-0.016861482011815906
-0.01839311318118
-0.021368936988940802
-0.029715871521626868
-0.02739498242894329
-0.025715039812398973
-0.02276828594032448
-0.019515158482953276
-0.016386490144395312
-0.015610290159581942
-0.015386969960390311
-0.014857452616282584
-0.014208244628991328
-0.016421777722790284
-0.015687410349951657
-0.0179218305274557
-0.01964032617630079
-0.024746076917191735
-0.025267665405527877
-0.038148992743711745
-0.03971025426475298
-0.03175846429652114
-0.028379040205671863
-0.02163623934018633
-0.019850297045841257
-0.01530677128121046
-0.01720534703735235
-0.015097383584286242
-0.01621998477073289
-0.017227644552463537
-0.019490717478438856
-0.02052748672837682
-0.02548216074283283
-0.030364323199325444
-0.03772948141588592
-0.06474498100379425
-0.053169887800174724
-0.045018035021185
-0.030987215424337734
-0.025199125188546792
-0.020034857063888578
-0.016750572144096466
-0.016449785911510664
-0.01634059400613521
-0.014668235568404672
-0.017584465267953653
-0.018907215833015165
-0.0239920327489727
-0.028597494119675892
-0.04061013361924659
-0.05077079285582996
-0.09648570862971388
-0.09595060003924714
-0.053957197192868504
-0.04013079528653328
-0.02552740303164339
-0.02124785148683167
-0.01686566220179029
-0.015684905961958463
-0.015371781385348969
-0.015053276047929127
-0.01622086844062494
-0.020476566689645783
-0.023455258494637487
-0.03329417559166734
-0.04507146335675509
-0.08205548121568264
-0.2747836690161205
-0.12266803695327005
-0.08368528958611339
-0.0383416961382693
-0.028610747390217534
-0.019983260277334478
-0.01650020327088935
-0.014606108016021834
-0.015074789315837382
-0.01403210469330017
-0.014977638865208042
-0.01586302338889176
-0.02335695313524574
-0.028414321047091084
-0.06421931348825494
-0.08621058871553536
2.0403090148140026
-0.22833808781377624
-0.057396289773912756
-0.039412021374455104
-0.020230006128807147
-0.017723067061345247
-0.013235183571913698
-0.01390103970771909
-0.013001703135668861
-0.012843389775267723
-0.011785624917400615
-0.013549809087306078
-0.012201623390934108
-0.022411149357876844
-0.02374215839043179
-0.20813815389269164
0.9854045983302555
0.17129155653900302
-0.017468916782875626
-0.008174494152223927
-0.01495547142458165
-0.009953609141024337
-0.012460489159779783
-0.010924529699969153
-0.011144779826252813
-0.008945738809154129
-0.009805437486117587
-0.006722749735849403
-0.004320762934307701
0.01357062412487024
0.027194201498116476
0.19221198259613032
0.2830552124194031
0.06033574838512258
0.04257962846614992
0.001834872985362334
-0.002528599290952605
-0.007915475525215446
-0.007577125499657511
-0.009779083067158675
-0.009531294949393152
-0.00850392207483227
-0.006426591011796249
-0.004863854938932374
0.005021572113851321
0.015578101026559425
0.0639439211640111
0.11322234022292682
0.07880143665286116
0.0639072418348207
0.021398934422859454
0.010696372985190153
-0.0012127710140457896
-0.004633178248938583
-0.006910606859515533
-0.00731792121380622
-0.009156081220446014
-0.006587184191209534
-0.007429950146208065
-0.002433537467702736
0.0026369004434093376
0.016980263409517138
0.03184786667297239
0.07935954856351854
0.04300272731393736
0.027462319369379904
0.018625594153609013
0.006232917698244921
0.0011748478047946586
-0.005286702314806347
-0.006663455779135686
-0.008530070845955995
-0.00860917471414791
-0.006467152349387433
-0.005588811804587701
-0.003041129952368346
0.002919880544269029
0.008706929497764967
0.021443150341337626
0.02987268037366691
0.015261762515093317
0.01575516246708664
0.006165569291969231
0.00268072133916085
-0.0018640311260875158
-0.0036039930154911142
-0.007684520312269932
-0.008431361221819108
-0.008684900666446302
-0.007164591876766275
-0.005837908524948393
-0.002700596079044793
-0.0017685802678687472
0.004940351293275096
0.00886954711311785
0.016632745096645488
