0.0007747581559502932
0.0035375442943366736
0.0005139516783886205
-0.0009995429494812167
-0.00029681921335519227
0.0006629471293507612
-0.00042554364490515376
-0.0006063856255537508
0.0084808342097254
0.0041367104442936505
0.0075487778971534665
0.009732603952886965
0.009445964938384205
0.009479970200246607
0.011543205076090851
0.009226478352838031
0.011208698234816033
0.009108482063442119
0.007505284177459723
0.00463087201089289
0.007144428040497558
0.005896560910632564
0.006210876010941006
0.007542091860545296
0.004776730772812965
0.0057826415447388025
0.006752391889923083
0.00889800122944277
0.009469979552446444
0.0100189911936862
0.01118513553834655
0.009536857513234978
0.009528640155028032
0.011555012629918425
0.00571403109397626
0.0069630952217044845
0.007462044885492423
0.010122631805252863
0.006554009816623912
0.0061470150976024335
0.005437996207695093
0.004983840382464576
0.00963753809213727
0.009289098995975366
0.006972056938858917
0.008091020447941698
0.011353136868033372
0.009931731690888488
0.009252050864522906
0.0052116688275163445
0.007472375944309713
0.007340374619183649
0.005158395489650491
0.004426924121307748
0.00533414466319855
0.0035848462027700794
0.0038320794259474405
0.007154757731601215
0.009157879114102686
0.0073864548745864525
0.005137548152138659
0.010550094218100292
0.009346095054316248
0.012426032820803424
0.00792113795063649
0.006648764152253425
0.003521889405447498
0.005999309451865086
0.002791579537665738
0.003778592038504976
0.0020471994718196168
0.0045218496670842625
0.005226486521725835
0.00659671659235497
0.0070226995599464
0.006543552610915774
0.008323161414660132
0.008334869178603758
0.010473268943003756
0.011655316266394518
0.011783710737686899
0.00353551119196917
0.0032615689148615674
-0.0026744565437107556
0.00152728524259124
-0.0015769141957757099
0.0021718273362401857
-0.0013257553101527887
0.0024262378831821974
0.007955517710974674
0.007659010334194524
0.007752001376582328
0.007957073584375949
0.01187566606442679
0.01216289463705579
0.016370272865056983
0.006148177387864036
0.009798685778382618
-0.009549621668875448
-0.000964852617923742
-0.010401332718925613
-0.00017286831941629312
-0.0016092446121157328
0.00015672431375020682
0.004418929942407483
0.0032773327989447367
0.00884414575038738
0.007390239053286836
0.013081437059158183
0.011239935165501211
0.016081945343110672
0.015739426967206666
0.02029726556257206
-0.004496340492810642
-0.005503333326232381
-0.033006671221480356
-0.009532456886612342
-0.015575152842648814
-0.0016123633799187366
-0.0038365885361311223
-0.0006963675360201879
0.003138342165622256
0.0071200386920844015
0.011471942978864908
0.012327269483750297
0.01745044233168516
0.016064152684466045
0.031174915595882573
0.01500761789312002
0.03908122331785754
-0.10958768736665678
-0.03400510453979532
-0.05067805582702322
-0.01523026392272237
-0.01649446632869795
-0.0034183970663373567
-1.5848719299354835e-5
0.003373500534855296
0.00874034845269741
0.010907754384218099
0.015979696574545725
0.017145541334209022
0.03052574351188841
0.029831536079865714
0.0678521212719856
0.17405956174607443
-0.5346489851949153
-0.25353363518528704
-0.06157749015827228
-0.052654120795560554
-0.015866676666149576
-0.011981932793565886
-0.00360399753342564
0.005904158919881982
0.006777881665875737
0.011961321642778628
0.015670421894883775
0.022952505174939252
0.025109996875860924
0.05781026974416152
0.061473441309816766
0.26514939431369083
0.5673071267923103
-1.7060022229919007
-0.20368305003393888
-0.039340806842359265
-0.034161310704794785
-0.008592758828052957
-0.0012104076520947377
0.001877360232560016
0.006305851663219484
0.007750970470065285
0.01464946227517727
0.017787878892070827
0.03279256548094168
0.04046691413643039
0.09473019400875775
0.1258952723153159
0.23831372814545676
-0.28092906453026173
-0.08475436601190489
-0.05543326793536627
-0.01588624044836204
-0.01019471783403851
-0.0003681767344995419
0.005150286906074274
0.006016088687894683
0.009537529842027484
0.01063381948086777
0.018744425715594253
0.024077833158978976
0.04152718094266654
0.042230780595598254
0.08637539405965695
0.026237670030948672
-0.018128003552394082
-0.04999439774878734
-0.015106665572910362
-0.013454953123502625
-0.001591621524889449
0.00797997444543023
0.0009779758507471035
0.00438152662173489
0.006086969488732916
0.013312537738949247
0.013232205823133539
0.021469981732959203
0.024161913467859068
0.03645696251001402
0.029860661687772037
0.030861031462769514
-0.013307444222992407
-0.005422532600086717
-0.011626315747916628
-0.0004462768060877454
0.0027249384787093123
0.004191782509826963
0.005192589773811071
0.006216210906773973
0.00876969455850276
0.009186026517241663
0.014615777088612615
0.015248517043136426
0.0212876611500311
0.018443255595054855
0.025575357058471783
0.01046575019322478
0.01045955050135837
-0.0020379412175093757
0.0013228770215536825
0.0008683292539503236
0.005490305929150567
0.004844125762726393
0.0038960681620220502
0.006523579890531354
0.006558900871325453
0.00825316795006382
0.009448282372029286
0.015066988025883203
0.01466907164111139
0.0159866743670891
0.013924273391129855
0.01482771294187542
0.005604581381350758
0.006848180291931329
0.003518413135242245
0.006444565416681825
0.004933439148148555
0.004147673887639696
0.00736315361256169
0.008560892232815543
0.008912023281768258
0.0075785051071559925
0.010183722719830854
0.009963579712802883
0.013542212088194984
0.011387306868673397
0.013427076091842212
0.008614680645319579
0.010300866531781912
0.008017663244555441
0.009152787000932014
0.008119928014048374
0.0062771830615958825
0.030968535948832948
0.028347048082567015
0.022508757171409516
0.00043916340565304047
-0.010327114155140637
-0.05640671942979857
-0.21773397101030473
-0.20633854729615822
-0.24716371970026965
-0.13788006345833642
-0.055880392420645734
-0.007107588300765415
0.018662390473306274
0.03239210869587498
0.03225654868870385
0.026568413492419153
0.030246074695459847
0.027633870980712124
0.019514482522467833
0.007330322048366742
-0.03576876652512743
-0.1703916280761217
-0.4822366121514522
-0.7595026418611849
-0.1838422029135019
-0.3686160944637731
-0.09016107823507008
-0.0072800469969975905
0.015327636229530284
0.03471879086716696
0.02756874220768462
0.03720382944332294
0.030145576066194748
0.019095439734695754
0.020415654942165858
-0.02625094387244019
-0.048044996833380677
-0.317064716001665
-0.31950274705426474
4.337834999779188
-1.2531173656384293
-0.18272239406745902
-0.06641609183810293
0.0052117325397855255
0.02084958401560334
0.034174563076882415
0.037840431550953985
0.03330290266886578
0.02898759620484974
0.021111784555929627
0.007300153486936495
-0.009720459002532862
-0.09145732870231811
-0.1522103270379581
-0.17657158969415399
-0.2730661819396556
-0.33871562113054215
-0.1026861675776428
-0.02778951926361689
0.005986923481555985
0.01671608316440417
0.0346929566526998
0.026396177641572826
0.029648280272827794
0.026444621491334707
0.012501181101441704
0.013541947986993813
-0.02326212503865159
-0.04051088406692647
-0.13162190494926007
-0.02003256777639646
-0.14805748013153935
-0.19144736445099234
-0.08084660784050238
-0.013133221485423776
0.01540639106134115
0.026017300570319913
0.02340887101194055
0.025016606474648317
0.030588234153572157
0.025389274016112677
0.012738115123772657
0.011940899818771646
-0.001777885134042324
-0.03173078633550596
-0.033421853546691846
-0.06177028902599421
-0.04552543341984358
-0.0904394411167001
-0.02237574720100809
0.002052306509529828
0.02401957163206291
0.02296885551334204
0.0292940051369667
0.028132983055316446
0.03443385325097484
0.02210796417172452
0.014248874767848432
0.012073764841843419
-0.00183383737133976
-0.010356637716144814
-0.0277453431051115
-0.01782746801522715
-0.028646465502446965
-0.01596013172371119
-0.006105739321700665
0.009999917948974191
0.022991596953348913
0.03486402045981226
0.03374018887279078
0.035202288487963675
0.028285380055155955
0.01861660660870628
0.0285671912271694
0.01550928324948408
0.012438595709216108
0.005394068673950447
-0.0007496655846015541
-0.015518085324811031
-0.01657891569549793
-0.011322852645760505
0.011189737311909462
0.016814663573892753
0.024151842778698415
0.026205220719873374
0.027960286888298092
0.028497618315413135
0.025424715495157315
0.010078213727406112
0.0195072821215593
0.014461070732861212
0.022701948488937505
0.014381955969776256
-0.0006501487808360145
-0.002485785766300247
0.0003321662381271478
0.022358006163526796
0.014349139369731624
0.02536252665204101
0.02350166858614168
0.028596417776481
0.022213908664788
0.03213345180049646
0.019128720783732327
0.024027311454401123
0.030241544205904657
0.019709150927631904
0.027747579246828857
0.016657933860024142
0.021804562901564836
0.0017338163477063546
0.01694840665287272
0.02616820511618236
0.01398534928311304
0.018363280361241113
0.02136964839102216
0.02279508956641294
0.033309766963494455
0.02741363374954713
0.02486226634845509
0.029589521329390942
0.02506775274220138
0.025418668586614627
0.020389030045768444
0.019895935185567235
0.013186720047609162
0.006506239459874434
0.01262420974406063
0.02247264479713921
0.011579706416695078
0.01405643656044985
0.021148399454760942
0.029911455798246854
0.031097856061885927
0.03419224185988789
0.03245735751174656
0.030438822586694076
0.02034468388006206
0.023946508736860456
0.02637235546945574
0.02024276680746193
0.022139927980938282
0.0008853970357484437
0.008637277492521061
0.018528888981304708
0.006925176843181983
0.014310092593640399
0.014093945079381907
0.02795983254924767
0.025418807000819138
0.030992683790109263
0.035802527876983285
0.02703000287271619
0.030738173990877304
0.024754707061420456
0.02293291464099931
0.011435886899331485
0.005261589081244506
-0.004640052385092146
0.002271835517430579
0.015436093722888454
0.007729674700124001
0.006888896873727201
0.005067607638580477
0.03360117771549856
0.02892958822068786
0.04358254337969646
0.03674096450564197
0.027190069267183276
0.03201415035194983
0.027364976398044142
0.021703872150720966
0.006104367059469277
-0.0008003712619317409
-0.006159800241603692
-0.00010307444401282161
-0.013106869022077654
-0.010891759413741068
-0.0076987031356155365
0.012277419650207018
0.021317512825773745
0.022355291721778883
0.032954576629568334
0.0346895557254213
0.022932364495953015
0.019236012903547157
0.020715134543814337
0.014131014855954272
0.013576853227864717
-0.019926939489915592
-0.0421234923272003
-0.06090142747730238
-0.04557648682893967
-0.035660645694290824
-0.008020099866883052
0.006882266305724052
0.021221296895401046
0.03031382011749121
0.029468061534381435
0.026082263536534436
0.02854905655132505
0.025163190821885447
0.01587770341771348
0.013098803820717136
-0.014181602006049532
-0.0361967419536203
-0.0809164965067961
-0.10933859590018574
-0.09547789101760801
-0.08374882249382969
-0.03477825442903273
0.004435790958277324
0.012009522790182827
0.03572433231981619
0.030393832380195395
0.03001736543195862
-0.007754328959974402
-0.0059998150156246105
-0.0019701683112221917
-0.0005588634587472722
0.002850218172884558
0.0025832731144048507
0.011507893951568685
0.011459634353403607
0.03301564547176314
0.6916378293290038
-0.4593493936580116
-0.1812508547130269
-0.05095036584517931
-0.043651378148021544
-0.017732743006018063
-0.01629636182849801
-0.010205944424835177
-0.003999788534927121
-0.0034982842780029817
-0.0002109140501449897
0.0016147046380056173
0.006082254624623131
0.007367905154128579
0.02881471139897591
0.027200810929600035
0.1539565523863812
0.38098538746032845
0.6205566796755088
-0.15241595828027737
-0.03325889681172786
-0.031042728059088157
-0.01311523369018262
-0.00883805523153277
-0.007010608948657931
-0.004116029627530026
-0.003574974682048933
0.0006611008353977248
0.002739218162542934
0.012810499382711072
0.01661962273286852
0.05303708556996313
0.07248006623636678
0.14949172937268182
-0.19726744020531498
-0.06698588660928552
-0.04600286353553362
-0.018744419188628545
-0.014421790700205349
-0.008677743433201279
-0.004380676043425229
-0.004097533970432867
-0.001548061888802394
-0.0012964880433103255
0.003963270086839664
0.006947889970876465
0.01896533562471897
0.01858820281317585
0.04906163935252223
0.005463095331063078
-0.025257186953468555
-0.043226718059565905
-0.01818283402539394
-0.01678176742358613
-0.00863591205125827
-0.0028600775902384774
-0.00715596629202654
-0.0056454695022250066
-0.004221477882892689
0.0005921294578109639
0.00030953681750144535
0.0055198233686598154
0.006957930017854887
0.015644134311380672
0.01008962982360623
0.010732506037440116
-0.018691699773271956
-0.01242115108288779
-0.016094404030047922
-0.008025071917446749
-0.005759583374318286
-0.005020684372139565
-0.004910957619365996
-0.004363789086418895
-0.0022232925059915668
-0.0019079586180127308
0.0013029135918131277
0.001055316626947535
0.0055532732776211405
0.0032273933274369654
0.008047015550625095
-0.0022970319715513
-0.001791571269190995
-0.00994896080082639
-0.007022407239035108
-0.007277700746711965
-0.004284174989421472
-0.005096068599238322
-0.005571550188968344
-0.004121564263088967
-0.0042649256496726014
-0.0030304433863429267
-0.00213790563491322
0.0012214585458089158
0.00032186907370937033
0.0020959145419724777
0.00036040234765768314
0.0008387183363299785
-0.005397834403754708
-0.004029795583560115
-0.0060550364191752385
-0.0036519257786663006
-0.005286511738152369
-0.005634897905259053
-0.0026938334213025836
-0.0023636726549115714
-0.00280191187122519
-0.003518912597062679
-0.0017404805632523076
-0.0015541205115793696
0.00010566097419991349
-0.0011967923849822456
0.0007741173699377338
-0.002497982542577604
-0.0012799423158925197
-0.0032315161838508506
-0.0016082023774060938
-0.002799571830455154
-0.0040673991145837715
-0.0024038946256984117
-0.005501090185862629
-0.00300222892625012
-0.0017549611655969578
-0.0023648638331143527
-0.002255698980317236
-5.971275223672244e-5
-0.0024936800684973123
-0.0005217614560152694
-0.0025097898304862953
-0.0035123949245521625
-0.004894062615234299
-0.0037087055621164086
-0.0038902936193535606
-0.004222688002851863
-0.003555672886331071
-0.005118314644613124
-0.004465116203015358
-0.0036177638579295585
-0.0020173357735357848
-0.0020724151652299276
-0.0017305683973849705
-0.001106798763358606
-0.0020078022970078037
-0.0016468380051994531
-0.0010369401737253558
-0.00502428356531924
-0.003167353779579517
-0.0028541293245345862
-0.0006084941220658684
-0.003143065357804673
-0.004200853265470341
-0.004713200170339779
-0.004691478647796869
-0.001624229507194386
-0.0019481921406702234
-0.0035384320578763073
-0.0030326809574971114
-0.0002512204094765235
-0.001284414499071933
-0.0027831909953945633
-0.005303121798577507
-0.003330371806902202
-0.003443927392153491
-0.004402677974219585
-0.004731302097584615
-0.0040683445836445665
-0.0056857693945517596
-0.0057136725203125105
-0.0028053612323331828
-0.0018968735778298752
-0.003092313941596601
-0.0051794338020053595
-0.0012604066083759964
-0.0022695488227232018
0.00024347223149287945
-0.0029478810720261006
-0.003710241005784884
-0.005882941032244758
-0.0037677023724699624
-0.0063053168999311696
-0.00533208039830258
-0.006355799808709569
-0.004944799521686725
-0.004178876490053361
-0.002714955142567431
-0.003350930751121437
-0.003923639932671128
-0.0028807718095313207
-0.002815308061641809
-0.0007585445391183982
0.00014952463318191884
-0.00012446730036697924
-0.006102170836852869
-0.005854637331241716
-0.009779214970871652
-0.006449363386302565
-0.008473050505939486
-0.00611899492119053
-0.00869923191848319
-0.006166720733138175
-0.002690642983813025
-0.003028655259577632
-0.0029843527300520956
-0.0028920768230423087
-0.00047662399780436145
-0.00017704698041296063
0.002831700947949576
-0.004112008597952725
-0.0012198772432478538
-0.013871068268501072
-0.007209640769277642
-0.014905909696868213
-0.007100577482401652
-0.008643818115936732
-0.007632358189067266
-0.005119307351038127
-0.006037478251138622
-0.0021355612433623357
-0.0034201766679092293
0.0004493042732506467
-0.0002719682931287686
0.002579502551245258
0.0027384763518083876
0.005798688341226452
-0.010809098822577037
-0.010971439278874572
-0.02883424726030717
-0.012986162051598001
-0.01767683069083648
-0.008732066032606307
-0.010488551270680331
-0.00851341519732147
-0.006231131571695673
-0.003654839064416676
-0.000716584686177527
0.0002064496697253312
0.003608926572800598
0.0022176478213997842
0.01334948610898769
0.0012716233112342239
0.024929368604768562
-0.08266635297187111
-0.032824992766513184
-0.04207860477506359
-0.016607894460121193
-0.01970059778714723
-0.01074159347543129
-0.08985204901149685
-0.06140181534276349
-0.02693251372725007
-0.016159332759246903
-0.006023854426559004
-0.002085302630705811
0.0014688508193466535
0.00518067701831689
0.01248272268156285
0.01921053019311287
0.035668884635024926
0.05495942672638393
0.12555487982772084
0.25756148924063416
0.45512861870835064
-0.3782168152624287
-0.14961958369148515
-0.06246489367156098
-0.036893947772512675
-0.018439054965664205
-0.009618308584206866
-0.0035157436905383665
0.001042896443614922
0.005353673619006898
0.013177363608877047
0.020387161301747628
0.030136697350318424
0.053359732280521065
0.09600564371784182
0.2410523186952324
-0.5056594415599757
-0.31533704310119187
-0.08665259046118193
-0.06130379465457042
-0.031684052093995566
-0.018526724478092844
-0.007356053751854725
-0.004099156584065853
0.0012019748468032549
0.005265634956571246
0.011121909718440178
0.013170949285341547
0.024030463089351275
0.030633207217832623
0.04315493100909824
0.025992745087678654
-0.17418586157821417
-0.19485602308254005
-0.06599587492030703
-0.043710288671793024
-0.027550718943914164
-0.014305128279776806
-0.007145123206487034
-0.004657950429851508
-0.001641518108987244
0.004324448071533182
0.0058451255583771575
0.009063943669205692
0.012981162895193838
0.015753319507875497
0.007921651402707102
-0.0028695995751847306
-0.09941836719725476
-0.07947451046592066
-0.03572324021427611
-0.03033241609686688
-0.019946359562536303
-0.012106972073110012
-0.006689231754334413
-0.003179662522776975
-0.0010992209149089957
0.0018801348403566444
0.005018438384317587
0.007102897119228599
0.008913382848681345
0.004755481659604188
-5.3367092765036124e-5
-0.013094164785375144
-0.039874910602182574
-0.04489024439739817
-0.021050433847872176
-0.018024119685330027
-0.013448456827560911
-0.00779569354207571
-0.0065442612327833325
-0.00086996294024172
0.00030593863492613045
0.002082975646919405
0.0025455795827299425
0.0038639959584768355
0.005409261419978802
0.0030106987462746944
-0.0038993833625060224
-0.007567062434675558
-0.021516346933914455
-0.020736085097845896
-0.011560410646272857
-0.011762080223880067
-0.008218625274521258
-0.00561313803350955
-0.0030331324584248055
-0.0006713749868870911
0.0012364367768179364
0.0009645428207936352
0.001873972755365365
0.0011113618987291696
0.0019842379708675207
0.0026979464636150714
-0.0016781348490678772
-0.006802931108221432
-0.009497937995706567
-0.01150219015130984
-0.005591648201873659
-0.005198115250094097
-0.004698853218863535
-0.004446246302944239
-0.0016775034844966638
0.000660736760280176
0.0014149749908099328
0.001275405104935793
0.0023272942598282532
0.004141031472108493
0.0024722350116388393
0.0024130160370395364
-0.0011017860465415321
-0.0018064294118410736
-0.004885697189347807
-0.004163423017178612
-0.0024618558691791993
-0.0025965836067808707
-0.002051963547503892
-0.0023884931744483115
6.761497224780624e-5
-0.00023077483815546137
0.0020177008593581383
0.002029220914621916
0.002463124542014905
0.0035509573719560298
0.004499692940850613
0.003203561320882136
0.0025646935114119105
0.003052060730040372
0.0009383852878983706
-0.0029537965256727513
0.0009316386256635811
-0.0009393350164772177
6.726735294617183e-5
-0.0009487897408004581
0.0009621057074108507
0.0020972266194334067
0.003829802234158788
0.0051577105902919345
0.003916619787510627
0.006268383382036021
0.0073686771473325564
0.005096061973184206
0.002256607567338158
0.004487493003839766
0.0027347307771441575
0.0015031297129482265
0.003432359817683296
0.0006935628126783251
0.002087766339769052
0.0014648463914559554
0.0011356015895846833
0.004834126725912682
0.0051959959853844105
0.005253847629155948
0.0038497485573524863
0.006187733657604871
0.007100537007506145
0.006652112496850665
0.006884422467770499
0.006626985987528033
0.006037238923741437
0.005726139288975913
0.004112720197551928
0.0032554077176308437
-0.00046659600464978186
0.0003037256239454325
3.5007452647184294e-5
0.0029320239710696923
0.005868466653681625
0.005386776883782583
0.0058768739699615385
0.007998777044407563
0.00946330272107983
0.01407403125969448
0.012836857144990098
0.012837993666907709
0.010859180282006137
0.008788276426672343
0.004258427803239863
-9.910250481487186e-5
-0.0008841895653614882
-0.00101553251783896
0.0025429624154785263
0.001909259365755756
0.006283725391591158
0.006312461507472562
0.009674371331039761
0.009808189935755713
0.013835607464219028
0.0192893342047537
0.022748167900637432
0.020673617412654548
0.0207720582855763
0.01265468928141409
0.0013414977310013097
-0.0007214166005330268
-0.0031623113412668916
-0.00173040887133141
0.00038168505393233753
0.002555537202397004
0.00569097253593843
0.00653119308125725
0.010797506310220738
0.013161326901872219
0.02049494226790213
0.029093135829334253
0.03432478039097165
0.04128003457673626
0.03242676848428728
0.019206995398057918
-0.002209962903297398
-0.012934824974732488
-0.008159710472315871
-0.004472750455230863
-0.0006248595410945532
0.002940504904166782
0.005475969262982693
0.007292909596440297
0.014346346964509022
0.014565327286460981
0.027902437974512487
0.03798321585333076
0.05824180494521713
0.06298235958860443
0.07231077484832588
0.01024664473676507
-0.039513225195916934
-0.024039420290104273
-0.018776426452264176
-0.010252058295641181
-0.002945629024221486
0.0006709515663872541
0.0034751696043503278
0.009233680052560854
0.013460283549300602
0.020093575723255583
0.031359422706333906
0.05381664594042279
0.07634145963531273
0.11898695010005925
0.1460368529479191
-0.015040147609894713
-0.05366010368277243
0.15321236411093966
0.20306224258091424
0.09833262467059649
0.0627716678949487
0.03877309824675586
0.024196193653550354
0.015065747826678789
0.01186297307533609
0.006210457770880064
0.002470780679315489
-0.002110242755182269
-0.005820932799715075
-0.01578414729008879
-0.03046162117464852
-0.044323586970669994
0.0021499542694282106
0.0923975734911812
0.08489953902829944
0.07066884028078786
0.05180968931790788
0.03426845846667239
0.021925453108831698
0.012695107102458794
0.013062722635843097
0.009426998319504673
0.003696760415613236
0.0026550904807434586
-0.001668519910998394
-0.006674751556599653
-0.00943583903551146
-0.008412820540056029
0.014521110327423146
0.04458287427122269
0.045889700041756284
0.042915841541104574
0.036159713081671735
0.02950406410616472
0.019680868777172983
0.014928751167578047
0.011063183388527268
0.009905079398423267
0.007672438217602455
0.0024915111488071637
0.0004835666193879181
-9.489965140817354e-5
0.0029915233200920955
0.00646726415194285
0.014713858371451154
0.025960043754189092
0.027021613851575945
0.027195562767400448
0.025159021554855363
0.019818714529090935
0.01606705625995149
0.01419296145466587
0.009985209071908058
0.008439125793373999
0.007336113441542212
0.006892053849702142
0.004430955668269749
0.002236135393182818
0.006469403559691759
0.011166042261078616
0.015874557572880837
0.019110606493819765
0.01979170999347387
0.020582016003352688
0.019535766986288054
0.016202148889129138
0.013437232092319833
0.010210695870976923
0.008263824583134273
0.007761654323133685
0.008520616816931094
0.007271720934785426
0.007748587896458516
0.0077431603114172035
0.006193074504678044
0.009882953390055658
0.009439280549923606
0.013192718713517109
0.013830601249840965
0.015192217377792538
0.013584799491965241
0.014427641780463143
0.012641366638997825
0.009554581700802917
0.0068046897049871356
0.008551403784962835
0.008933296551299562
0.0064290919109799335
0.005100569036601788
0.0073115764203102755
0.007746155237634324
0.008467436591075251
0.004708941331565951
0.008661289128292433
0.01264129666008368
0.013168574690338643
0.012411358606949655
0.01208590465524723
0.010174523135527445
0.008567939426145726
0.008074165804274804
0.006743340342545276
0.007807674841963868
0.007931793174857588
0.00556536014520624
0.006079679076497273
0.0066903898011875474
0.007305461390215051
0.0070249255469475025
0.008218756877575773
0.009272587976333667
0.009433788818601963
0.01230352160290611
0.008933477496370242
0.01072288224797734
0.007410165181774919
0.006922612681764715
0.00469004809929215
0.00430528211042669
0.0050872095025798186
0.0031255178748422377
0.0017325374053879653
0.005467836959154284
0.010826628699781835
0.005812321571553852
0.006303469285796057
0.0034860082150714143
0.008544003148081524
0.008741418465984807
0.006819788067314671
0.007236306011194114
0.007097880617685914
0.00346699978491278
0.004601195243230259
0.0041308810281203276
0.005793403455483768
0.003649008582948176
0.003524760327024217
0.005824926591597369
0.005621065964813589
0.0010001763035775912
0.0012860779769204057
0.004078706923871201
0.007255424177359031
0.007960719074573202
0.010081063567004523
0.011231758336767091
0.008368663944974764
0.006608076161314092
0.002829494242057593
0.003008433293914102
0.004428879819176169
0.002172905086862964
0.0016687836983458224
-0.0007399285574623716
0.000535860543273812
-0.006185905477584985
-0.0044812291890614
0.0013266110566635997
0.009699220836658903
0.01241569414074931
0.012012342009282372
0.012507902522493557
0.007051952964790549
0.006740621454271836
0.002996165287880698
0.0028615720504438
0.0001137997266800095
-0.000616158966839792
-0.0021054383684413684
-0.006148514819113779
-0.00646601314142607
-0.022830547851906507
-0.01311188993474115
-0.00041755582803080105
0.013860915464753796
0.016814674450873642
0.015652191505007275
0.014791928016851185
0.00999469792620703
0.006837674362216266
0.003375463430947502
0.004709426564766279
-0.0009832959093940196
-0.0019079815591369726
-0.009744925465142296
-0.014462741792162996
-0.01983457100679198
-0.04985855096766339
-0.03617336590836264
0.011257022663717548
0.022469520732721213
0.026208810802653332
0.023134975351515562
0.01452353260055519
0.011841496055155623
0.005770786475042063
0.004005932732571489
0.004137222902269317
-0.0036470851384437647
-0.0036101918212161164
-0.015563942292604079
-0.024078521024227615
-0.04056546211715957
-0.11654097246215339
-0.10174795055529876
0.046261844172157396
0.057774229244938385
0.040055548832136856
0.02908161853990385
0.02012174327314608
0.010966365455090022
0.0065597484036957745
0.0046821596053391226
0.00010075854950271481
-0.003530001469039179
-0.008848495050338825
-0.021865747735461075
-0.0376095409892388
-0.07005534709684602
-0.24985936303160983
-0.4096326344829426
-2.1778145640505975
0.11614125616397515
0.07021716347395354
0.03755405469893121
0.022233145671105042
0.014412186754010832
0.008368140324179164
0.007730553894416626
0.0037037001055947186
-0.001774055013226878
-0.00944182857205928
-0.024200788975976266
-0.047508362193657463
-0.1078725893415708
-0.30550177145703505
0.6440548364635889
0.2910922896152296
0.14394567576981165
0.0736441762615426
0.04216420854308621
0.026389159070154232
0.01726935246235245
0.012223754378076143
0.005543992757663785
0.004121304408150259
-0.004745876628784128
-0.012563422944035969
-0.02395697017244766
-0.046564558300462536
-0.106966380131477
0.00181873410959915
0.0002465715514552695
0.0005069630612177161
0.0032397969194672555
0.0016056347615373452
-2.8205389844404485e-5
-0.0028905556395025485
-0.001071355651388371
-0.0007274389867552238
-0.00137893436261857
-0.0025318036571371928
-0.0015780340946674886
-0.0031488526179929595
-0.001379599006919977
-0.0009964047748874491
0.0025112809761396837
-0.0001684618047578532
-0.002468719888578504
0.0016252502513982583
0.0005409609162784376
0.0029732803323099565
-0.0020579015004810364
-0.003223621303581721
-0.0061768067618430044
-0.003248552955885103
-0.005460395907616236
-0.003422067868700937
-0.004699694302539555
-0.0026198401097444436
-0.0026011640352936764
0.0004990000043739307
0.0013429149073704992
-0.0010787677094743011
-0.00014637704906345493
-0.0006997721044079389
0.0011767704112176278
0.0009145623833611124
-0.00045472268659749665
-0.008588590640788247
-0.008242507058056127
-0.012718360546267947
-0.007346383543312627
-0.008451553812968979
-0.004793308159253032
-0.007044575762875564
-0.0014900356056931823
0.00018911097765205527
-0.0011261992188607531
0.00047153330694548335
-0.00015596620442051557
0.0028420873018577585
0.0017790692640293339
0.00415276407137541
-0.0071039583418593
-0.006286194235586254
-0.02336691418332167
-0.014200596989651947
-0.019881566983472074
-0.008310826954392541
-0.009002589744021327
-0.006352606882932241
-0.004314006058592143
0.00015133645027284664
-0.0005151371882633698
4.825771109007328e-5
0.0043356530744671174
0.0022705425833812387
0.004632970207907924
0.002589878272063901
0.0010807171357876872
-0.02529324547735292
-0.027064929626546583
-0.04841555920833644
-0.021161762120190865
-0.02241068998993369
-0.008837845852963875
-0.010085452417095986
-0.00256165495906188
-0.003878666139288736
0.0007425807010806722
0.0037643473877352123
0.004026890915651326
0.007160739690411503
0.004948637487029302
0.014559018813338135
-0.010125537845620045
-0.0008479741604719504
-0.13122880859021008
-0.0642123431113384
-0.05994804314030312
-0.02137018234448895
-0.020572721840664727
-0.008447594038655781
-0.005827483542533373
-0.0027570511922866995
-4.461093414699136e-5
0.0037291599959490304
0.007193068199489368
0.0072094340674037985
0.017525074267188356
0.013904106611296861
0.03182382607706497
-0.3313437426279816
-0.6391827097014819
-0.24109598206854044
-0.06474639370150702
-0.049943147529473854
-0.017305809469507383
-0.01424736733663829
-0.0049647958711218024
-0.002101949643538293
0.0027323791292963315
0.004967816071234756
0.007171403726003758
0.013214661190299145
0.015089227424655832
0.04203816843209553
0.04232612381857429
0.21678643573338144
0.5003043413953447
0.7364842018756163
-0.15506006317229729
-0.030324450972716986
-0.02952716474248673
-0.009835255361151526
-0.007182333249558729
0.0006695327101423463
0.0013632047656792932
0.0013653884897412817
0.006628239591960149
0.009489080769668664
0.022908699257830345
0.030347268705672528
0.08038021875708315
0.11053148867200721
0.2083515712364814
-0.17512020402451425
-0.057867371891219294
-0.04115454711587775
-0.013682771172681836
-0.010835413569946118
-0.00532224253044443
-0.0026564287042964247
0.0006059246771812937
0.0036698376871026703
0.003888315241747542
0.01056430251580101
0.015316397047882908
0.031998413500881784
0.03517590329614669
0.07444755795770933
0.024877795138252234
-0.008614431078118302
-0.03373318916462628
-0.01013907594787341
-0.011555074860829845
-0.004023392981528184
-0.004172632062731655
0.00047254833667634294
0.00025043951068021316
0.0008872436326469496
0.00596938925360526
0.006245688513148057
0.013736089782126074
0.017105599758309015
0.029103155200757472
0.02385571459476853
0.026124201288341493
-0.007825765035933945
-0.0023690239037281544
-0.009465723406500369
-0.0015294746123581007
-0.0012605584540591995
0.002402262699607032
-0.003624406795652617
-0.0014100779527126306
0.00365424861522815
0.003492330458629186
0.007034949321053759
0.007688823415177794
0.014072531892781265
0.011920853682457476
0.01881104857234201
0.007785109582733483
0.008048139301029463
-0.0027551481230740733
-0.00013709321327263786
-0.001576268536317602
0.0010013173341092583
-0.00015825809468696637
-0.00047739158541240635
0.0011751529420552533
0.00040836894341898713
0.0023021442323684005
0.0033725585595680784
0.007627365709561805
0.007874464804788346
0.009690212452157003
0.007929405903568816
0.009081151621176533
0.0017868042292431658
0.0024335298414651387
-0.00044927825656779376
0.001765849834985731
8.554890561389221e-5
-0.0001609848286117199
-0.0009965816327490778
0.0009902116010309465
0.002864284085880905
0.001452336617537896
0.003615558342579309
0.0033217681367952155
0.006177533208479662
0.004759682180398027
0.006913246220570721
0.003056614139544143
0.004247739664731026
0.002239220049792419
0.003909332520401843
0.0024984587890144166
0.001373101656480127
-0.0006125593257916676
0.001974043490407023
0.002503152762192887
0.003151601722971499
0.0027371740379019817
0.0034544192161088936
0.0044719996579676005
0.001763425262883162
0.0033956637961803757
0.0018670194997928839
0.0014903685832231002
-0.0010837156083778378
0.0008619801049946194
0.0003821193886902821
0.00046133531643646335
0.0019133799954745968
0.002344979640992035
-0.0010213011045722294
0.0016324270724990832
0.001194225966025476
0.002179740230965552
0.002188681697691378
0.003085617209189296
0.001800168461640723
0.0013070371262700019
0.0028960979884301353
-0.00128783172739909
0.0003797143068113934
0.0010673366635645808
0.0025601805296390032
-0.00014082920719868904
3.81703196499303e-5
-0.0015144015736236862
-0.000253828593205397
0.0001487152904332959
0.0030070567467364575
0.0028371771236708147
0.0027322666575042196
0.008034046237035363
0.010130138702152774
0.0164243188113367
0.016642455005695608
0.019102959105731662
0.01606723060757551
0.016513381324503997
0.012555315377708551
0.010052979831655687
0.008877319790890272
0.008650340049134194
0.005617501115932018
0.005589608490160932
0.0011267335071520129
-0.0013916193908194096
0.0021431184804231026
0.00193715707419684
0.01420712845249215
0.016403009915803488
0.025190096673999848
0.02178031660765341
0.021808718543625358
0.0175387713011737
0.014743391908100045
0.011226704888843102
0.009637755849614885
0.008222786499045153
0.006556993063370803
0.0031067918398019288
-0.0036592355225562247
-0.0046623613012866565
-0.011670660865298789
0.0007752692850916038
0.005539956881459906
0.03710847588675984
0.03188294579859735
0.034614717592981535
0.02635623069909991
0.0236727415777825
0.01603078627648499
0.013888357003545364
0.00975961132392308
0.009205011594728672
0.004357454410752056
0.00231553699242401
-0.005892134062289986
-0.018180214181232404
-0.01970383004106218
-0.03789168124384735
0.02826193879499029
0.03986401600483664
0.0712330395789659
0.04498138050850286
0.03796092333604469
0.026413777423346545
0.02115013409797777
0.014161626753529588
0.010404177955366427
0.006286123696736182
0.004120922755201558
-0.0032355727671081716
-0.01629502857096198
-0.02458891725830398
-0.06269435462323558
-0.052611230101759075
-0.15152202624239913
0.24372879341976822
0.07722534701816415
0.08108980616513808
0.043419568630735816
0.032023015621321926
0.021778302630550223
0.016596276379701774
0.010240238064384325
0.006500487726349916
0.0008380556937660837
-0.0038461664186035835
-0.013463762419416804
-0.043915361586317536
-0.06703244495691286
-0.24868282392471844
-0.6749325131177564
-1.5196095886627674
0.252766771893757
0.07966151879290334
0.05796452521919268
0.030503552390671474
0.02282343859635996
0.01526799677281366
0.01137544987628962
0.005890554896223897
0.0011685691045756077
-0.00701299212346142
-0.016866887715702612
-0.0281679093668344
-0.07377020298890036
-0.09996338058850908
-0.2611782236250593
0.2004930886024117
0.10000052355075909
0.07702048087499971
0.03857993050570271
0.031280910152322754
0.019874829316492135
0.016072236504685932
0.00923482359930737
0.0070453735756480056
0.0006232099456447169
-0.0033323615026111197
-0.009179487818796735
-0.02404443650051348
-0.03140373180461375
-0.062360587266081124
-0.0422529451508214
0.014397212269687326
0.06060183892973004
0.03591759829299193
0.03255952244277721
0.022704958981715546
0.01924945642674756
0.013457113487360131
0.009122722388239315
0.005303223797848726
0.0029227234431827426
-0.004073063907767197
-0.006780807905767387
-0.00907990298647213
-0.019898361929006163
-0.01761887508134074
-0.022081354539453077
0.01645380056591313
0.020399906069756214
0.02722178387173669
0.0205181453181751
0.0190172086654904
0.0145391935233817
0.013230086804896698
0.008281651019687824
0.006972388268844125
0.0016461328702570563
7.548673993229438e-5
9.313297536631644e-5
-0.005001125944371524
-0.0050471632635391735
-0.009078048782892902
-0.0001467180074612694
0.004460634870168527
0.015467238963660252
0.015658742696961304
0.017222096081250887
0.014813255211677702
0.013902791898938675
0.010837886088362109
0.009288738075252902
0.007297117134072688
0.003918350902317269
-0.0001876026127000157
0.0005188053327277078
0.0014517851619406574
-0.0007099012760845081
0.0019746266250129482
0.0015626062247640325
0.008622276848875383
0.01009645335913692
0.013116748705525406
0.012462507264409653
0.013284978959328815
0.0121335066170679
0.011320911805446289
0.008242394944666389
0.008561121294803437
0.005439817507865186
0.004240366082212513
0.004253379018259381
0.003207480529153097
0.004146924579371479
0.0029370984754490217
0.0067054307337376315
0.006971065173632052
0.010460428176844084
0.009997010522404592
0.012374382619647104
0.011796302434256412
0.011978376095782136
0.009754814195249777
0.010127176579226096
0.008459997063462643
0.00718081042584018
0.004801838411985202
0.005680912697992938
0.005892225612669581
0.005547586195697273
0.006230422192730739
0.007457981126710225
0.009509647985945467
0.009182744094585065
0.011947958280204014
0.012167856436800982
0.011265212936684246
0.00987068158816401
0.010036269342069545
0.009462099614967434
0.008087303043187635
0.0062982466149153395
0.007283421566571179
0.005980340021777399
0.005710662180453985
0.006000273723288849
0.006755555350494401
0.009670790484302081
0.0092711224955828
0.01068130625440269
0.01024924721934815
0.012468466418794717
0.010922463910143723
0.010987485073469251
0.009507257579743772
0.0100057274623686
0.007568572786292728
0.006300032525266169
0.006390710550773894
0.00535993352867257
0.005998016136720723
0.004978899854296059
0.008910045742318526
0.008350054516224942
0.010654360795625938
0.011214235241888332
0.012316834137708467
0.01207473122287807
0.012258251989286704
0.010619441142254568
0.01063492627516635
0.008936063850682458
0.008102423546854368
0.00735061524110427
0.007016364477012444
0.0052513645337120005
0.004562203548961835
0.0050653152580487975
0.006437269323059998
0.010035478671189632
0.010457695491138017
0.013905005007971632
0.014784071931242707
0.01466201330400082
0.013436663993513832
0.012780224927783836
0.009451808542032335
0.008724605919309692
0.008766429679479364
0.00738576546633725
0.004415943688780429
-0.011505499687524047
-0.012178273269293062
-0.011525172407284548
-0.013352981822831667
-0.012681359865423873
-0.014965027169521349
-0.016900972152290396
-0.018316248644233285
-0.017998452897488935
-0.018847222219155326
-0.016446050592415846
-0.01599760633612116
-0.014444902663075139
-0.01427518179313178
-0.012704721253849005
-0.012070930221293703
-0.013743097230880838
-0.013394769401800245
-0.014349259744710305
-0.014384040369164899
-0.016562206771520017
-0.018733097850903626
-0.023307357280162585
-0.025237993840558904
-0.027762031697146347
-0.024402613751724127
-0.023571749786802963
-0.01904498531974593
-0.017721200993522635
-0.015787147168783905
-0.014242317641439196
-0.01314160021943294
-0.014717423045914422
-0.015364697231043596
-0.014817166316625626
-0.01765888755079359
-0.017730136828642787
-0.02436998495557963
-0.028502625317342635
-0.03610199148735618
-0.03666809093560077
-0.037429329233007756
-0.02987593632528554
-0.02424208177964182
-0.019494355323867032
-0.017672035819551225
-0.015282906842640442
-0.013746916312499118
-0.015033407901916792
-0.013312167688392653
-0.01451928957431869
-0.016016710132211776
-0.020677654946650782
-0.02480459975315938
-0.03931163884012872
-0.047850178670018194
-0.06475229976124713
-0.05246734750684558
-0.04283271440202649
-0.029038284795186185
-0.023719742392528866
-0.017892994678271653
-0.0160611590988187
-0.014348295777590395
-0.012963799163307343
-0.013004641895218338
-0.013123695307373137
-0.015946034883927623
-0.019695905238740596
-0.03009719922081947
-0.04594377241105059
-0.08396291342594144
-0.09669354725050003
-0.0946518416128107
-0.054107711939171264
-0.036974927395925235
-0.024057980634462302
-0.020498924321000603
-0.015536513914745309
-0.015108611047848679
-0.012810335226282643
-0.011300139657642733
-0.012281764102709612
-0.013355230985273395
-0.01927070529829109
-0.02437407256578058
-0.06862718156950243
-0.11208112507421174
-0.27160287568939023
-0.11860187919592394
-0.0782936063691246
-0.03665586280005964
-0.025946930519557578
-0.017757455079150535
-0.015558529339601284
-0.012880827980464042
-0.009930443623673091
-0.010194836189357294
-0.008990313577592673
-0.0111856235419777
-0.009202064825614939
-0.01980645470366767
-0.03954273824349682
-0.2464550584584705
1.6069777218735017
-0.2076601082678202
-0.051138164975421174
-0.03421848609350415
-0.017910904743152788
-0.01521631365948329
-0.012586124080256337
-0.011102056509806559
-0.00957694301492075
-0.007904549480602477
-0.008233201734426751
-0.005089584230218389
-0.002159124960146587
0.014262305776640904
0.027997455975827985
0.1802658115651129
0.7621600337900674
0.29295056146562287
0.01737954209858902
-0.00107971593749675
-0.010838621916482844
-0.008451008400169387
-0.009982448573996976
-0.008617651231288005
-0.007227713894068395
-0.006997106126524007
-0.005353854546151892
-0.003029272345106305
0.007128693499476143
0.015934217113598815
0.058386913090253956
0.09442983278571847
0.2541913252226801
0.10066131441126544
0.03749278906747984
0.0048765999994425935
-0.00014851566867630833
-0.006864100677862975
-0.007801975253387154
-0.008047225664152575
-0.007335051280913649
-0.0047993464190445746
-0.004268822782339831
-0.00014128107986780174
0.004436982406665266
0.01855920981732591
0.032815551836587444
0.06775949151060603
0.07283315305338733
0.05854760705723178
0.022182115083136965
0.011530001757355156
0.0005035100751486896
-0.00400820605219479
-0.007337456647417784
-0.005999040823000842
-0.006887362494105415
-0.005436306305794482
-0.0037006560033914226
-0.0021275281345305075
0.005225001465708204
0.010806383193315321
0.02427461332262103
0.029789032401645658
0.04127621256857244
0.026774371348725404
0.01843304140637824
0.00624228630065881
0.002156577308093265
-0.004183150868766938
-0.0055538179776935025
-0.007031171293688946
-0.006933180450590187
-0.005344713225387629
-0.004296720306057602
-0.0021953577457974813
0.0005519193039809453
0.006740053652132559
0.00927039188694231
0.01724323182622265
0.016622613626182746
0.015936348127985344
0.007700750330037443
0.0046850565946938115
-0.001104581391249036
-0.0037137771349563756
-0.0055901856875957305
-0.006449577023603487
-0.006917953764915427
-0.006660902416709638
-0.0050440159839888485
-0.005033534638101106
-0.0015830177411196157
-0.00030018563898187096
0.0036055005187887327
0.004068247714648579
0.007280254323659854
0.004366642969580592
0.002389989990986679
-0.001398741485502892
-0.0032836401922179473
-0.005545998075227238
-0.006476715963821538
-0.007188294676223523
-0.007671889924835187
-0.007072981523355062
-0.00811011312287816
-0.00631850598600349
-0.004440687250818673
-0.0035983842034840764
-0.0031278061115594044
-0.001193774177366385
-0.0013750171456750624
-0.0018389704415376715
-0.004272323826631537
-0.003084129144389582
-0.005823733456056161
-0.006372031742161945
-0.008370323356435219
-0.00717498175072062
-0.008311849190865207
-0.00949118512717574
-0.0086874690492021
-0.007874488186912219
-0.007961403387567886
-0.008483358923922319
-0.007974994071038334
-0.008111982912554607
-0.007313743207604984
-0.008377318175985514
-0.0076842554191145504
-0.007214561077852733
-0.008403798376107292
-0.008924950598638744
-0.008869022410842453
-0.009419429264227194
-0.011119194938470509
-0.011666116155053545
-0.0105210501229771
-0.011313118184562522
-0.010889766317079315
-0.011326707809508172
-0.012752323021085008
-0.012338525415312964
-0.013847996883471303
-0.012761602346079736
-0.012532933920379095
-0.012056460391081146
-0.01156083271553063
-0.010941920177262629
-0.01162241749421302
-0.010412571917194316
