-2.839851049462206e-5
-0.000899062836550053
0.010810155713531916
0.012604733867321067
0.013081089929421395
0.017161897955943625
0.017825833913929154
0.011687110356919926
0.010518545825235901
0.011360508252055104
0.010146367433099344
0.008219179367817981
0.001817151195877732
0.00212519330125969
0.0002769311324074481
0.002056782742439945
0.004126279628830544
0.0008049592150420775
0.0050345840449487955
0.0070471247724961505
0.006461610727747372
0.011245641194710863
0.011310156636990039
0.014430231435087457
0.015409863849281641
0.013762562618072455
0.01060276003737142
0.0117414856418409
0.006897284814419809
0.0035926870073377517
-0.003995743004450403
-0.004112238323798255
-0.0058459005633741705
-0.006926535287407302
-0.0069644840652179334
-0.0016158990388654166
0.0019255840400221563
0.0037434017867992867
-8.460656824411011e-5
0.007375117541317027
0.012612922654054509
0.013820114463326266
0.012357566566448843
0.015221798184250405
0.014053941572903713
0.01045162314833986
0.0018858712840450116
-0.0007875242963352896
-0.0053356243695186255
-0.01616880906968567
-0.01659577868575563
-0.018974199366774223
-0.01801105651811756
-0.01184864864134862
-0.006157419095621546
-0.0008260592342056159
-0.001572462958765836
0.006676313613750722
0.009286799960465825
0.014696212618778296
0.012780103088475037
0.012667376682895927
0.01208379805229374
0.004180818307736266
-0.0032048902748901655
-0.00453977837008686
-0.015964984600917026
-0.023235234520879
-0.0374443548068326
-0.03903417134049295
-0.035681019080538674
-0.02546959048958841
-0.015747000128258786
-0.007080009556968188
-0.0030011451736536654
0.004637824415815357
0.006396550811562225
0.012856525321208859
0.012199779606500209
0.008717414441695404
0.006207549436020173
0.0012653687266128805
-0.006707514932253677
-0.01676248155393654
-0.028259679705287057
-0.04699551808973281
-0.06627035071994224
-0.06978198212087382
-0.06289392372110983
-0.04626849024287696
-0.026580071360443384
-0.013489583551320163
-0.009071374536702934
0.0009098683465822133
0.0038687331750972814
0.00690656880709117
0.009330545073093973
0.011020689795353027
0.006630993978012503
-0.0015743492978662413
-0.01139683618716788
-0.020540456460349837
-0.044336240284278454
-0.07014894999996918
-0.1223063944283588
-0.1430532524601002
-0.1186197238474601
-0.0702809126008944
-0.04403284733420463
-0.01936138021166843
-0.009714772785240609
-0.00016384309077164123
0.005893558516517242
0.00846627611356963
0.007860708057321926
0.00898551929010757
0.0018974981111479126
-0.0029466961221260393
-0.009822203226725335
-0.030856456827416494
-0.05666278910293106
-0.11105227617511451
-0.21872893654796552
-0.3271829763627048
-0.19767518644125473
-0.10791943129286928
-0.05121762627411301
-0.02321184262642202
-0.003920697720252556
0.0012481795504713372
0.005273462291863816
0.011344960117056498
0.013042630063044717
0.007700675335711187
0.0029721657867582208
0.0007409013974198355
-0.009816617948962545
-0.028944210898222696
-0.06615433287784066
-0.11858744607303315
-0.36638629214233914
-0.9320973483871586
-0.3478651048499747
-0.12681636302268473
-0.053615367864473074
-0.019223116950698105
-0.0012284425504438298
0.0005125767811827676
0.008894192066891952
0.013249809452278358
0.011819855005651091
0.008000294390087566
0.005941393185280977
0.003993868878218605
-0.006052195415862353
-0.027403570970890294
-0.042987874119211233
-0.1471062287417618
-0.5224790134071428
4.221334295976198
-1.5730260430837146
-0.10480734755422176
-0.04119771705183253
-0.010913630205783134
0.00113838646998344
0.006261123886026894
0.013390793541598202
0.013394141410154858
0.008219678976431123
0.007791681479950277
0.00924285234362717
0.005447540777986686
-0.004603796027689913
-0.011140328260524291
-0.030063140493313732
-0.04416106086904808
-0.051543002823664634
0.5249623431549738
0.04214532672286024
-0.020990063082059435
-0.010595739604903186
7.951221955636192e-5
0.007935391218453429
0.012322536318623418
0.015649251365756525
0.013670269192993821
0.01422918029922565
0.011814854166365619
0.010739507228253438
0.008564622237184733
0.006289229211299438
-0.0009175778680818808
-0.0013714792808681643
-0.006033659793163351
0.013417106296078571
0.0991163352725691
0.05192306484757864
0.006567867359054098
0.007040822760131265
0.00851035572129858
0.013289518811521473
0.01497647268889928
0.015239266084493785
0.013099428121153452
0.014824751193637697
0.01567016437259803
0.014304768494781652
0.011514155747625283
0.01112982889537126
0.006540972222420803
0.006872590144880999
0.0048435688277776705
0.015430849749389573
0.02878386877489512
0.025013558112069352
0.010888104969673403
0.010154650880196264
0.009456859099195204
0.01539882198848961
0.015458019818623643
0.015981820152853283
0.01758704030070321
0.013383143012557403
0.012421575050470136
0.016202456883514117
0.012195217763442385
0.009692685005950297
0.00941330363741167
0.00866638767114805
0.008460113993267859
0.011706629193122613
0.008842543215173382
0.016173893612141263
0.011387522983686406
0.012396360644822177
0.013661553926807731
0.018036944717427016
0.0170757798150923
0.013424697824998779
0.015193604635143649
0.016100118668743172
0.013167786277766108
0.015553896520423098
0.01453979903130382
0.014399587810145184
0.010737149873655519
0.009911764578225846
0.01087107953386052
0.009950727449316646
0.011127399533543424
0.013008399253420238
0.009270413408020662
0.011680221558843665
0.011721380106098843
0.016171250896608265
0.013238690418358158
0.01365804116876896
0.013644921135551052
0.017490409163495358
0.015331211687008347
0.014208825331616291
0.015570135230460646
0.017088593215479946
0.011329989156401892
0.012509858291031975
0.010035943048067783
0.011003779806386086
0.010112981932001813
0.011729567401181484
0.014626611315604058
0.011223276982977858
0.012848867977445519
0.014816460684665484
0.012999104021567464
0.017882781855265765
0.01669845778551037
0.015614294773446832
0.015805714083722402
0.016675972522369076
0.013847694957645663
0.015826141379392717
0.014852662809223932
0.01179353452735887
0.00923322673792665
0.011000228225770417
0.010088087180903333
0.009843399596273927
0.01132423253892125
0.015173059657365252
0.013435499858205831
0.013397427974027489
0.01503101846208347
0.017834025320571028
0.018560683507068385
0.013345374758909116
0.012552420038522277
0.01601766314868575
0.012926780890920312
0.013217042387815745
0.01304981523387791
0.011065666933037743
0.010691459416940925
0.004350544693775929
0.005816921717971998
0.009057550954846423
0.009737573674462745
0.013075156934394282
0.010880135441635751
0.012066738362935679
0.01263600046610853
0.015086378541408051
0.015825442750872384
0.015234399447245682
0.01456240073680881
0.013681113652345015
0.013906259008578
0.012280735472077454
0.010958262595688151
0.010523754988028178
0.005814839070026839
0.00473845377517537
0.005255096251689769
0.00674195180967464
0.007999033276156831
0.007464320207551424
0.010949072294614582
0.022886086708302035
0.004116643771401847
0.00012240002177078498
-0.0031505696548923996
-0.006479690280922626
-0.0095484492113585
-0.011409068494379457
-0.014477746773915922
-0.01569705362583491
-0.021492873486330354
-0.029182728019720834
-0.048745101037444415
-0.07865744231875306
-0.25162103893394744
2.2894460064041495
1.7816557201496779
0.17232296165628144
0.041951797968753535
0.01144947828914414
0.004968990463655549
-0.0018167321461264535
-0.004483337683340608
-0.007390807747750684
-0.008037976437863997
-0.011008735315791275
-0.014103419986355005
-0.015972896862943897
-0.019720086155587457
-0.02834332258405357
-0.039885795357824876
-0.06865250604057989
-0.09873592197877143
-0.19626971741291566
0.12998991575590713
0.050915235839220564
0.036133688873213846
0.007263220293418809
-6.204329558245387e-5
-0.002410309322686956
-0.005565953238999985
-0.007903068516363741
-0.008406624749857443
-0.010103365406815007
-0.012553174853435937
-0.015123105677116144
-0.018787075030374013
-0.02315468949764923
-0.033297433440364815
-0.04224039698680247
-0.064315836464928
-0.05163591922299791
0.012822755794702084
0.02770928949386487
0.010637436104296127
-0.0012513519359562682
-0.0014275599343627197
-0.004707977943448604
-0.006571924222419154
-0.008239817770729553
-0.009016875881228565
-0.009903505680167004
-0.011756717869437102
-0.01435717950677879
-0.015740565340691712
-0.019883251308291314
-0.0230290817083702
-0.027943719863768597
-0.029951223545938613
-0.030612716034250493
-0.003051579501768465
-0.0006137628502727856
0.0033331884041872136
-0.003202450560538121
-0.005517659744609665
-0.00655511202180077
-0.007122663783413812
-0.008707128059759301
-0.009516651991139907
-0.010283686074755705
-0.011489310650892872
-0.013999466779718778
-0.014371325896327001
-0.016707687154095693
-0.019760606532435346
-0.019085396938052508
-0.02165497143511265
-0.01731064342520851
-0.011188282690270553
-0.003995647380333477
-0.0040520834528942
-0.0067262102060721245
-0.006799607350618995
-0.008263583389891825
-0.009366303460436124
-0.010078352839151818
-0.010276672148187466
-0.011939237179976823
-0.01191077618419039
-0.013680101724257656
-0.014496922017310303
-0.013946288762365748
-0.01461543930361254
-0.01581214553364377
-0.0141280383846789
-0.014884574421411029
-0.010750212114952168
-0.00835527146164752
-0.00556734689900828
-0.007712399865147035
-0.0069903480058603465
-0.008613376893864808
-0.009697140732581683
-0.010058509789967944
-0.009923895156434846
-0.011868001714190266
-0.012015946440367945
-0.011965162950103855
-0.012483614351370662
-0.011748863427797279
-0.014445042831819722
-0.013725855391049974
-0.012853187560302593
-0.011510831579199188
-0.011674233435626397
-0.008424856567965143
-0.007852302224031963
-0.008502568935769885
-0.008567813316782436
-0.007984254968401511
-0.008615604004101725
-0.009441594031735008
-0.01032662855759809
-0.011290657490526417
-0.011243094719559019
-0.011726205875850887
-0.012466745712708081
-0.012448699029285812
-0.013594387067161305
-0.012847944277115261
-0.012550848625314887
-0.011131496187806525
-0.009914448243634449
-0.009206176012775574
-0.008262549596232785
-0.0077544962936080325
-0.008564458896530925
-0.009144191321633816
-0.008685458868524114
-0.008253534407941632
-0.008838561991345304
-0.010200024104222554
-0.011755308991426006
-0.010932868656680628
-0.012829727264899912
-0.012523565097398798
-0.012860435582348385
-0.011731210910515965
-0.011230094243793556
-0.010449249863120146
-0.009706867957940284
-0.009114963965375549
-0.008047177905584273
-0.010429591533556565
-0.008997075769827336
-0.008943672273334194
-0.009755136698530283
-0.008882450534933015
-0.008938292049102415
-0.00997506733645098
-0.009972908304185405
-0.009980789971948376
-0.011670583621191987
-0.011870037132835996
-0.01217012780993024
-0.012197316654963937
-0.011104979984901711
-0.010692420193830671
-0.010477731254504836
-0.009388864039735503
-0.009573855740891108
-0.008817236606912412
-0.008685447931843872
-0.007695509983601704
-0.009160412940101795
-0.007806954004495041
-0.009911484282121125
-0.010445277416549138
-0.01073643212261625
-0.010338424145196784
-0.011558057283254156
-0.012200230143155383
-0.012024390178535486
-0.012013234040284615
-0.011801145268080113
-0.010955622810499409
-0.009469658920730145
-0.008964869213524632
-0.008947528327264708
-0.010177601974844498
-0.009548381762696647
-0.008403909159238953
-0.009395410660987117
-0.008663542697538948
-0.009328763931657859
-0.010272050078411078
-0.011889693205327095
-0.01146142105953756
-0.011780005122913429
-0.012683199361611453
-0.012177686974459196
-0.012614682311848986
-0.01241161617157727
-0.012658152250560719
-0.009991311526907957
-0.008890810401097429
-0.009622305123235184
-0.007518683039863494
-0.007461427645616348
-0.00863912336877905
-0.0088080550963273
-0.008583583148357853
-0.010131151573005249
-0.00975703602091608
-0.011663600942801187
-0.011601489187503079
-0.012806753734923801
-0.013142173725978708
-0.014308095047472005
-0.014322282083021288
-0.014771786517011996
-0.012880817007455869
-0.010592092155842912
-0.008434109752126691
-0.008667314805075535
-0.006240034363618603
-0.005095880766084379
-0.008124234929624982
-0.00835394455941652
-0.009076103730327004
-0.010272254531056433
-0.010189664580106023
-0.01129735188704037
-0.012530456582559057
-0.014047224255929611
-0.015576340961477224
-0.01633260583678654
-0.017707275999867884
-0.015814404186017376
-0.013959617816245875
-0.009474674481230972
-0.00896718313284713
-0.0068159799226730836
-0.0037823490489172717
-0.003835717330522828
-0.0061749704382673305
-0.008419708545642217
-0.009830223714396288
-0.008991314248894898
-0.011529010897576651
-0.01252953821389675
-0.013484895936523217
-0.014585626559038641
-0.016479286870547546
-0.020726693393477897
-0.02067734547113292
-0.02259307185308202
-0.01757595386940646
-0.011021643983970248
-0.002975708661040682
-0.0037791265257525754
-0.0007927912005081938
-0.003158408043964153
-0.005115464744405985
-0.005645372584626014
-0.008687918901950418
-0.009031585589486194
-0.011017353110278844
-0.014935586340025335
-0.01548827633804978
-0.016888430801994647
-0.020492889046353074
-0.024173687957510494
-0.03032684361251718
-0.03266958250481882
-0.03282007499209707
-0.0009262615142873778
0.0022461040821962026
0.003978479468567856
0.007436783925770187
0.0006907932867051881
-0.0022881258130545484
-0.005625657432072276
-0.006771547115795655
-0.008469695661857648
-0.011335458205104
-0.012883728214135347
-0.016068725116407136
-0.019060976147262196
-0.02492142782691193
-0.03340383697799651
-0.04317984515682755
-0.07199274232960118
-0.06133351427276665
0.020294210158060762
0.03360574000373284
0.0124687229227812
0.01317417047417074
0.005165955704281245
-0.0019097810756343709
-0.0033010238707731486
-0.004813015273395972
-0.008187959476179965
-0.01075542546260079
-0.013827499085642856
-0.01632901573325339
-0.018977854928544848
-0.028541951772153042
-0.039108967879288484
-0.07331519272490931
-0.1300939311444766
-0.2668850795356136
0.16976231313228088
0.07272070848462427
0.042790220133886565
