0.003613955918009037
0.0005165768894620546
-0.0012806180350120131
-0.012580337091281205
-0.023018011855898406
-0.01681062865174184
-0.013123924510943791
-0.016407149309198593
-0.013374099229672812
-0.03222608626537597
-0.02606388500977818
-0.016327539463575128
-0.02669771373475596
-0.012158273210485343
-0.010474761187697874
-0.012136817559606407
-0.017620834422893993
-0.017845034995630053
-0.016668106344029144
-0.0029757220507175305
-0.014636713843729084
-0.01841879236259906
-0.010750709354255586
-0.010904711776596684
-0.01696448000377307
-0.02922194101541991
-0.030008723369963273
-0.021931439853845266
-0.028224175769168323
-0.028121822948879577
-0.02942101517618345
-0.02940029359504149
-0.0182653167029812
-0.019400175753785075
-0.022284966947034267
-0.023622933046250377
-0.01859872424011025
-0.016822813325172475
-0.009229373476240666
-0.01092276074822161
-0.013283843588753072
-0.01572394993887082
-0.016605189024586794
-0.012285687526617512
-0.028113591215031403
-0.015577843109834611
-0.022180900735745676
-0.031235693228664995
-0.027335119521409684
-0.022319246421112163
-0.018774828508901092
-0.011452654045931657
-0.020852743077609506
-0.024300766716097197
-0.007853482293443376
-0.018584673802919633
-0.015862971799289912
-0.014878220264911169
-0.009544678563335993
-0.008820296842564508
-0.018673954058396218
-0.01422881768405662
-0.016205359955536413
-0.014191832007656406
-0.018793030792356204
-0.021520494479733795
-0.025274650816589476
-0.015952981778038125
-0.014664914798787553
-0.014068260952957346
-0.012628651390008315
-0.016121719389697562
-0.0031289468641176946
-0.002414417394597469
-0.010641749828889208
-0.001661653249340448
0.004291109642009848
-0.0036401532769918983
-0.007616552515801905
-0.020931173549187637
-0.014200016678793245
-0.015025585814152035
-0.022980235769761652
-0.02705329510604726
-0.031264521600725854
-0.0307705369390822
-0.015015339937469993
-0.025768360088330725
-0.014287855436203666
-0.0021462280970611183
-0.018117287322703565
-0.008455928165608324
-0.01117344400680391
0.0016475023915796753
0.006214222305690754
0.005050553466537242
-0.007376771404169213
-0.019097007632024772
-0.005543081351554731
-0.014159698740179149
-0.01079664822689269
-0.02755006610382629
-0.02736842759985326
-0.021210159870100102
-0.015861593427647317
-0.030686681427381107
-0.013825558565158188
-0.011413112291961977
-0.008532489471477082
-0.004175722206222996
-0.0029651061438317025
0.01845288481223506
0.005591706735019462
0.006798066840919638
-9.48459070486084e-5
-0.007499989850740225
-0.005649105624017718
-0.015252053766573041
-0.008130277512282354
-0.013347602347908188
-0.01870965871640059
-0.019471318537297364
-0.01871570865117526
-0.018566705255374457
-0.013951935087982517
-0.011038179521254004
0.0030732881330403283
0.00555200846307485
0.014232253268250594
0.041645573823917294
0.0408997060072329
0.018865560429754343
0.025275789051082614
0.0030317207507890714
-0.00922821297342123
-0.001417384162866656
-0.00465708758322006
-0.016720931647638607
-0.01086827317349774
-0.011856901713184249
-0.013279182076997416
-0.002368304378570341
-0.00518826770761072
0.0007056594744395542
0.004218553657323985
0.00866513288894398
0.02512008052113916
0.08550848058804354
0.07075831815597933
0.08286637638699172
0.03520846402249424
0.024202148690432936
0.011112272619467043
0.0009094174871713415
-0.005312117405338396
-0.013111671881347809
0.0024166084865963025
-0.000923775325301283
-0.015910856663981694
-0.007264352521580136
-0.0037520413739884914
0.009544469232680857
0.018663336073127743
0.03602683342973137
0.046900268008045476
0.14512187016802278
0.2999853297845838
-0.0017393764284738614
0.07584938871922513
0.024834746578286847
0.019369604085998273
0.002012788199158096
-0.005303994884182612
-0.009841813580060695
-0.012858404939046457
-0.010041977339276585
-0.009207935700017447
-0.015005728489016433
0.005869048175962602
0.013818971928500028
0.03134416517781267
0.044345200450032554
0.10508876488058218
0.3914840825756044
0.516565863260976
0.436042347574406
-0.04263209208075296
0.05041613174234858
0.003711949644761145
0.012007637626732431
-0.004410602613218532
-0.007623733311614766
-0.01804842796936915
-0.021160136340299403
-0.018396811805907246
9.202657607128338e-5
0.012440991241673475
0.02700410239892401
0.019436125979985567
0.08809820747595463
0.11469645875498162
0.9615973597051757
-4.173017255612765
0.4032456774990926
0.2080572289794203
0.02079165542314818
0.031832338298153455
0.0072446150212695905
0.007477212478897965
-0.0193802657731405
-0.022635998138029606
-0.013304972603493467
0.0001495291192302609
0.0020430197822622034
-0.007298921984297095
0.006982124684688393
0.037609508779946385
0.09359171877508508
0.1817043924541286
0.11401305656754997
0.6992346419994031
0.1753907263790559
0.06998216227180125
0.0436193381833358
0.022099605603859197
-0.007367200551791082
-0.019066357635679904
-0.016091623847076464
-0.00855911301411049
-0.00432832204797088
-0.007852736045962865
-0.007180870080098315
-0.001214384797284038
0.009451324628667403
0.04134076213498375
0.07773143047529193
0.22467612260102646
0.1822555870369638
0.0829080780353426
0.04042303960724948
0.05580072166652771
0.02068880890226126
0.0057195208234106
-0.010295664620300403
-0.013758926306133044
-0.00792846632404885
-0.017092196348091067
-0.01910728101184183
-0.011222380538939172
-0.00893913963398621
-0.0036108141283419702
0.002958441321106084
0.020329065101458675
0.03880865686783635
0.08083489438997983
0.04277000216586999
0.03991639356901354
0.04432356501595562
0.01980023918834768
0.011538041527772967
-0.006707836158169741
-0.012480293246981234
-0.016342130680405513
-0.017739396478442623
-0.014456373525369177
-0.02822844194538433
-0.03219600601104318
-0.011014930315557727
-0.011673103824560589
-5.2466746197264605e-5
0.0008593291341019076
0.021618951851798712
0.026912692772946136
0.020387208620236318
0.02451272513997063
0.00015234130279359864
0.011146827974716101
0.0022892969251884065
-0.003069333190683394
-0.018137968631631238
-0.018055980978534693
-0.028585486970021032
-0.02001711355780353
-0.023517250028383313
-0.019962280828685983
-0.012166782923647975
-0.01581946672200868
-0.012921946723034936
0.011923803989620254
0.0059359177420447076
0.012903481740462122
0.010489178542018782
0.0062643678381776365
-0.0002863609987755422
-0.011723025141750625
-0.007650726507206296
-0.022320750967149975
-0.011742947376638379
-0.017422088487797298
-0.015302003790418846
-0.019537879696448796
-0.018363523866552642
-0.01818742729333752
-0.02007021704240606
-0.02091016243839852
-0.0034498868914251786
-0.008868733711047289
0.00553099840005407
0.002470097438044285
-0.01443576778790191
-0.012069413687178239
-0.010413531862906208
-0.005452263710978706
-0.013855463345049992
-0.014080582693276228
-0.020972879570238114
-0.02253824463461897
-0.008929860506403995
-0.025218685677836562
-0.020955814514022047
-0.011998794364056032
-0.012844977994392439
-0.023194752600137366
-0.01400226390634867
-0.016021090323490084
0.00042962740803615534
-0.0026489808158985232
0.022318322900824788
0.009096839045677662
0.0039721493395210175
-0.002396762339664679
-0.003872992737780202
-0.006543952398983575
-0.005988860867737959
-0.006693301521533846
-0.0068705058590272025
-0.0053814142830889335
-0.004190862966504921
-0.0027058135573712295
0.004717120282232554
0.00947568040185421
0.022355628081924265
0.03151877355816008
0.04656591740943833
0.03056222058969873
0.029126161376437733
0.0164129802921491
0.0029402961357499107
-0.0009959144142435736
-0.005701839294131562
-0.006083066179687504
-0.008020891529595344
-0.006754053106611037
-0.007121949412395854
-0.005262422804705762
-0.004922694132150558
-0.0018203305377836373
0.002737437804840077
0.016330707279480803
0.030344858990234373
0.07300646636123317
0.08368343208837987
0.0708937872536588
0.05210174207360606
0.011698600027641181
0.0036360816781119973
-0.004175426789375409
-0.00643380039402651
-0.00672845251623753
-0.0072114235628385785
-0.008193902288382219
-0.007958044039144678
-0.008221300422396525
-0.005390182400481348
-0.003946252561021892
0.002193506256964935
0.011817083256932275
0.05336093990136866
0.09696880492845925
0.2739801209652316
0.09501878668433164
0.01613213586621893
0.008221723298301694
-0.007251321831186375
-0.005496510002797333
-0.00843012755579184
-0.008766082834895463
-0.009447791367317803
-0.009235503544411132
-0.00999521623178955
-0.008962171600128133
-0.009583346415212086
-0.006218399747614998
-0.006888908023734821
0.008894442108773526
0.015879771277403705
0.20084444802840754
1.1577056083668302
0.19368816879874254
-0.03308861243773873
-0.027502139212042417
-0.013393352631725973
-0.013797456727009253
-0.01063654585921534
-0.011587445663875455
-0.011515516103745311
-0.01148341519235066
-0.010294021158101564
-0.01165859238343057
-0.011298505684502639
-0.013833062577508099
-0.012789919392190723
-0.029072083987762475
-0.03408360417653802
-0.2251012961830036
2.1183027615910572
-0.21584737416016808
-0.07219329096148597
-0.03149550524203735
-0.02371741478923939
-0.0161496557950885
-0.014122787757558078
-0.012811924683854812
-0.01354534285741718
-0.011258001372571975
-0.012589865087310461
-0.012873571360550643
-0.01534747734503999
-0.016684312102377523
-0.023157774697649094
-0.0325133447618679
-0.0736576303913208
-0.11757946609162608
-0.29600654015301114
-0.11424605688549458
-0.04953197821066531
-0.03710010734188091
-0.02268403071003583
-0.01978059874329236
-0.015592310501068221
-0.014941732972159574
-0.013424800541570657
-0.013273135723570155
-0.013038441345685116
-0.013428674321941812
-0.015389905742660697
-0.01890534689907775
-0.022421467866010365
-0.037410479874339764
-0.051407724914184924
-0.09474788630446784
-0.10469258141952452
-0.09216287057106406
-0.04203358821770225
-0.02934888652905558
-0.022903212353592085
-0.018115875327348596
-0.01731922449959758
-0.014316534285670467
-0.013712935225742412
-0.013005676504092198
-0.013038975314543929
-0.014427817028024856
-0.015930142981661795
-0.018215449344819157
-0.02431579842944191
-0.030945133499888297
-0.04457473572320883
-0.05241079729022861
-0.06922596745614981
-0.05166119948371929
-0.030559488428480917
-0.02610443645690543
-0.02023492241135864
-0.018471743120841794
-0.01600605979690002
-0.014281932412320106
-0.012632536124745351
-0.013142904591934861
-0.012819280934963451
-0.014154317012069453
-0.015129461460594386
-0.01771727058037318
-0.020644914283012156
-0.027795953812853887
-0.029886080221864474
-0.039350634364697774
-0.038017421879044076
-0.038464090039746886
-0.024745648646483338
-0.020142183766499167
-0.018912255409069573
-0.014874404916712797
-0.015143118017527437
-0.013259547207197079
-0.01352333772371634
-0.013496566682607278
-0.013868957828332636
-0.014313659141185814
-0.015001014279640986
-0.015218297634802773
-0.018516570874965645
-0.021374709895001873
-0.02507691728294458
-0.026866417247015103
-0.029008739814890258
-0.026399444316581585
-0.018918358542260906
-0.017205156247325167
-0.015551361513974035
-0.014037970728662672
-0.013339741242132871
-0.011240642335665841
-0.011865083915213315
-0.012291998797016679
-0.012904193025194757
-0.013955601795119472
-0.012711535023237934
-0.013949077536272236
-0.015176928050644554
-0.01793973831177872
-0.01984533287608566
-0.02082791783279076
-0.02103378001493678
-0.020824203011228736
-0.015624862927492053
-0.01407150075216367
-0.013742599568466327
-0.0123013385197651
-0.012321652790054352
-0.011522820327624838
-0.01069743118751275
-0.010434035609703395
-0.011586102513692964
-0.011388641752320055
-0.01300834196977465
-0.012377664143348245
-0.013608392384926636
-0.01375272120059211
-0.015437295894448456
-0.015287400307773386
-0.01649849790297953
-0.015920619216800217
-0.011886119827528244
-0.011501326784699752
-0.01084873636553759
-0.010950101946025146
-0.010325526245136607
-0.009465977291737789
-0.009176235822257529
-0.009876371344195448
-0.009843948596562789
-0.00986385806567595
-0.011131110750507881
-0.011040289603398016
-0.011288705830003588
-0.011964464001275033
-0.012348890705083432
-0.011809832091600041
-0.010828789704067672
-0.012474190816693959
-0.009189509224400176
-0.008582994864088662
-0.008499855698028537
-0.009448818595399137
-0.009538557343454242
-0.008288003083075564
-0.010168965165761415
-0.009284432307137457
-0.010039110856170956
-0.009443512143516752
-0.01023763506771936
-0.010203746882050882
-0.00925858384038696
-0.0074200622590978
-0.008364425835046032
-0.008071956717465554
-0.007959839570561022
-0.007935414467632584
-0.004469445704963203
-0.004874615289392328
-0.006146524723823317
-0.007428399271770326
-0.007915414830835847
-0.006474900348777263
-0.008516051865535883
-0.007846197486069456
-0.008546196495353042
-0.008227598833891077
-0.009255378123993609
-0.007496080002055447
-0.006740926947240989
-0.006867443504767511
-0.005233687946332111
-0.004260950282121466
-0.002722933785416148
-0.004837377380517629
-0.0012381971650797588
-0.002315702044938966
-0.004551025617005504
-0.0049987599366460925
-0.007660022598879262
-0.006797209727635506
-0.0071339959796736145
-0.007953911469340807
-0.007840661820713963
-0.007751403168842902
-0.007594498521712657
-0.005478790186620657
-0.004304442424050302
-0.0017343769661726197
-0.0020909366701836085
0.0005603963758887037
0.0003218786949505042
0.0014634879234875957
0.00437030919733231
0.001398960860619905
-0.00027947591225241494
-0.0024813630355627714
-0.0058522322913060355
-0.007024054461919097
-0.0066083618075684246
-0.007152042761718765
-0.006808843011263886
-0.007065599603729291
-0.005947737020548714
-0.005368932169119308
-0.001444295646535192
0.0010657567330797143
0.005589000790163255
0.006203323217960081
0.006910296229403433
0.0052916437157402366
0.010492253141356765
0.006925881722995867
0.00035900419641549813
-0.0019350858279456602
-0.004837953619399781
-0.006227261512108966
-0.006695849476141243
-0.006501398848726278
-0.006287769511969952
-0.005085363577585951
-0.004273066790811029
-0.0021647329593454945
-0.00018664311930499642
0.0064512228569765726
0.009873660367013355
0.018819768517117936
0.01782085658124481
0.018957312755897085
-0.011956626532425282
-0.013823615604799448
-0.015203461963899396
-0.0178176199374557
-0.021248674376900503
-0.021235244609401058
-0.02184483339866344
-0.018099797461891994
-0.01617240717687504
-0.008471380350405237
-0.0065103313140482885
-0.0033351719995783733
-0.003969959255347053
-0.0039800267180047245
-0.005604396648279
-0.006454259807134098
-0.008272190033205853
-0.009728024446026287
-0.01290519867962072
-0.015995099187797426
-0.01642943323904966
-0.019919585185780613
-0.02227979991906675
-0.026019804523918208
-0.024220863883941682
-0.025404314887653646
-0.015443678584172714
-0.00932841527632777
0.00256177531737309
0.0002519206578439482
0.0018690011259970933
-0.0018381108231418652
-0.0030653626871809747
-0.005841538914275768
-0.007751314096521853
-0.010371300269539602
-0.01229386882933928
-0.01647188522664559
-0.019612269095530113
-0.02243851377850765
-0.028163070295748948
-0.030186147987848216
-0.037015897366085286
-0.03233747854960652
-0.02959616259323142
0.007108458650267352
0.009803034955474103
0.014819721863698765
0.006731601122315493
0.005248713322878882
-0.00202594431565241
-0.0043633203432570855
-0.007361469827813631
-0.009219257585049562
-0.012689092889759288
-0.017812050048916797
-0.020354353150165413
-0.026776469716071713
-0.031845717781097814
-0.04405649184248309
-0.051328962754052056
-0.07335650873001887
-0.034563174483471945
0.015588977333322318
0.050388592461652434
0.027787600906246383
0.02100649142663193
0.008313965509943056
0.0022069493277680004
-0.0023228671305316416
-0.005531227656050305
-0.00952996592284044
-0.013651729183945045
-0.0161934417230701
-0.021973323285806905
-0.027672146423692787
-0.040821007863247355
-0.052928112348438715
-0.09459646276021062
-0.11610264767889447
-0.2210381214541427
0.19449327363352298
0.09374571497671465
0.0695761939139871
0.029693373415317074
0.01735399599003461
0.005181316005096222
2.706566140039281e-5
-0.007359433635192847
-0.010092602901867845
-0.012981738314874878
-0.017505008638989107
-0.022104236107813386
-0.03158738203529419
-0.03985347618082198
-0.0688075918081456
-0.1046353539934142
-0.30139690224783217
2.2896674615663026
1.298027084168798
0.2732086894374369
0.08099688387126915
0.04539384392205421
0.016275472570426476
0.008331940953276018
-0.000808688603687262
-0.00596807029032915
-0.009946147365901076
-0.01441887713118538
-0.016510035936871576
-0.02164317486274392
-0.0268165600607983
-0.03913807482386671
-0.05297202904987116
-0.09564011922347493
-0.11751524550393763
-0.22813589390275993
0.1988825554166164
0.09433924006051113
0.07186077871014666
0.028378734020858803
0.016612507141376867
0.004571014083693634
-0.0009295118691842541
-0.006863398327981933
-0.010326321146245206
-0.013423851896080943
-0.016822212318238588
-0.019627456784963304
-0.025959765636334484
-0.03195225080544625
-0.045444292529037866
-0.05214242089086261
-0.07433514046934793
-0.03612955625108468
0.015233729497285567
0.05112188007216744
0.028263745074016848
0.0201797703107833
0.008464046597588709
0.0035494618751498916
-0.0020435091304367293
-0.006257208722125377
-0.011182714210673175
-0.013649056115046191
-0.016351280670145293
-0.01816019181579421
-0.0212277152020973
-0.027495660471874742
-0.030636339873864594
-0.037993147551464594
-0.03296157299370464
-0.029671693864177277
0.008124009425544816
0.010476482124558597
0.0156436193569254
0.007012820177131664
0.004131414438439447
-0.0019749772959833283
-0.004370133351890423
-0.007694846222595981
-0.010026653327063923
-0.012824982932696708
-0.01481945214633612
-0.01702622036253749
-0.019786928500746422
-0.021033481659879772
-0.025810762302631022
-0.02436564665456847
-0.025296312264132086
-0.014677003629393238
-0.007577644605851909
0.0011552510316181817
0.0013200717446172966
0.0014737728460524463
-0.0020748902748855473
-0.0035579643168896923
-0.006279230861248443
-0.00789847225270738
-0.011872006607827603
-0.01342133608240434
-0.014824825666351371
-0.01637578459727068
-0.01652766480980748
-0.01898263476609213
-0.019446902945898115
-0.020863698431281184
-0.017244319733996944
-0.015403981752709364
-0.006895211771422199
-0.004764580125743094
-0.0013502343418047324
-0.004139065299540237
-0.004388906457817277
-0.006887877440647464
-0.00770949784771182
-0.010122633955611108
-0.011659222258259957
-0.01287631296570087
-0.015171960513138977
-0.014968334573634192
-0.015845266349018613
-0.016633173150526266
-0.017863105367189196
-0.01597279892581145
-0.016099608199661747
-0.013138508859783477
-0.009969579968563907
-0.005558420150700113
-0.0060238139481314104
-0.005168383353812872
-0.006514796609868271
-0.007251782747020069
-0.008833399724332447
-0.009649088980279864
-0.011647908554170269
-0.01290577984268266
-0.012601520598723145
-0.014628433965742892
-0.015005430285569873
-0.0156781135289346
-0.015434074895239201
-0.01524173331252743
-0.014116760488593534
-0.012581731842725477
-0.010214765282576924
-0.008616819066490148
-0.007580528317126724
-0.00828374929513646
-0.006862941405750871
-0.008095654543832197
-0.009309983378773723
-0.00896471251357938
-0.011901730882631589
-0.012418366099972107
-0.013541835383276066
-0.014500424802962063
-0.015072778714426624
-0.015200097878442264
-0.015673054883208568
-0.015570725769353679
-0.014468800564552431
-0.011333959688004212
-0.010197025237380867
-0.009185867624149373
-0.008521913825271014
-0.00703287330649599
-0.008398371937893315
-0.008017714337512265
-0.008666902331705098
-0.009930478637619167
-0.011896295346357324
-0.01144490254836664
-0.01282316500129654
-0.013981302016736074
-0.013990315482730848
-0.01445453118756323
-0.013364498510716505
-0.015343914867278216
-0.013049773935962843
-0.012278874188988336
-0.01093668336299495
-0.010995567319217326
-0.009479024201037127
-0.009436811516102
-0.009357733242887106
-0.009635173093109435
-0.01004099944433081
-0.011349472880900794
-0.011297295343932482
-0.01284317042549842
-0.013875918953956875
-0.013811958002358068
-0.014856381797229107
-0.015206084919259372
-0.014989646368699172
-0.014770814288688938
-0.014306607245416304
-0.011089119426294638
-0.011759215972238618
-0.008767608715314863
-0.00815943104782645
-0.009401638972918515
-0.008252107337856281
-0.008659204688758516
-0.00953876820372321
-0.009363949866066
-0.012026802953105752
-0.01183351636144333
-0.013630241360157683
-0.01479891075988179
-0.016167495662549665
-0.015511829324097427
-0.015494113117150106
-0.016407456327760344
-0.01469317299609824
-0.012964691922648503
-0.009758233662941563
-0.00898980505090399
-0.007192385556487292
-0.00804606705765763
-0.007349125786896957
-0.00930869050402747
-0.009471934120754527
-0.008589904685246192
-0.010102922541285767
-0.01271020499035988
-0.014848247117418152
-0.015601913989523689
-0.017517058839814748
-0.01678342134990377
-0.017977767657077814
-0.017232061795260472
-0.017230125861100978
-0.013685178892265558
-0.010986175878438106
-0.007205016656597286
-0.007290739868358359
-0.006316258851001258
-0.007540806698523902
-0.007944226375199568
-0.008738423659287852
-0.008356101079075785
-0.01093324227558286
