0.0005868547296775755
4.0430411007294975e-5
-0.0005187363932854611
-0.0005749072839115345
0.0011819151584490416
-0.00019424183370009653
-1.2871259654529885e-5
-0.0008411394683277536
-0.003265410490575862
-0.007127404960545428
-0.009954545845337606
-0.014347020688902331
-0.015186669606803083
-0.02018159744806423
-0.012829873478253663
-0.00549124339776523
0.026384584673272087
0.02360049883566293
0.025855234555972068
0.016653448795538872
0.012937392500378867
0.009403546122844785
0.005969007040000027
0.0018072103025412083
-0.0002626254636271746
-0.0018340423286560801
-0.003848379093940401
-0.005968696932340042
-0.007173974566190449
-0.008670540327584011
-0.010164566932875515
-0.00955722260820772
-0.007824985710388711
0.0015943905962055261
0.007925993209017271
0.014405583727059124
0.012075673706089673
0.012525052370043317
0.00883377298013621
0.007501624334437579
0.005172154761392325
0.0029696662857142883
-0.0004286221887467819
-0.0010747637929609045
-0.001952997459067236
-0.004606904128236789
-0.0064446547055931535
-0.007793027823675607
-0.006825121028888734
-0.007054261261964661
-0.00244513587592278
-0.00020281606528242503
0.0054034248147948995
0.006424695742401764
0.009335370537284515
0.007662709887667846
0.006057899848070821
0.0041935517731025666
0.0028362104287312567
-9.158901646798685e-5
-0.0007871313838288559
-0.0014271966375954512
-0.003268450000516784
-0.003922656511894555
-0.003863188575540256
-0.00538107329601171
-0.006231958380691671
-0.004931995834039406
-0.003140877608657764
-0.0006133125420321921
0.0020326077352762328
0.004356185198026402
0.0052779120532547635
0.005094513938126084
0.0036064740309727956
0.004004748354317917
0.0021532228723431645
0.0011445207813230176
-0.0009972650260906344
-0.0010190567943291185
-0.0030744940687935486
-0.0034694955575943084
-0.0028553763248989057
-0.003957346014040421
-0.0033046474454495717
-0.0036224941426034572
-0.0021459716102826916
-0.0018139105469848554
-0.00012966038801724255
0.0015084962220897839
0.003283474473895964
0.0032598957630758313
0.002434164305284618
0.002475843570414637
0.0015560663109163817
0.0011663812945707647
-0.0009635555031616953
-0.0017189921111847937
-0.002359128170520589
-0.003044160293914397
-0.004244294341776793
-0.004791859057927219
-0.004482365238927588
-0.0033245296377426544
-0.002699992332993445
-0.0019347586711603215
-8.05148072920101e-5
0.0017006840002415555
0.000709383143279968
0.0023282198973789353
0.002098077567289974
0.0008779294650224462
0.0011490237556715799
-0.0006444658322233632
-0.0014860638601109331
-0.0013313456093672603
-0.0030346874717054047
-0.003844691855124216
-0.004263748315771406
-0.004072190529747188
-0.0031682663070538714
-0.004049918438935395
-0.003564278856759376
-0.002828330726534548
-0.001130395922870649
-0.00022521615367852464
0.00112270302393213
0.000621578822758682
0.0005441906635218828
0.0011936619428780826
0.00012667546749192695
-0.00039462127411321786
-0.001825685435668553
-0.002669830314453613
-0.003163820541272022
-0.0032565112027634615
-0.004975603817549431
-0.004663649546417612
-0.005311092011940933
-0.0050323793498419115
-0.0042296202155957694
-0.003574460610698067
-0.0025132157132715877
-0.00032006526445278906
0.0007613175893378663
0.0019934183706292003
0.0018194468923013107
0.001292852746083378
8.074498651928746e-5
0.0002989357243697976
-0.0012947480825765112
-0.001998445591320011
-0.0031943133843873647
-0.004953538230767205
-0.005447438284711545
-0.006580854959846803
-0.007584389079104821
-0.006653209831772505
-0.004700612135298033
-0.00463244075209024
-0.0028630499727197575
-0.00035168491889871114
0.0010879484901970503
0.002069732057508085
0.0025789840884106628
0.0021230449272293035
0.00038204468210160697
-0.00048738069400832746
-0.0013027007631129309
-0.0023311513542757156
-0.00569775360663779
-0.0062567123526889295
-0.006641537416800579
-0.00845414471020874
-0.010736194793138065
-0.010716780615648345
-0.010602211433967683
-0.0075731354867205735
-0.005465943755993103
0.0008605266101606279
0.0012893958562743542
0.00369144720576591
0.002226000578177393
0.0023122884210317043
0.0012064732645633608
-0.00022747222478079805
-0.0015215520016396912
-0.0029225857301166
-0.00471395315655912
-0.006911627854147521
-0.00840556539260683
-0.013751309301555483
-0.013760318339975633
-0.01707450801790917
-0.015244295211503644
-0.013980303632162483
-0.0054746574505649594
-0.00014823322957194284
0.003651317191955855
0.0038430165719667065
0.005483892464033183
0.002464980148608984
0.002165262086139137
0.0003305858075679781
-0.0017362312330936034
-0.0034079743588245172
-0.0067684803938053975
-0.009693822327977478
-0.012540041099698848
-0.01724620427242868
-0.022960004829589375
-0.025706212153277928
-0.028956274731210117
-0.021223597655994582
-0.007448487343671057
0.005157860086662196
0.006162975730030307
0.00882419470250256
0.006647381803797104
0.005666672458920875
0.0025147635471811664
0.0007663270501221504
-0.0020878527664263506
-0.002944794614716354
-0.006949000482819301
-0.010745956145588875
-0.015469475345118494
-0.023757351254134824
-0.031249209794869417
-0.04597441191562516
-0.05120193588225408
-0.05104491259274198
-0.0018385399653196408
0.010278818376738483
0.01937123110404185
0.015133116653982507
0.012192091145155513
0.007081497032044359
0.004880621137892294
0.0017958076358328898
-0.0012498754955725152
-0.004902436067013929
-0.00749015891801392
-0.01193992262312269
-0.019792965912190923
-0.028370403342496422
-0.04720325757330748
-0.06766979311004837
-0.10070788033339456
-0.1407214232730671
0.013513937538240029
0.047475707736845965
0.03360335325508961
0.027718880147226455
0.017220308388403688
0.011120081852655424
0.006132567040979576
0.0032973952501702446
-0.001051085988275642
-0.00496450199984095
-0.006358112274870349
-0.013267568789698517
-0.02034665704549823
-0.034490955836743026
-0.051144356629701036
-0.10259531228779417
-0.22666197492632395
-0.43575059305241415
0.23381676243146424
0.1218694469199008
0.0719365909068189
0.0364687874956364
0.023620148103331542
0.012633114776599258
0.007589073959583344
0.0026430604178154936
9.49670177024938e-5
-0.004070305559211944
-0.007114357682349297
-0.01192286468617758
-0.020669055281358577
-0.030137392900928667
-0.05954586787766098
-0.0942421683640702
-0.22522948543140203
0.8540052517713789
0.39061294141474195
0.19565943088908624
0.07193392031661708
0.04716723360666649
0.02285753055700504
0.015220375128726576
0.007587548419468254
0.005021704068651855
0.000789628703948725
-0.0023264875333163606
-0.00658343840942905
-0.01160314988662253
-0.01641391172823858
-0.028652451617868436
-0.03962777153307404
-0.0727231698183207
-0.0853034069789568
-0.06069417956254015
0.1184317981469424
0.0904160181947583
0.06700754981690084
0.03541008754497578
0.023747215570312417
0.012342846709888002
0.00779209119823265
0.004072379332698629
0.0003544144077605357
-0.002284195674458868
-0.005683449915940795
-0.00893619706181648
-0.013519816429135294
-0.018921475703325755
-0.028997485013021886
-0.03251969724821449
-0.04186961057436584
3.560346075127821e-5
0.05335060691453102
0.053144118064235
0.03622464474415964
0.02814838771682071
0.016954927166721295
0.01209455129058062
0.006290851018774339
0.0033900430076607185
-6.045921807145547e-5
-0.0012370535729307921
0.005175131121013795
0.003288703856982887
0.0027437813563577747
-0.001038013685064221
-0.0022005811180233117
-0.023315051378960883
-0.03265861001883007
-0.10602013784097057
0.08120319564981329
0.028043756227504144
0.027346814311821503
0.013868361232018976
0.01261424466437087
0.008489010276379313
0.007504792458208229
0.005667973935849323
0.0070218438621781456
0.005663873315711571
0.006091652875470426
0.0053134647700277746
0.0026594047320855673
0.0045684856473662576
-0.0044033179024430946
-0.010869884986564148
-0.06079897099697145
-1.509334295549242
0.3466867158572686
0.10617837278480476
0.024639068142615614
0.02153053446385622
0.010675309263355373
0.009298895415695967
0.007158816832696034
0.005531980524211784
0.0055428282324983535
0.007723876756307162
0.006079960811764516
0.005197739886334587
0.005895735384496783
0.005902763675693577
0.010896895982082598
0.006027917726068551
0.013255753239130986
-0.7786398083645818
-0.40173048309235687
-0.006817568451674139
0.027157701213189108
0.013539162698182974
0.011870205689262708
0.007657317955434027
0.0075489506957171605
0.005817521210579896
0.006621149491417058
0.006148711775968596
0.006324279496210818
0.006473972224022439
0.006067074575180256
0.010017379553774611
0.00911400575645863
0.02169625365596663
0.03210719640790137
0.09319796590065159
0.007655200876538261
0.02713410008852844
0.014829069122425662
0.015583891199520142
0.00866255455721069
0.00864882719382159
0.00556742741926388
0.0070205309394181185
0.006187912433231855
0.0065829472262200605
0.007427386236512459
0.006763630940355722
0.008626541151359706
0.008809603209462976
0.013365967457302902
0.014635329173459789
0.03124996130660553
0.02953732585599241
0.03133731084894598
0.013025171723643187
0.016127769683291247
0.009601063033216823
0.008037834331709225
0.007329785368448459
0.008222344777761424
0.005701722446569152
0.006879073526688449
0.007110610494270562
0.006180345222997784
0.007761933957908895
0.006395048783978305
0.008472048435775491
0.010116391804151838
0.014408132365776406
0.017216403534799092
0.02362136737416109
0.015744818766727495
0.017262121825811258
0.012077030452588624
0.011463671213614015
0.008316720627880645
0.008000290803370102
0.007383253849325689
0.006151383487475955
0.0059387096416618265
0.006311159716163
0.007170665547170231
0.005951905679640534
0.007216486150331666
0.006277561891678068
0.009152758543457132
0.010175435184243293
0.015361221825215253
0.015323944809957649
0.015998326800026334
0.012110845176548396
0.011942249128625345
0.009492556474500754
0.009261003570400002
0.0066457987132834215
0.006109432567880758
0.005056916222100977
0.00564500062681711
0.006519720996357625
0.007627706824631166
0.007298390692739974
0.007099122168396406
0.006840754318263156
0.007786239470306817
0.00992518914350521
0.01058987244364294
0.01287563165220682
0.01194362913968458
0.01261246722099663
0.010376416936472245
0.009674155717491424
0.007116273974743387
0.006938779068915125
0.0059602707111697795
0.005180632701902909
0.004819730439981496
0.006693893265153378
0.0057857741739183
0.006153587145708507
0.006893898886081151
0.006126719839952239
0.0075576454490617565
0.00809208629499714
0.00801333119648719
0.00795928984681803
0.010337895170153396
0.010899908977047502
0.010170793560422949
0.00822824448058739
0.008165852645330488
0.0073257295056760735
0.0067402560422721355
0.0053615885570672366
0.004212136842734512
0.006405053054033483
0.005834192002940306
0.006344520604740309
0.005318393505225782
0.0063766231561371905
0.006233768386486442
0.00703395753307294
0.006502915419614057
0.008186443987017981
0.00815430159553405
0.008261643529465686
0.008050359937293841
0.007500328610138858
0.007869235138856566
0.007281192030105727
0.008321578273900185
0.006510852267935058
0.004508984469889716
0.006456781182929648
0.0059033549273005475
0.005263200797612156
0.0063929914804830325
0.007470223367634743
0.006094694675977402
0.006299298563347147
0.006623183398727799
0.006538238052312431
0.0072835685247578524
0.00680279207343583
0.0077516211529972175
0.006858513997050373
0.007272118112800676
0.007881367731927024
0.007622186656799811
0.006446597520700097
0.005621999465383627
0.005636136624721141
0.006698658706675735
0.005775315666597215
0.006143505192838843
0.006884924744197856
0.006289656554264996
0.005989677013391225
0.005387639779853149
0.005286006827024752
0.005115991798983662
0.006540851399654951
0.006154589754953388
0.006245576723794854
0.0062612681011175435
0.006439277060292888
0.005686708147124516
0.0062095330098340725
0.005663529784014663
0.0051715738782610165
0.006116019040127009
0.004961992761396598
0.005344685986048899
0.004047010137258983
0.003740096318053893
0.005383698835326156
0.005859297678380756
0.004264011328657466
0.005197071392364321
0.005054483333985019
0.006681640929992745
0.005360609657587652
0.00637460577083234
0.006797774881616703
0.006776852484258136
0.00560821495094743
0.005976102697263385
0.005175455255862075
0.005143865577925679
0.005258096751331756
0.004280483495906676
0.0038325336043148403
0.002164508882463589
0.003363803590190566
0.002533070186704426
0.004937349857735017
0.004251789638027183
0.005246475545074885
0.006294306887075939
0.006174947633915657
0.0059270505432343
0.007187518087802588
0.006169959740484932
0.005133077283253513
0.0054308672846119874
0.005055924772258153
0.005140375875619726
0.0045630667169161785
0.00445554559467402
0.002388727164736846
0.0029499784780663302
0.001403859095276452
0.002553670458791363
0.0012632910045367188
0.004391762122509937
0.00454908485149949
0.007453766365865579
0.006381944858956822
0.006324490576778129
0.006704454286813852
0.008057601159352305
0.006466978341262385
0.005038060657722352
0.00488595133059824
0.004033363814361488
0.004731578836142344
0.0034076377435779716
0.0019964081070663136
0.0012124870756292454
0.0011735772981895745
-0.0013062133100807186
0.0025356032006304645
0.0022235310739620994
0.0063481979145566785
0.006628475032688396
0.008633497947648807
0.007720066181734185
0.00786996207656683
0.006521169810922448
0.00567961952167306
0.0051343739126564715
0.0052459283726462
0.00549689586197098
0.005184211211392438
0.00406535766017044
0.00037720303449548085
-8.36317171196907e-5
-0.004808426868364988
-0.003251151943060246
-0.004815346006439434
0.008048422040164618
0.00624825558320378
0.0113813503792116
0.009799005654303363
0.010315619954127315
0.007752252977950723
0.006166826262451616
0.005212671981298986
0.005255854978183492
0.0059410563405510085
0.005358728137663105
0.005507249945014216
0.002305399778848653
0.0018223118502465666
-0.003883283646589607
-0.005210436314260774
-0.023290124590675143
-0.007315145052661896
0.001498275083910883
0.022546207208873736
0.011917690934202278
0.01464820926620434
0.010608598485389174
0.009256455630650931
0.006586351785191899
0.007261978171022416
0.006205636045792606
0.005967616668400329
0.030809484857204493
0.03875921769151063
0.014584412110736416
0.02083720910986698
0.0019866903683094387
-0.0016481016873821322
-0.006366775686303523
-0.010042082672332631
-0.015435118527667449
-0.012428693159480938
-0.012232038270016298
-0.007794753249823365
-0.0051339531806416676
-0.0014212562136244813
-0.000870179214446854
0.007968822849689803
0.013563292937674455
0.03270865472352976
0.07986030625375418
0.048236771777892165
0.06084651876851669
0.018044027643077186
0.019788450886919284
-0.0013724714022601216
-0.002563891469433395
-0.008315724894974078
-0.008096216196143844
-0.015577298491689397
-0.013142205483880535
-0.011086421276689606
-0.01095854628617204
-0.003681259999122555
0.003527775933039084
0.011026196207623903
0.03829576198082197
0.05589247090704137
0.16055194778767617
0.13218657397698047
0.04024998920707438
0.0673300520521135
0.020982558247838394
0.009669576186719863
-0.00459039391604584
-0.003969214301110192
-0.010636379780319904
-0.013307145087933351
-0.012209364777778557
-0.009064342114945854
-0.004525033929800205
0.001285476043686556
0.009131404969009514
0.027944319614911874
0.05721129074913501
0.11572425291642086
0.23448810050064636
0.1612449311707078
0.15368549823269487
0.052567571371622095
0.0532227788511126
0.01221939738748782
0.0036097648698862886
-0.0058310963759120905
-0.008638516417503366
-0.005266921862620667
-0.01087532977737517
-0.006689219281092987
-0.0005890879544482205
-0.002963297702564625
0.009353550835964317
0.02881627274174757
0.08267454836872838
0.13309457213523979
0.8873919235556009
-3.159750963753118
0.24875664998867672
0.17525049355961275
0.045425393245609846
0.03337807151569956
0.0042353394939221994
-0.0018828064544246736
-0.005138884257411603
-0.006715255198933489
-0.009710059903045678
-0.008492227309482838
-0.009079019495943584
-0.0007469640038633658
0.003066168199863006
0.018011803889140466
0.054424540651063974
0.13452259008894515
0.18905430423111105
0.8488678842177598
0.18427986035320498
0.09830109653603115
0.05060760113007313
0.020729152483829356
0.007761906360852415
-0.0015552245600962912
-0.00938535465007551
-0.01561386808593608
-0.012390792591166754
-0.01418385953376152
-0.004944204155069188
-0.0045221780837061114
0.004404922967207685
0.01167106242491902
0.05539154142973933
0.16941030151138883
0.1322151709058059
0.014016339179606652
0.07477683985578513
0.06276548407226593
0.022206815847774664
0.017453196159747823
-0.00045348868365696984
-0.002518018053200032
-0.011190433815346878
-0.010923442945934649
-0.013717077956096462
-0.010904387972452361
-0.011170506406904753
-0.007042670776410617
-0.0065647629150689425
0.0014077628415030583
0.006880730474722154
0.05634976460167815
0.0069132506565566494
-0.01085679370455583
0.03308036790587929
0.013669658828296773
0.014077586687531628
0.005523759700240888
-0.0011029655615305382
-0.008041456644428348
-0.012109170611892027
-0.01298464501870848
-0.01676227307396884
-0.013684457563365313
-0.013382924426388398
-0.010724068768141852
-0.012112433590875814
-0.01440977414351577
-0.009616862913655742
-0.0020236635295391016
-0.008714197642762631
-0.008392182644071534
0.00026359857770082655
0.0061349649809253354
0.0014902374515970778
0.00015189351587628977
-0.007039116274152783
-0.013768515472035338
-0.017215824393367697
-0.015874085867995814
-0.019136411438723532
-0.01302590175623451
-0.010714097705477717
-0.010472151610945838
-0.012294139875599932
-0.013524838229172225
-0.01507897306391364
-0.012116785778811682
-0.01523046275556781
-0.01452508163594965
-0.006870172266126009
-0.001966601411126879
0.0037153243524110976
-0.0015717587581906799
-0.0030886914821536427
-0.009471997991001548
-0.01519933416902315
-0.011639034590202418
-0.01423012436875239
-0.016632240818316046
-0.017109547513201335
-0.02034890747869495
-0.01576643970520854
-0.016651985422426203
-0.010792409272954702
-0.016777136275822214
-0.017887055524750287
-0.007218757497450407
-0.005531477998787915
-0.004878935424683515
-0.008981399656223236
-0.012965876947926759
-0.013607649453425859
-0.016445272023335143
-0.01751260813769487
-0.014120754501471199
-0.010225141371289992
-0.019191325124920014
-0.01780305134032713
-0.015356678189796394
-0.01512860117462356
-0.01739810117761383
-0.015838566062369566
-0.014403073684680955
-0.01660520385527818
-0.011849414337813734
-0.008800149230592868
-0.008820211776212625
-0.010481866863204495
-0.013401095307783226
-0.009329700750139686
-0.01533598043780358
-0.016447688161762942
-0.013598557342852738
-0.01631717334338373
-0.020629903700247747
-0.019654063781764604
-0.012736927131349694
-0.01628217037410937
-0.014424473596215934
-0.011130615171924901
-0.015283816264602039
-0.009517802002398143
-0.011503560100375303
-0.014275555140670634
-0.014386730315854822
-0.010053540913204704
-0.01119107347976572
-0.01176265752920224
-0.015185248209403195
-0.01795355844880411
-0.01841664666922306
-0.01633971970423494
-0.018015879384886604
-0.01579414259838876
-0.016455630051271472
-0.01659740958515044
-0.014161492274005824
-0.018621434321302
-0.012513165134453613
-0.009970526493607162
-0.010677492879819934
-0.00967362560641992
-0.012069076519941414
-0.006654809840917167
-0.009933809329571015
-0.01172528830202407
-0.015050119393757007
-0.013301633428501547
-0.020512446698895143
-0.01781007946871779
-0.017547287542010095
-0.017842744938540298
-0.018762390253666595
-0.0187810560398039
-0.01706746772693348
-0.014880797973746654
-0.013953689387974305
-0.00849573722217079
-0.012153858662931267
-0.010904242496817233
-0.011538016297409102
-0.009241748472906814
-0.013979587596399942
-0.013083096324080758
-0.01511168025275028
-0.01573763656454274
-0.01617122264666823
-0.018289056358998926
-0.018708238386856976
-0.02124892890858081
-0.015573402140303928
-0.013117131766101279
-0.013935471073760482
-0.013254520873146571
-0.006909034008795896
-0.0066369961907890495
-0.008500412644237733
-0.0032274397684982897
-0.003106019700048798
-0.010476823036753102
-0.012378548406782607
-0.007765503243682545
-0.011846555799528586
-0.011510931634119011
-0.01151379869455955
-0.01413488360608758
-0.01683619217355539
-0.014473428386177519
-0.013275029555731326
-0.014567452565123679
-0.010033011615223401
-0.006770874177733191
-0.01131284685502533
-0.0011833055770694553
-0.000600713655526187
-0.0019501510828184043
-0.0022431322501121655
-0.00610335994783063
-0.0031278287818437196
-0.012899756451439953
-0.01564214021964792
-0.019932399088170776
-0.011774280457849218
-0.013828761836051045
-0.01320617680811873
-0.010378608879611999
-0.00843527184909875
-0.006928452448289648
-0.003293976136535829
-0.004145330149681238
-0.0009177062192212576
0.014858936427255382
0.01338041562752239
0.014435600574993813
0.006306760547517791
0.0009841846012504081
-0.007035591280612387
-0.009232153371610296
-0.010407283221814797
-0.014044173992731394
-0.01286471147234894
-0.014241505022789838
-0.01888929715041785
-0.010482576868876103
-0.00969536565318834
-0.0046869322349363945
-0.0038289746926905826
-0.0014858193888038663
0.00667568597696826
0.019018209586138656
0.02685619883211024
0.03217004188222151
0.03976367519580438
0.030443967570396396
0.019496306228624836
0.006530993815177977
0.0026250021120016944
0.0008187650265376833
0.001420240922927129
0.0005115495427298469
0.0005387750080350264
0.001490629363636147
0.003327418379548616
0.006841902623555519
0.008445587106637347
0.010039429360149529
0.01399470843311996
0.014814697095064838
0.01748412940926444
0.022330726549053874
0.021430808959588342
0.01964038184009712
0.010526052758368534
0.008197248591585481
0.0026472758200397797
0.0020249867059061516
0.0013985562357599487
0.0018850595957126215
0.0018038055577516252
0.003084021746685194
0.003302980577173675
0.005314244599173472
0.005231323049319348
0.008750704587352377
0.010741790091647675
0.010758887868884246
0.012830410842327234
0.013291385586816891
0.01610039606141097
0.01322947940673906
0.009394401683487855
0.005558989189108856
0.003607728327130062
0.0005842769861174705
0.0016131524737334067
0.0006280360441093512
0.0013336951743455098
0.0013102118454396668
0.00376589092087612
0.004465370609827878
0.005800384555011972
0.007040688103611396
0.008971125131521826
0.0067146642769385445
0.007833764602590393
0.008544596756839447
0.008081504114485666
0.009919904482978567
0.006246737613381852
0.005591503069147315
0.002497514624607534
0.0013838569801912926
0.0014132120755589825
0.0007399144342951438
0.002135724627590326
0.0016883627378325794
0.002711871985738403
0.0034210665790152133
0.0047843707926820715
0.00570587572912827
0.005089625884988152
0.004407740793939566
0.006194602073415208
0.006229452093251967
0.005257672143465633
0.004693785937075375
0.0026359693077291683
0.003730063290803827
0.0034592273208838664
0.0009943275899414164
0.0012884986289585661
7.110075465257816e-5
0.0012200867023310048
0.0009581835876867948
0.0026324673281900362
0.0030152638700255818
0.0029783877868023658
0.004180443339670522
0.005226243433938758
0.003278532054722239
0.0018279362188864767
0.00492690564913761
0.0032111495674501276
0.0033936657988670343
0.0012763472799815212
0.002258474903604598
0.001883218860162191
0.0010100783024998752
0.001465663371799706
0.0013594263662238422
0.0004413314635515979
0.0006546239855825034
0.0024679640054992686
0.002568552852835668
0.0012914881073880448
0.0034045883885218263
0.0029313786205210687
0.004298402727310308
0.0028935661305388985
0.0017138156874556701
0.0015149453296298496
0.00039741969644565243
0.000819854784531645
-0.0006137534754258636
-0.0005941437239806466
-0.0008960362256562333
-6.46745228758904e-5
-0.0002657936187550942
0.00043803758139219373
-0.00014370061000950813
0.0012464949725385292
0.0018961529694676005
0.001764888552377654
0.003243399822177172
0.003138107086854886
0.003147419544464183
0.0025187800098780875
0.001350920616120144
-0.0014700935276149817
-0.0013001466675431382
-0.0018549968458743658
-0.0011562320999343083
-0.0038962863200088078
-0.0022692332616230638
-0.0013123167418807827
-0.0005920404019658376
-0.0003723532902463503
-0.00029471518377590603
0.001397792845855673
0.0008733573741008215
0.0010993663945644944
0.0019023555692749472
0.0011157465526085068
0.0007955644567779348
0.0012412935730456366
-0.0010694846782028727
-0.0034589677287361915
-0.004715973529149139
-0.0051872374518992775
-0.005275094906922696
-0.0046384049251516546
-0.004829518610625047
-0.003188972055916557
-0.0024291431632043675
-0.0009837250160164
-0.0005119154572490372
-0.000556866303876431
0.00047967769445792576
0.002308037454394049
0.0009478397945731784
0.0014170809659734417
0.0005692124551074157
-0.00273871245999198
-0.0037716136663605952
-0.009043570249291913
-0.009496544300706157
-0.012669441780059668
-0.010002653490347542
-0.00980451451725725
-0.007402903835636267
-0.005801513603154561
-0.0035300555804804704
-0.002265952461043517
-0.0006587340703114413
0.0001535537419958303
0.0007505173000546157
0.0012237403850454103
0.0017905838191079465
0.001868036903686945
-0.0006529498933389481
-0.0021343856318468833
-0.00852934277790006
-0.01310950754262959
-0.023132520505679575
-0.02062059261580295
-0.020123455618448086
-0.014679850284185461
-0.011313543709510187
-0.006686148238334592
-0.006113564394239109
-0.0038425921374433108
-0.001305279154048238
0.0017460667146519237
0.001067713161824735
0.00281447260640032
0.002343949241920127
0.0016797089548220543
0.0037694711190959015
-0.0017512077511133725
-0.0072595087102387225
-0.028421532247949848
-0.036117634693982416
-0.04560859110160003
-0.028578468881436243
-0.02487716324927258
-0.013624905571297807
-0.00998458828958463
-0.005924240786590141
-0.004745299616562388
-0.0009937456474950702
0.0015189663640853574
0.002342212080808913
0.0021186310956774566
0.0031964421787837143
0.002917612125290565
0.00583059138319471
0.00595407317092258
-0.017031034504624763
-0.028964605420815033
-0.11384656218050428
-0.07017528076947718
-0.0589665585695661
-0.028857767776662747
-0.020223763739634647
-0.01012577101405143
-0.008355875057221837
-0.004133551928093309
-0.002087936466191754
0.0022031833184707004
0.0019862505979282813
0.003989607460059685
0.0037687529075187787
0.0072349676455202485
0.01722228468179244
0.014735272927343678
0.017174424307386835
-0.06125112829368804
-0.3009851645403479
-0.15164660029107077
-0.07710423671780992
-0.05023658227009289
-0.02087141882491512
-0.013504006671131998
-0.007358509373970728
-0.005136108416707588
-0.0016762187773104026
0.0005075983942658504
0.0019653563630313807
0.004062220257744989
0.00788120020303149
0.008963019465786438
0.02535278724347912
0.05669169118301322
0.0681750236758255
0.3505472119320704
-0.6935842383833296
-0.3527940624294245
-0.11711589766652575
-0.03943458580243644
-0.027613927109311494
-0.011435697533768835
-0.007638477090434535
-0.004381112195957249
-0.0010097749363462186
0.0020843998641415845
0.00552232165405215
0.006930662704883342
0.00997792212380376
0.01760102675394289
0.03634659504193787
0.06020575219805817
0.11913053308300262
0.1810621819054106
0.3974139979773707
-0.10444709636485491
-0.03912792098824517
-0.03484280762429832
-0.01595202223270561
-0.01078376732531165
-0.004732858155676995
-0.0029824873800735913
0.0009103306033441901
0.0028246499395823566
0.005741245719492346
0.007232672942668396
0.012799368297168877
0.018910668764388457
0.029670312626205356
0.05540533950279543
0.08548684342920615
0.12152463350635692
0.0767183538049159
0.02701599359480517
-0.014872293348897815
-0.007964400170267876
-0.00992902337809699
-0.005732854135203525
-0.0038282720379439134
-8.319113517886193e-5
0.0020464087247280506
0.0034712177398415547
0.005102050231139432
0.0085851602742664
0.011940003091045188
0.019829778540960283
0.02619330046733095
0.03632405918504955
0.05939789265403626
0.06872568058258502
0.06089406900884749
0.01682643822267251
0.006393177852748456
-0.0033747799749811636
-0.0008820552330882529
-0.0017717141038073095
4.810240539875429e-5
-0.0004048655374227011
0.0031793430836778544
0.004005274030785522
0.007049084315079344
0.00797637880069954
0.01196836864657168
0.01601357957949912
0.008852922475869615
0.004126538915477018
0.0009811105491864614
-0.0003002041208530258
-0.0009064460007842918
-0.002491066827327183
-0.003932783310946083
-0.0038882850068442955
-0.004521672637664684
-0.005318145257174665
-0.006936343384725006
-0.008421852929328998
-0.006493394481071323
-0.003693401982872041
0.012574520799812272
0.034577515216392934
0.03540240276627764
0.017097499609903616
0.014079115113235044
0.005494929491644436
0.0011828484867424452
-4.6090375297301334e-5
-0.0019091272736240024
-0.002416598877483421
-0.003856908239609137
-0.003722852619903552
-0.005588055007256812
-0.00613963435569519
-0.008786495575212588
-0.013428991226080295
-0.019142424382012146
-0.008412754768297788
0.003328094675347713
0.1317977439040669
0.07167566143867611
0.03703616246153106
0.014983492504963829
0.004028427010094822
0.0012173000939722537
-0.0009785155868358953
-0.002761693248844266
-0.0034330952923613653
-0.0037716331357170547
-0.004709469867952996
-0.004986474667019273
-0.008802376993791678
-0.01051505535026297
-0.020933436234210668
-0.0336277988230224
-0.0816577144352404
1.2456499222426873
0.6216995465611055
0.1505091510514877
0.031034879471655084
0.00386563207071739
0.0022885041568993917
-0.0010692702868663187
-0.002311835358541822
-0.0023671577900261256
-0.002599988225581537
-0.0031376669600918336
-0.004319886000825614
-0.00591367934329571
-0.008719453858513452
-0.012012651953414794
-0.01816431021305827
-0.036855518035780944
-0.0492575406461037
0.3975036247414982
-0.8871602562460206
-0.06978021105529404
0.007764132671178606
-0.0009553592216675528
-0.0024980825249762023
-0.0011853459365099303
-0.003961172581985905
-0.003579904831253371
-0.004232850948106693
-0.0037287360208750893
-0.004252549101797226
-0.005359416539775436
-0.007838652009904674
-0.008931284911892901
-0.016549546168868792
-0.024006326912281026
-0.04669110915886354
-0.029052552527978934
-0.08086515975894285
-0.033349790535739936
-0.008222550553345297
-0.006754056563639176
-0.005515098439532275
-0.004454809666437964
-0.0031773163314652957
-0.004571253230342658
-0.005819644706528932
-0.0046857359142728205
-0.004689533682543123
-0.004929540217350473
-0.006465389451124334
-0.008339997892037296
-0.011515801583795922
-0.019461864053587807
-0.02627186559746742
-0.03863569457930523
-0.0326455241413129
-0.023328604232742783
-0.006899197266795017
-0.005084102926292629
-0.00564189392192003
-0.0050793523185728
-0.004477206680345912
-0.0032610090155611527
-0.00448166063680845
-0.004023729913885825
-0.00535482544909656
-0.005536679555659082
-0.007694680777693259
-0.008899967708042583
-0.011227207320402695
-0.012658410314998108
-0.017875775658662777
-0.020346764056117607
-0.024260539459672163
-0.013994360487484979
-0.0094521727803602
-0.006574613486185997
-0.005031164490190774
-0.006131017686130942
-0.004919055813569793
-0.004382878432259081
-0.004721558146772186
-0.003132286380349852
-0.003217788828916897
-0.004229579459646105
-0.006216013172280882
-0.007930195498400903
-0.008709422930414755
-0.010897600434450077
-0.011521593312546189
-0.014089047107576986
-0.012111369594344664
-0.010690808826810578
-0.007625106370476843
-0.003858462767304988
-0.004152946749341329
-0.0044862803482697885
-0.0035861642260961828
-0.0040064491420129696
-0.0048088263112516195
-0.004138202187901577
-0.003653375243093864
-0.004151039295784972
-0.004890003889748713
-0.005852687778568081
-0.006674316272283987
-0.007362705368637622
-0.010352218089788161
-0.010795899672109647
-0.01019808999348847
-0.006399482087660875
-0.005833066451661152
-0.004084010358074576
-0.002728147634874932
-0.0041513291835145235
-0.003339781502404878
-0.003391686644663206
-0.0042770638159648515
-0.004443246774179917
-0.004980306944568477
-0.004975587005345882
-0.0049317012191452585
-0.0043320484318700265
-0.005762569702335981
-0.005784763253685201
-0.007034628155289984
-0.007851568556068264
-0.008115307300865505
-0.006304484530923613
-0.005345047690883461
-0.0044094947743108515
-0.003092283361199856
-0.003321768163329187
-0.0024369663489743993
-0.0026725200288416676
-0.004051176290720081
-0.004575500424920575
-0.005001181989725221
-0.0048458160891179155
-0.005523219557791293
-0.004129264753718361
-0.004569000409435047
-0.004881131629923273
-0.00603600116467344
-0.005313260650904807
-0.005762518154134309
-0.004803982393878738
-0.005154332133599771
-0.005089336649027184
-0.004264788027014044
-0.0036441151197408287
-0.0031091189022293833
-0.00212833275022589
-0.0031383212242534664
-0.004549214365741969
-0.0044232900199170045
-0.004030399001948243
-0.0036946270736081133
-0.003248472122583337
-0.004734869979423028
-0.004200693478481353
-0.004937854650197452
-0.00415371076100564
-0.0047629838249507225
-0.004109792336511465
-0.004175940262434385
-0.003313140101640877
-0.0036113849358265443
-0.004238463445145113
-0.003266557738148499
-0.0027184494608843003
-0.00283737296054324
-0.004162383290361579
-0.004766349399376867
-0.004051517387199132
-0.004396878204104985
-0.005582895748314446
-0.005806245103123016
-0.004221060519619536
-0.004956955367529002
-0.00359912906033811
-0.0038288207701919477
-0.003951935374554708
-0.0038795699422500118
-0.0019093419935187696
-0.0026247920694774376
-0.0028222721194847526
-0.0024256596261650882
-0.00254144046283307
-0.0026836665714520284
-0.0038706093250925246
-0.004035103073298548
-0.004371704515482359
-0.003954273009533572
-0.0051624887674201906
-0.006408396603480172
-0.005454417852920888
-0.004676813562904722
-0.004393045094900368
-0.003687503342010198
-0.004368841202297225
-0.003440190984491896
-0.0004525797708601677
-0.0021681374740050007
-0.0013565805986791401
-0.0017920369594245605
-0.0028352321540511104
-0.0030579119531017234
-0.0023368012513972965
-0.003056009238310545
-0.0038999386206199855
-0.004214393064824254
-0.004898319965874697
-0.005736351064458609
-0.004361129393987191
-0.004383658313426883
-0.0022672553984230508
-0.0018397306088944036
-0.0012592153451977568
-0.0011649115383327506
0.0004937209347398617
-0.00037212758113641767
-0.0008638044308287645
-0.0008219368964760434
-0.0023975473018511924
-0.0035739642892492823
-0.003304356707167627
-0.002869096649879723
-0.004327225854940875
-0.004303710201556442
-0.005223181973562092
-0.004490936414966131
-0.003209129895048504
-0.0021843883347780146
-0.0013228856503831239
9.844435372134881e-5
4.501480645038912e-5
0.0008907636585289626
0.0022356986778963163
0.0005463813619339098
-0.0004097552969581093
-0.0004902539457400974
-0.0016029104732502733
-0.003017621863327069
-0.004021960132822329
-0.004080064487706498
-0.004615021178025083
-0.00545470354192504
-0.004765175272262791
-0.00435261760545706
-0.0029039962996777174
-0.0026108674242154733
0.0027314483658336087
0.004825426151879006
0.005846112957610088
0.0029225053289113623
0.004803227282349969
0.0030654538109117693
-0.0005164297563853658
-0.0014607304604947633
-0.0024864007830671265
-0.003282587984208039
-0.004089685312389132
-0.003203024073040413
-0.0034738346538508266
-0.0041488844268437455
-0.006055695747253346
-0.0062819405926471785
-0.006102906183753267
-0.0016587279861280222
0.00553064521119293
0.013967789765738089
0.013103485414595042
0.009103905151727291
-0.0026951173494878444
0.0005901434932634804
0.0013012328910452817
0.0025605234811819848
0.002703338380829195
0.0021770448151030167
0.0008961344325380785
-0.00046342522984513094
-0.002470530551558967
-0.0072079970092779845
-0.011492442525966578
-0.021877272745338468
-0.030423946154167648
-0.041874187607092085
-0.035648972074460446
-0.025140466544152962
-0.013828632652685496
-0.007074616638717159
-0.0024397659127610855
0.00028802883488246217
0.0013541398799075124
0.0030200290326136995
0.0034115733283501407
0.0026661369297931027
0.0017357723509921472
0.00012138267680132117
-0.0037935786172541455
-0.00732517622388108
-0.017113686824191766
-0.03195088267068932
-0.06036410277359462
-0.07229722940450584
-0.07215976300565409
-0.03981975442181151
-0.018449957872481014
-0.007731785182117323
-0.00028840752976525615
0.0010689260329480514
0.0022674539187216135
0.0029759218106011937
0.0037991489874732044
0.0027557894923300793
0.0024542790547602295
0.0006086691707277352
-0.002198426717896624
-0.00733478496595616
-0.016694156174044024
-0.04753202091811625
-0.09183597906692789
-0.22784596579741356
-0.13674162627941377
-0.057228500754455014
-0.020817370288955177
-0.005458260548366029
0.003118321665679418
0.005027681958398514
0.004419839753882688
0.0059063483519330206
0.004895545869368144
0.005071512555020574
0.002713427334217749
0.0039676596483822065
0.0015230107763585855
0.00015597786645261014
-0.0069890260401725334
-0.030750119467909617
-0.1631388395448784
-0.6453460336095016
-0.303031046861648
-0.04316708504231012
-0.008229489132247504
0.0017649970093836257
0.010637938698796532
0.007420672365466588
0.006628276058485515
0.006151759732105922
0.004788255353720675
0.0049086654726340625
0.004328469938339401
0.005091351962081134
0.007510538137785703
0.009069145177159597
0.019923121919362574
0.02671920996798088
0.0621802042748155
-1.1365455700335487
0.4572113831261144
0.10451396460986857
0.033343075868785314
0.01654360004041663
0.01313557588835686
0.009322130502293085
0.008458465169596502
0.006531381823365796
0.0064385072632596125
0.006124871308661796
0.006227883587114032
0.007940507672000052
0.010287241246138203
0.015297650131218095
0.024544027056509314
0.054855316538673794
0.09205904561645813
0.20908534744338741
0.2041905110176133
0.07427236935513619
0.04246384164081079
0.02315503763478317
0.015271298730851207
0.010988876869004042
0.009369464004346854
0.008799790960327205
0.007983760536748737
0.0069208293818222985
0.00710377396795629
0.00788715454117555
0.010954998225979857
0.01574478716749274
0.026213847156209374
0.042485563552120555
0.07646960367181177
0.0850141488826256
0.09533472139670529
0.054623003861499174
0.03714331113728137
0.02293542280148333
0.013916069309130355
0.011413032241651863
0.009716014033288005
0.008573391169935857
0.007830032064167873
0.0077766606417959995
0.007776563094769469
0.008905169091353407
0.010957281550166356
0.01576452110278658
0.021932771023348275
0.03234844864887495
0.045600427195008696
0.05896099886819594
0.05334382773962528
0.04024508088532546
0.027835143453930594
0.020348955847704683
0.01386281947644788
0.01089628247251931
0.010038895077962977
0.007567013759364837
0.00708457307180117
0.006786680257788611
0.006366514790071912
0.009359579376177074
0.011749129525961289
0.013515758073699485
0.018445126819933974
0.023045691808286178
0.03109334852173165
0.03484740597119106
0.034104851363490826
0.027456368195375648
0.02233647081863623
0.016788925061437393
0.011245638345307866
0.009649116394061128
0.007152456686758632
0.006759682894896062
0.005965540968779452
0.0067585048892836825
0.0068815758900671545
0.007888786784528494
0.009697257866116141
0.01126700581982668
0.013802519512893269
0.018096188917989475
0.021310703169889134
0.024479373934023413
0.02170040840842535
0.019677729368730246
0.01602946836998838
0.013149589550165153
0.009799088746707579
0.008444640192097227
0.007080088050728889
0.0057128750102590515
0.005979865899858711
0.006762567087104437
0.006919117353280869
0.006012059868336772
0.007545559557946882
0.00867923156016027
0.011728187827101612
0.012030991590191425
0.01583468168763339
0.016564408889932856
0.015888558798214016
0.014567269765615355
0.013341074396126572
0.010512057220695094
0.008282534259826385
0.0073445389468986075
0.006256554186885915
0.004795136751540236
0.005660448813529769
0.005810513873178162
0.006012679036141591
0.006226819507569691
0.00756108197539639
0.006841843864626155
0.009093967579859493
0.009274418975850353
0.010217549632631122
0.01068372693705895
0.011485449657072412
0.011525391940995899
0.008576830652972647
0.007075127103592897
0.006644564898659877
0.005525399019648148
0.005860289109758082
0.004437770487316757
0.005378954651121267
0.005779265282357765
0.0053297709025675105
0.005317000535688166
0.005234434757880645
0.005585177505890373
0.00624034555644766
0.006450804834558026
0.006343828089024394
0.005695515223691016
0.007584642701168244
0.006856380206326084
0.006995212900063239
0.0065513349956937425
0.005531868477197268
0.005076655628295043
0.004714955354973167
0.004005733003802449
0.005253268694659084
0.0045389152738694715
0.0047898113065731164
0.004842338101734792
0.0038340276832934676
0.00454242464032219
0.003533062525097873
0.0033378087338913265
0.0028414130648743673
0.001844607631684751
0.003462890753115613
0.003950162296571091
0.00370092722405198
0.004255813079388122
0.003032027234556383
0.002870993829566529
0.0033104858472758018
0.002329476675580626
0.0041847571790880845
0.0035569630033268564
0.005108080647363218
0.002809285876254224
0.0027598112412673867
0.0033027031100186987
0.0018801360714634625
0.000955467495260999
8.45633099677339e-5
-0.0006014936338845806
0.0009133231846527702
0.0012511211328112594
0.0009550120060185482
0.0018401905981548358
0.0004002635396436573
0.0020150758996951884
0.002913267001891864
0.0029842286702814382
0.0027699570368275557
0.0022121980809983815
0.0038336967887413285
0.0013456556341755151
0.0015523363998315943
0.0006665377309263196
-0.0012670395638546678
-0.002622773828099506
-0.004219104204773188
-0.00422152287562483
-0.005416271668851554
-0.0028420382917869434
-0.0024033286023553407
-0.001035569801630244
7.708341174925647e-5
0.0007139702318299741
0.0018381086041308675
0.0023497730150116008
0.002197614302778151
0.0010977724344768684
0.00227330308557433
0.0008892470938708037
0.0009881301421092298
-0.0032064673206656283
-0.0044883534914620625
-0.008308600432060298
-0.009607449511291829
-0.010840401546006415
-0.011077497788093782
-0.008769385744073245
-0.00482508636952151
-0.003138223666085936
-0.0013133940821962464
-0.000360860350562378
0.0012341382660521051
0.0020356136805515937
0.002277004018173962
0.0017202913403693224
0.0021882176544234105
0.0015873690608061777
-0.0015181970462379668
-0.005465630941156474
-0.008113481681556494
-0.013175224395040994
-0.0193033159835318
-0.021578836727165512
-0.021679383583408398
-0.014936657569481586
-0.00892834736846085
-0.0042446885649548224
0.024680754944731702
0.04440708624464195
0.05045126588424506
0.10551255276333676
0.051256298267405055
0.1305876365001251
0.01341971002664201
0.01471525109962371
-0.0054725412467158735
-0.003864675701602517
-0.005696866444992468
-0.001371554856906955
-0.0010861322234511294
-0.00027699193815017287
0.0025492055504812345
0.007266511950244693
0.004768601343633522
0.016023057372639593
0.03486978322741319
0.038951552445152
0.09092479405834872
0.13006850390390193
0.11626065745453948
0.5830850120162562
0.07923111316370957
-0.020209604454075148
-0.004938897979640855
-0.00780319001266781
-0.0031879177709478613
-0.0033233067903734505
-0.003864077119449368
-0.000740432839060591
0.006818409519423886
0.006835624213475384
0.01026693109553594
0.01934996189552046
0.02860042219777087
0.05814636758199441
0.08497256339944284
0.15933494764826783
-2.7358462003156863
-0.7021468245168987
-0.10112122698599914
-0.004967400358080213
-0.011080187789775446
-0.003943161764396485
-0.0023104393581244898
-0.003945567239280778
-0.0026677587851889656
0.0005566966361168896
-0.00028759081690114255
0.006590847759136818
0.009538121817526562
0.020004947146313984
0.028498493431828455
0.04545613390174469
0.0805984483297559
0.09681205082382816
0.10622887088744305
0.18456607661933014
0.05859206701359496
0.004326697819943581
-0.0031998110763590865
-0.004064399962633559
0.0017888594497443065
-0.005208036425445002
-0.0005397404210582298
0.0006490726865378655
0.002466576683498381
0.004733636906696361
0.008239407069237379
0.012365978587001548
0.020920959316637944
0.03796058689170867
0.04199387282021821
0.059644949955716536
0.0660923116214186
0.009749134833415883
-0.008232153488300547
0.0067263835591432255
-0.002428222441397752
0.002402549638343954
-0.0013956912788603486
-0.0008615687294851212
-0.0033328892844619994
-0.0009935405800030927
0.0021288157040749724
0.004899005284158309
0.006426306102086234
0.016289280950273575
0.016805608778395497
0.018234492719275422
0.025126945561150704
0.02357202506426248
0.021960004043897006
-0.00046298205851140267
0.011805121405073584
0.0038430406619195195
0.0029734479759424715
0.004017138493332645
0.0010021018487185525
-0.000641566177675403
-0.0036849021540445387
0.0005965312432178542
0.0003406707290310733
0.0006987891622801902
0.006224909521787095
0.008801025007967153
0.0053506071905828545
0.01123504539127668
0.013671955420403658
0.014367181140626708
0.011088230856688563
0.008143481018908608
0.003201664143292161
0.006716823347115412
0.0022008867830026957
0.0012141275449342901
-0.0038377834024234834
-0.0034923644476778227
-0.004527840247724618
-0.0018006405991462596
-0.0012530685357774675
0.004057099065569534
0.0015072997073749775
0.0034782802967257245
0.004986052801093198
0.004433513704313487
0.008550374328651491
0.008660958395724042
0.005927476900130103
0.004196637133218038
0.005914759108257561
0.004743083777934115
0.0015155386064026656
-0.003552459943938605
-0.001695981602152403
-0.001158432928623593
-0.0022957174508945848
-0.0021501768402012846
0.0017580921786712863
0.0019036998410575188
0.0028999311927427355
0.0031451344761742094
0.003913912136550124
0.004518237907303206
0.0068090674532912164
0.007085538884589725
0.0006354012256222128
0.0028012413584120517
0.002929649226612787
0.002095863435138841
0.00021229402558547213
-0.0009291697877997613
-0.0003354055695877114
-0.0012424799531919398
-0.002701226249794981
-0.005632580574992369
0.0012316650361112412
0.0015448890614425538
0.001690721256505599
0.002121280832831026
0.003924168748013738
0.00045764231486620745
0.0013642071610502125
0.003583531008939495
0.005569877367800147
0.0010479862562584208
0.0010444081752396662
0.0034896722774881805
0.0035946633721159376
-0.001916684516158335
-0.002977474408757836
0.0012124631146418013
-0.00012242502533308872
-0.0034020668196333564
0.000146049334026769
-0.0036822573558050677
-0.006813994133483976
-0.002102327345192152
0.006574861550898906
0.0016044642094665794
0.003184745019359162
0.0037606296578006457
0.005614100741096689
0.0024607277128292438
-0.002149290308769162
-0.0005657765039022316
0.0009858682817596685
-0.0031474477857558977
0.0024978844800601333
0.0023426853328428164
0.002338942545600125
-0.0008523813567674595
-0.002602620349490082
-0.005412858281682474
-0.0052921466885266465
0.0006632934062960162
0.005082496298408919
0.0028275558115127015
0.0033045318230475822
0.004405786710900162
0.003401545547213552
-0.00241400364418581
0.0007835493465898338
-0.0044519931076754445
-0.005760331334410576
-0.0033078671119782534
0.0004902315927802209
-0.005498483131542499
8.21257536006483e-5
-0.0020814593127874963
0.0002562324646704452
-0.0012350963169779077
-0.0011279143896210362
0.004057529071581883
0.000301860753754747
0.002566747541304891
0.00520917011823202
0.0044388512806100185
0.0036263079454967005
-0.00021277934698020625
-0.000160046136604819
0.0005980597988446894
-0.0038310441968852902
-0.003319506418974974
0.00046954003486369294
0.0011399959261208458
0.00045593729949352916
-0.00044406856624675016
-0.001106998363697405
-0.002428925034572063
-0.00265605136293318
-0.0006814326754753261
0.0009488012095952425
-0.00014443254429846844
0.005810071404609362
0.0019977627847108975
0.0021541665127865575
0.0009354386559245528
-0.00020713048174703672
0.000959237270463044
0.0015314871989706303
-0.00434496367193332
-0.0005849695399922493
-3.731216939352991e-5
-0.004351895329268536
-0.0013691232948833917
-0.0003691085258644604
-0.0045826160245953556
0.0016735019353289692
0.0009168385415083214
0.004254105636506125
0.0058250918712347485
0.005076265965042357
0.006645000540416355
0.004299993671404675
0.005918165614192568
0.001965898338570417
-0.0009262981561345737
-0.001995694818030925
-0.003253090414742911
-0.0037978858040093343
0.0005114713372850281
-0.002371410523371994
-0.0026508555133049833
0.0014730070130384216
-0.0005267752011686487
0.0012679859872910036
0.0027582574455021647
0.005379492414373587
0.008003731804602145
0.012893230504086318
0.012673005652784295
0.015001767505347801
0.009168646924988165
0.00896880055683954
-0.0016795637454206933
0.002540278419536103
-0.0010674534770341308
-0.0009576540481759557
-0.0026924694991906626
-0.005709105030251133
0.0016553294695755966
0.004802830562908466
0.003004047542513776
-0.000327865696819025
-0.001081925417187777
0.01177958966302289
0.01748700922697271
0.019199524758157716
0.026610622970698324
0.019453692899020207
0.030397223750269035
0.010121659497696873
0.010318851507440881
0.004195639063760236
-0.00014387681866261548
-0.0043558773896966736
-0.004734488872836226
-0.005425072352235348
0.0010619862671471063
0.0024650033138105105
0.00351749201110465
0.006808166742310921
0.009116824406612722
0.02048375414509914
0.022442613436784054
0.04164179206664051
0.03555511363514401
0.07159371186393844
0.03656401850319472
0.03932784038350169
0.008143042883769038
0.006155731551823978
-0.0021671076179909862
-0.004650179448248401
-0.001811846546121737
0.0007673581306963796
0.0004355341011538852
0.0011229749205639906
0.006299662235136463
0.006971073724821348
0.010705773372997305
-0.0005784270783401275
-0.0008097270601077184
6.533096632225661e-5
-0.0002049800554338976
-0.001327351189371031
-0.0015712339436687783
-0.0018804904433822878
-0.0007338303406207696
0.0004567790794173769
0.00014427029976572683
-7.332806616528538e-6
-0.0012809577108135182
-0.002099098168633781
-5.379275863053306e-5
-0.0009201295106092849
-0.00039591494204291235
-0.0010470596831980092
-3.463419044339445e-5
-0.0006626720172288309
-0.00045569699256808047
-0.0007496727143591651
-0.0001889932723011928
-7.36771308543124e-5
-0.0002093909986910358
-0.0015662206332666042
-0.0008345261942727534
9.278095158703442e-5
0.00010280718066005555
-0.00032654797026104854
-0.0003486565118548979
-0.00010795742199396597
0.00030862933182194334
-0.0009177792939843761
-0.00010748081573755148
-0.0015408308731744125
-0.00010662836118126713
5.853722923597628e-5
-0.001660841468892609
-0.0017418518996244708
-0.0015845111783801139
-0.0014021702314600789
-0.0018238404286257373
-0.0018963651526222015
-0.001281793632709439
-0.0006309534064019057
-8.254532422342681e-5
-0.0004248358894935585
-0.0006098952966384825
0.0009752014991921421
0.0014016536609922931
0.00013461703627192247
-0.0007504981553179101
-8.145182725264531e-5
-0.0009506769905529188
-0.0029938824952939085
-0.003591196663148918
-0.0035528341297885175
-0.002212597818461009
-0.0031593325559528987
-0.0018280787140287345
-0.0010114188227648023
-0.0013166593852307383
-0.0016857325932129587
-0.0006061226151282747
-0.0008725015736276219
-5.372147515646995e-5
0.0005551558358403831
0.0011480706189155652
-0.0002832559114971007
0.0002365708050427934
-0.002368168420312869
-0.0026800784156521392
-0.004344989911496847
-0.0054100449555145895
-0.004654239989675395
-0.003105285316303283
-0.0031319077289991134
-0.003489744772141114
-0.001661137250628159
-0.0006258018782028099
-0.0011179780216304556
-0.0009395605313659607
-0.00040846597864181787
-9.915759651390674e-5
0.000604080698148659
-0.000240476531308836
-0.000717984490619594
-0.001890378056084897
-0.001728766189120109
-0.004799822781635486
-0.010055916197777456
-0.006760729656960259
-0.006924564824196621
-0.004770792984069188
-0.0037676274430353597
-0.003247993912540301
-0.0023938465067576222
-0.0013737325001974181
-0.0006076867618303745
0.0003547722797233305
-4.891170406003673e-5
0.0006915339999620987
0.0006594838134921945
0.0005248058475080263
-0.0015334451710004283
-0.0009562215430787452
-0.00648931447701719
-0.008088520622939464
-0.015970485034020244
-0.013642346171495984
-0.009073506275162804
-0.007623615547269051
-0.0033679363702292216
-0.0024182682823300386
-0.001207428080932426
-0.0008977271109358737
-0.0004957301309903887
-0.0013089322180261716
-0.0012701797115260947
-0.001016212183924669
0.0015132716989007383
0.001883815794372785
0.002868194491730601
-0.0015791481118589182
-0.0067058242329316245
-0.019418527418815137
-0.04156336347351196
-0.019950711581988995
-0.014681726695234126
-0.0081105107587641
-0.005505535779734628
-0.0036296329511500127
-0.0030675061804970663
-0.0019137352810129466
-0.0008414051796869111
-0.0005378919811163049
-0.001100851764044531
0.0004946973605506936
0.0011808085185986527
0.00398156463574135
0.002178791301110377
0.006338142861610619
-0.011244149403390533
-0.034493107890134406
-0.06797449127295148
-0.04152836073714049
-0.01630473284962922
-0.009638880388097598
-0.004720819804953533
-0.0038882437289698706
-0.001648295443890223
-0.002259011889332103
-0.0009594472976909316
-0.0008981069327854214
0.0005280748443502246
0.00023770781412367525
0.002855561296686382
0.005465496555937432
0.015671585269033752
0.008592765102463052
0.04241708607023592
-0.15846360057496928
-0.1613247761276539
-0.030933717951065164
-0.019017515801577126
-0.00690164471740366
-0.004535158284368082
-0.0025434162368811243
-0.0004704326933379381
-0.000720631787925557
-0.0017530745115526196
-0.0011080863816092866
-0.0007495072029563016
0.0023587177699078378
0.001316712765742086
0.010780400534633007
0.015704861638638285
0.10163890789383156
1.160121761977174
-0.6309465768376459
0.0870771392497431
-0.00665815792231212
-0.0032796400274332778
-0.0049583241528288685
-0.0017727296321524177
-0.0013315562827016984
-0.000847773455776452
-0.0019482538030874813
-0.001509160347070667
-0.0013003809483548793
-0.0003329080677855309
0.0006447209134254152
0.0017892541693235032
0.0014464303709740523
0.008446917085342624
-0.018970178992026597
-1.0569923946301134
0.8081208065979393
0.02467215065991816
0.009920324806122906
-0.001402139815969565
-7.163457306325204e-5
-0.002059760815897124
0.0009920269706552858
-0.0009452330335028411
-1.3744075285777283e-5
-0.0013647702010168607
-0.0010418907191155544
-0.0006897875319293806
0.0006058789137551193
-0.001772259103908564
0.0019158960300854676
-0.0019139526035636383
0.011513691718280487
-0.027710962181593326
0.09665575518572686
0.02084951915435822
0.004275542816578419
0.004666006636020646
0.0017258595200181574
0.0007246948242683102
-0.0010481301954387663
0.0007486119016971945
0.000700697443851346
-0.0008033500523862065
-0.0009120333738472237
-0.0011326204207686675
-0.001628946378517021
-0.0004938586938086618
-0.001987640591419191
0.0028395002423152868
0.0011899888690969972
0.013044840679835773
0.022419759567907555
0.006941146998611717
0.005001590937502055
0.0008164863922510998
0.0010555872916122636
0.00021003496519681066
0.00043043572428258997
-0.00039266631124775057
0.00020339375622629936
-0.000906004158525088
0.0003747050514347174
-0.0011126704122135852
0.0008267200546701276
0.0004917124421077905
0.0011398691805079475
0.00018598048182668226
0.0046751360026855175
0.00577997413566827
0.01708055184402405
0.0050684159117779974
0.0024074102353177913
0.0015757773722393708
0.00036351238201825164
0.0017566656986794712
0.001301442028767268
0.0007894217613396809
0.0002778160244934832
-0.0014343811863696872
-0.0020934543302854225
-0.0005632940078619782
5.59351006252132e-5
0.0010943710903605465
0.0005259483784748958
0.0021020257444179847
0.0012183244089217287
0.005259291949155858
0.00440352146493043
8.432981132724395e-5
0.0006676186616931438
-0.0007639834253904913
0.0004762090786055688
0.0003560159941034023
-0.00013465203535545568
0.00024818506623101237
0.0005214591230468596
-0.000695592026335448
-0.0017564155970802037
-0.0016589258302554567
-0.0008378201744694566
-0.0003055721770890718
0.0002782178617269511
5.3114545864330537e-5
0.0026703218541166366
0.0028783533624825316
0.003405684008187068
0.00017224902240601647
-0.00017787871039352685
-0.0003899522843624249
-0.0014188258820649682
-0.0003426329975201539
-0.0006936513616502986
-0.0004798053900444454
0.0004847460292531628
-0.0004858600637140946
0.0005160415205770226
-6.693109913216621e-5
-0.000625726075471296
-0.0007333713541834819
0.00017404449846228877
-0.0003086623139246163
0.0010089267049379553
0.0024974555035483094
0.001712787371302221
-0.00017662167897772893
-0.0002438667415849802
-0.0008417191021942187
-0.0010436310139960204
-0.000960646490823005
-0.002239707501867143
-0.001788061662186713
0.00023928454436342007
-0.00012104090555421857
0.00035388429080047273
-7.901259193136091e-5
0.0006857446852000714
-0.001252607238467485
0.00012279972342428655
-0.00048005003488918495
0.0011067784950184274
-0.0003772432580059541
0.0007087081794919277
