0.0015235814970885725
-0.0010884118498900883
0.0015069386759185423
0.0004498610993135214
0.0008111552451181424
-0.0006069692947480535
0.001854813072355529
0.0006615322418367861
-9.70884261364697e-6
-0.00010627522074931918
-0.00040964331296284163
0.000822204704561292
-0.0008574594951792507
-0.0013564373682599601
0.00010408726232310529
-0.0006684920971874799
0.12399411476442394
0.032438630992511555
-0.008526459414918976
0.022421207070420064
-0.7649366966434462
0.2207339023258024
0.09303755423174644
0.023654291132163476
0.019304592137005402
0.31856310192732884
0.2356330612790053
0.3866404492138972
-0.003819933354966665
0.0017021244156052964
-0.005366793966827643
0.025256647248716048
-0.5149653225528359
0.022837812087735374
-0.014629669380221899
-0.0007361207070277598
-0.010699659614543987
-0.0292889319528354
-0.04900726333107047
-0.013469548977314198
0.01646651653760461
0.0038618022430285228
-0.0020430230925869456
-0.030379635279251877
-0.05080655123827329
-0.00711700378832478
0.05290688702016446
0.022735860156283313
-0.0010519490314936865
-0.05734366748549764
-0.07451196420159441
0.05631163926801735
0.009057366022017075
0.015749278480806997
-0.006694660824574084
0.49921476671016823
0.022373684824230543
0.02989238656521722
0.03623514732693626
0.022478368231207236
0.0633647686645475
0.08020763692163348
0.0632331458202045
0.040913516183955584
0.029373377902320075
0.04011801423595143
0.04878424426644516
0.09483700555666204
0.04620664667396848
0.03858777941482543
0.03151510453870529
0.025112591374470594
0.06128236417857755
0.04304867716183596
0.0015502989164532465
0.0031376429012524116
0.00974386729709167
0.029420128170492447
-0.03412165098669639
-0.5353026906761553
-0.17016983261580515
-0.034051730602389405
0.014190658520775437
-0.018260833735884892
-0.5187428489790031
0.2947108850551615
-0.322537423269005
-0.02975768019466261
0.5011570215985948
0.1801389309785529
0.02032232143439894
-0.026765662170517998
-0.1438817573423783
-0.7854256973092753
0.15727271033060927
0.13493958703541145
0.05372263969964731
0.00047111502864572856
0.01401972686116496
-0.7683675296516816
0.12247179441064851
0.09041245553434213
0.0370805464140839
0.03390375149673546
0.020727544704134113
0.13137615920928153
0.06319380690946264
0.0435706529791716
0.03787897060617301
-0.005346924695735158
-0.00046917646674386607
-0.0027736131220940804
0.050800755537711
0.06636449291674161
0.012494004121921335
-0.006684887764464851
-0.06348840894802953
-0.02512155949301409
0.23666155316156762
0.09678677394054874
0.03280316698068206
-0.04257565793344853
-0.1008562717939943
-0.14631333516958814
0.06111215317043247
-0.02312183706180941
-0.08437548689563493
-0.17357172258541761
-0.20075342648861147
0.07975042375761433
0.13816145793088583
0.0068238307204275435
-0.10672400308331761
-0.26922556735733466
-0.7154300828024681
0.3847906530858245
0.19297128936326374
0.004062865597203654
-0.08709244927507628
-0.20614459613902447
0.8342439742374279
0.3023711745102405
0.0883319852711966
0.013537457648646436
-0.05895490223383731
-0.07109433748852255
-0.025714750177814785
0.18651804879076594
0.04246203850313088
-0.015579426602903899
-0.04692673111919133
-0.06832952483559779
-0.014520060219399847
0.036077510275331154
0.013983358016784197
-0.014342606762183168
-0.07023115167427121
-0.10004023188066334
-0.08399725289468535
0.021271926652939286
-0.08796307872686578
-0.028489133442661525
-0.06873433398330576
0.05279036290253213
1.0778547365075937
-0.47026751262575484
0.006731732249658
-0.041633407362008046
-0.028088160395911818
-0.034553420625875665
0.002987029451925665
-0.004031477304725738
-0.02551114012231416
-0.008242676389932885
-0.04899952466447335
-0.020116940412910202
-0.04785389704227528
0.008387501287487057
0.004621300907497646
-0.0538274366516508
-0.04116742126040505
-0.08959514470931292
-0.03113252674558864
-0.03487122859459085
-0.039567960674292316
-0.043200391211163494
-0.0966163926617431
-0.08913757389881419
-0.03818333911645023
0.02766157274525334
-0.004528568913599721
-0.08032986217239735
-0.0488701275305265
-0.0918907792974132
0.29409375224043455
0.22107546823560237
0.01623368984370269
0.0036753594326140834
0.005367633457981625
0.030363655545794174
0.051768431362373565
0.03102588372673219
-0.010571978164661544
-0.0018428090223350608
0.0012795652651504648
0.01463097591932659
0.03281141279087216
0.0038613275967147374
-0.04303424533268641
-0.014530759728504468
0.0008841350259278036
0.006236615211591864
-0.014182740685487819
-0.07722938913701646
-0.09240944140042731
-0.01901343755148286
-0.0032025710220131274
0.007882573456057298
-0.531064518032477
-0.22376540233105682
-0.04219057976905786
-0.015169036515236656
-0.011313161420054832
0.5975371043171283
0.18330260406362664
-0.4357156702139761
0.005667476339408837
0.002635691491092026
0.004714919739562883
0.022142707597306396
0.3931533304185212
0.07096064769430013
-0.027762911092844535
-0.012166783759149109
-0.047262065867039196
0.0025601481218992172
0.02322230957022397
0.02439023381552563
-0.008637266755585762
-0.04225867035358101
0.00697685019365413
0.09665159661236015
0.15398575539888246
0.0173182357834914
-0.03373591325509085
0.019487755549885032
0.12513083349218945
0.9029457673943545
0.35519625347119876
0.05817456025304147
0.0038397522870733084
-0.02196832124783274
0.0575562068384271
-1.4698556334139472
-0.16396667540523893
-0.02345316447969712
-0.01607717652509913
0.006689126964168604
-0.02803631466905252
0.06717132864865472
0.02448161168332947
0.006396099993485867
0.0032063383326211797
-0.023766701702912188
-0.005650536976974161
-0.03384159391659101
0.021240241769873217
-0.0068812768477514935
0.004098005530011069
0.03579932245138807
0.0005501762343170081
0.002778024621585266
-0.028481894601224134
-0.02132948164044444
0.1388583787550149
0.07298163349316891
0.03459266771053602
-0.020376146105062443
-0.03151669326748809
-0.03654377787274029
0.27794346585697216
0.1685917497086469
0.01756114679848964
-0.020287403790403565
-0.1000912483287757
-0.6804335016215906
0.7136427461650964
0.02995151345260431
0.007610700604171061
-0.02494041953124644
-0.22438336100242767
0.26880375960305153
-0.12177287651336025
-0.03349764826168518
-0.035941786802710346
-0.01551741192795937
-0.0599103298025932
-0.1717541002980222
-0.030562308967569653
-0.03506346416821931
-0.0011484159167940249
-0.02425862180630852
-0.020712502666090697
-0.058539896123497595
0.08684951958093796
0.018533345592840565
0.007570763785762807
-0.019084627486577386
-0.016614798619492666
-0.03145803419853951
0.0014086317261633667
0.008919016683988427
-0.02184455395596998
-0.004657422482828601
-0.012035523530953255
0.019003668267434194
-0.027838866053853075
-0.0543889482729576
-0.020345994106834166
-0.02086700665002664
0.013753327138840837
0.0007676860376666849
-0.16103593244195702
-0.0898130945059935
-0.048755167470694964
0.0019476405224362287
0.0328636562790483
0.041575640499659956
-0.44706977697828854
-0.1703885387806585
-0.024325958448555503
0.0057232609742843814
0.10551550934562534
0.8687285127739864
0.7190947822138597
0.01930827851009897
-0.014253986620145756
-0.009864512733071347
-0.0030308324355723124
-0.7372896642030276
-0.09844691944547831
0.12509978882012304
0.22843532901911345
0.12058889959375615
-0.008564973467123975
-0.1634297823815788
-0.14872112152387115
0.519127872908019
0.19550800276708108
0.17961143189586587
-0.031129972399390863
-0.10885152845410993
0.07385007179842823
0.30451935606749614
-2.2904970908528908
0.15891803678337005
0.05281474032142734
-0.054624298569076246
0.03795454038657839
0.2410729165389726
0.13789211436568638
0.14255503471260514
0.08275419654140653
-0.0004117691513567574
-0.030318004576983023
0.06821863735699621
0.11512975623441722
0.12029155833558838
0.03522956309186463
-0.04756443843179259
-0.14215165278287503
0.03615374166664787
0.1607465430529164
0.09106627297883788
-0.0179939431594226
-0.10393290987842464
0.0429754651401819
0.04814094094287377
0.011013320598756262
-0.6855170886321542
0.04621829611354019
0.044626685307731
0.023802060011703655
0.03987354040102554
0.041955264405919505
0.04269486667795543
0.0243604504527041
0.04268861390574765
0.01871399735483108
0.01991167121611885
0.04300294448767446
0.04678220599648271
0.021029437654512918
-0.0012818767822899417
-0.0049173706233421
0.028362692792414938
0.0746042902431859
0.07954502929681273
-0.041801494638454874
-0.025925790615485847
0.0018673522252927294
0.04859106149107751
0.05117087262631274
0.7875644126378449
-0.15356247849318
-0.0874933132844327
0.02154919150453326
0.04658614197849171
-0.15055741603894945
-0.26162821159906047
-0.2908759984072637
-0.030269766383109985
-0.13924062851429783
-0.3131251602328535
-0.31490312505078516
-0.15348127667610156
-0.0815793477616034
-0.10141884600171977
-0.18943435126048358
1.0848271560517262
-0.5752614019615293
-0.07620525180523197
-0.023071009531164668
-0.029014152303329144
0.12900509911185612
0.5104093771353354
0.245425429144201
0.08370181726117429
0.04889459612277307
0.04247301880496856
0.06761005854933005
0.14638938932310147
0.12496608031767836
0.07601862312443841
0.03411672694129037
0.042196472299558044
0.0023868891413952043
-0.0022678535746983876
0.002869003907147805
-0.0076001807982331755
-0.0018801729958070339
-0.01632977870400841
-0.10241687107744961
-0.12325017188886772
-0.14738210020778691
-0.07898478181925499
-0.059311284179791875
-0.05593199100710242
0.10868511391857316
0.07320877144346535
0.0799162678678556
0.0167538705077228
0.03411664216574979
0.02785164136384993
0.0027161129757987336
-0.007666190187427311
0.0004051026778441401
0.007389337762769753
-0.0216583029872093
0.026063400574654817
-0.09249532888601446
-0.2962506068076852
-0.08099897474915971
-0.10142469313766184
-0.07007487799227068
-0.08267887060723848
-0.23273656638662968
1.8673064078254418
-0.19928173610504696
-0.1483635038666376
-0.14384896469506436
-0.13043050373628026
-0.006367125385262703
-0.50612338482644
-0.15322164248010176
-0.1597656650522251
-0.07736607952339808
-0.10756872523734765
0.10944499132038608
0.1479772105962114
0.016170665952055352
-0.001729299888635749
-0.004924476629972936
0.0598699821612712
-0.04799299312385994
0.28690078981104744
0.4737104588931341
0.37629521332462307
-0.06895723387228174
-0.019139640749646913
-0.07151655598161176
-0.16945728863198897
-0.28414387216325554
-0.2402841383668083
-0.10258931916840837
-0.10012381455168147
-0.08596573144386276
-0.07437541600664827
-0.1492575100461683
-0.13314757731671556
-0.1180265905331959
-0.06397557308596709
-0.017702034541528997
-0.06332298225802792
-0.01981366146525876
-0.06540213045823741
-0.020828670398789717
-0.05397352532519028
-0.002293280802466034
0.05489200704934332
0.032231108395798964
0.09447946493143147
0.0027366000038036705
0.02009805392734082
0.06484686716282384
0.09721882045753638
0.14671162914854038
0.1837535908533447
0.08249809337829339
0.013316842971893375
0.020445438570929286
0.008793013924648523
0.023628963931449767
-0.02325256250163826
-0.009673760067390298
-0.003224430306539403
0.000456197535240944
0.017699572007784523
0.00019746938605824551
0.0043076166149294565
-0.0249695009336147
0.010220879520421257
0.021914123394259962
0.004212327817634384
0.015757538192967557
-0.0428764829131366
-0.03171779057110722
-0.010334226779071653
0.02255734867483664
0.037699900138552254
0.02688350169547366
-0.19939725311718953
-0.24919104702518044
0.005048713236270016
0.08840787628968395
0.0491460795775699
0.11019751710289892
0.6960052684406137
-0.6052678310891504
0.14667906316481832
0.03260946820898788
0.04369469398450941
0.040664070735226855
-0.15827201239225178
-0.13805172826907958
0.04390198385678551
0.3449013435196242
-0.18505659435056915
-0.037616916896761235
0.0334695298280816
0.16297715726017564
0.2424247359783735
0.05903051711811183
0.015519803584775392
-0.018744977691134746
0.06145282009445601
0.08667226887214316
0.1590564184317708
0.05543528808245887
-0.013541750722317513
0.015332295324147389
0.024374318049488006
0.08053385123172241
0.059914911941571926
-0.045309600869182155
-0.0411052680938664
-0.03360829203470539
0.029519519218527523
0.037559478274684414
0.059125443673414206
-0.2645475614849581
-0.16679436524109092
-0.04751165862449984
-0.00408191074013175
0.07997799304773492
0.0595505228190842
-0.7426210191152112
-0.35129166434737497
-0.11806939783474105
0.059695548020922064
0.12568148081929245
0.27649573289086415
