0.0010039400610098736
-0.0010114458882086
-0.0010110511538707172
-0.04840331277262039
-0.028876770754429584
-0.019842691845597813
-0.013232042565908137
-0.010435638073108832
-0.008636282142422355
-0.007319674933573031
-0.006723053355046593
-0.0073822452432636
-0.007133499404326119
-0.009091551938014532
-0.010637249829754069
-0.016668537816868646
-0.022022874271278445
-0.03149999880157921
-0.04834838639851335
-0.08532676575902522
-0.08454606923436664
-0.14488705219916168
-0.08388278885647762
-0.05440210497099306
-0.03272586211466004
-0.0189305433107315
-0.014275086310841992
-0.010312554423768702
-0.008478378391134139
-0.00788686389741208
-0.006570269097252894
-0.007740546216478688
-0.008263321575052251
-0.0092365007513306
-0.011064214171376338
-0.014737057744953297
-0.021058452317356625
-0.033773744239404074
-0.054758682097985165
-0.08215582296694075
-4.137845917921944
-0.07789102795298579
-0.12653564700919845
-0.041060451592257054
-0.02683428537945785
-0.017359090311611897
-0.013661491309404444
-0.0109275667375297
-0.008395859903652403
-0.008250732914189662
-0.006945604703924959
-0.0062805594462459185
-0.006254164672850593
-0.006355066796119682
-0.008562940103445538
-0.011816693146326943
-0.01650887185065929
-0.0291659071030764
-0.07180939504064385
-0.28578039929283083
6.910234787369699
-0.5354556222496062
-0.09246164350566731
-0.008458718094679374
-0.011559041890816682
-0.01141629773711078
-0.009288564575136729
-0.00833004012436083
-0.00779938220014011
-0.007662074783868037
-0.007978799363039536
-0.005675158775797005
-0.005317861013129789
-0.004943882141972125
-0.006598831192727637
-0.008374286087334688
-0.009529755803076865
-0.009621247640104646
-0.016795002534477795
0.10259250337714994
1.501478298486356
0.1322708303245471
0.008175050417776221
0.006917225184780845
-0.0024652751402647883
-0.00482456664971149
-0.006930400930275652
-0.0071535175514346626
-0.0067072653838869505
-0.005499554774985827
-0.006307996814862824
-0.006332780207079784
-0.006440113301703683
-0.00507749185144831
-0.005536759680101345
-0.005599437028014298
-0.0032291434991410725
-7.576078230099305e-5
0.026640048123307225
0.04095473468193042
0.1934733588783792
0.07134274104802421
0.03388754295457783
0.007554399920789036
-0.0015228678411271662
-0.0007450945195830876
-0.0033723680771326134
-0.003689655579044459
-0.004778683199934012
-0.004280408486970226
-0.003671993364676067
-0.0041835674751378145
-0.005343874878489942
-0.00451674835472095
-0.0043177230561201475
-0.002964565999649738
-0.0012395955754392963
0.0040090154994915994
0.010543457486724904
0.04165887074272478
0.04495820075525476
0.05167586673377729
0.02319908079373771
0.0055062071913135405
0.0008435962608323292
-0.0010562143290128653
-0.0013373809529379594
-0.002233823186385159
-0.004993664961191645
-0.004386089309177383
-0.0034315967191419936
-0.003620279378782849
-0.0048594908252129615
-0.004510658700700463
-0.004922600149175803
-0.003198109568325157
-0.00012496799456599605
0.0034703886543821943
0.010189651620811887
0.014629615189402846
0.028394494091363374
0.020139010462785677
0.011152472148252806
0.0023954635738144283
-0.0007579026111304532
-0.0018031345710269675
-0.001298278134331693
-0.0020459755729698888
-0.0032138498745809822
-0.0034912880914345257
-0.003150825276101627
-0.0035315597001137184
-0.004155057574539856
-0.0029809710248032916
-0.004076285216517406
-0.002978235017295504
-0.00021746437230798813
0.0027259545878378913
0.004948070320842488
0.00930247630175327
0.0100246400951205
0.009744260460388164
0.005418534871504088
0.000627729643885248
-0.001229839574791405
-0.0029312748305331702
-0.0015716236165818583
-0.0019175242224487008
-0.0029429134528145577
-0.0032755017205691843
-0.001757425762211167
-0.0036630288095410076
-0.0037754609629607125
-0.003870968705611868
-0.003034055190751663
-0.00246663493433836
-0.0007757014796942774
0.00044438354433179027
0.0021508216719364737
0.002505549441444655
0.0039904308632202215
0.0030003152862457696
0.0010037728369692767
-0.0017491818205414547
-0.0020954077037445298
-0.002036200610583296
-0.0030242572487309944
-0.0036961132458571268
-0.004236286899206389
-0.004019640185807127
-0.0037921159646558834
-0.0042925108765919815
-0.002732343711283657
-0.003691560678998499
-0.002566692180910129
-0.0014681579330625607
-0.0012929753677206007
0.0013249175949297447
0.001619188047180521
-0.0008678045387734584
-0.0005985343387269943
-0.00039893305056881153
-0.001960865400175089
-0.0037854678564126776
-0.003097633351472577
-0.0023402740158984334
-0.00383627974409034
-0.004243942132549229
-0.004234620789415976
-0.003858520201791938
-0.005075133924790666
-0.002849561607507782
-0.0031532749321131755
-0.0034030203409133783
-0.002736946268897986
-0.0032096727072603
-0.002457779524572064
-0.0006861570295755095
-0.0014630451821265153
-0.0025019306437862863
-0.002134640744446251
-0.0012803060726223835
-0.002832656693121642
-0.004069837072710162
-0.004603640108395967
-0.003758906405030158
-0.004759120757628755
-0.0042685787660765575
-0.005469528355528364
-0.005188162646997306
-0.0036876662675695334
-0.0026229553502426614
-0.004724794892876642
-0.004457730621725244
-0.004329115093544594
-0.003169838402737838
-0.0023608151412408745
-0.0026884635036782726
-0.0056228664881369855
-0.003221372395175973
-0.004169171540599333
-0.0044889662480800275
-0.004851671139540022
-0.004365109220660472
-0.0051367419646393955
-0.005799840964367899
-0.006455561658262195
-0.004650753900134119
-0.006614599101512604
-0.0054625147330749566
-0.005063716754202879
-0.004633799797202626
-0.004915202607066147
-0.005676938210269779
-0.005588738931828036
-0.005408885157027641
-0.0056114658405879555
-0.006257379711236509
-0.006477838699513835
-0.005340791081539816
-0.006018689164799693
-0.006244781960086748
-0.006034271861626255
-0.008534319666374319
-0.008858924784411512
-0.008790442808475888
-0.006612048862739404
-0.005237104464918906
-0.00533963395250012
-0.005811822577432968
-0.00652939494811427
-0.005691773409498002
-0.004499757998502324
-0.0064623164042494794
-0.006358456999717655
-0.006054781842124142
-0.00583106847241319
-0.0074219659182620445
-0.007881460569488671
-0.006273696518260634
-0.007273408574025666
-0.009673352603709688
-0.009263848216455184
-0.010398046774745501
-0.009501650947702495
-0.008511974294002186
-0.00797336069222486
-0.008336437295203341
-0.0072205831778323366
-0.00753348087702218
-0.005213303952228075
-0.004991547812280399
-0.005640701277302775
-0.006369187789896647
-0.007560592564425019
-0.008890586448292334
-0.009129496256699284
-0.010118735374058458
-0.012334714226242962
-0.011445034375335974
-0.010934359201803292
-0.01151917219680006
-0.012154715966801944
-0.014469353671918546
-0.012299407216896457
-0.011032571850738755
-0.011131503110876774
-0.008863707302594524
-0.007243649268661224
-0.005925048577113734
-0.005444326722334282
-0.004709957947937692
-0.006505219329261075
-0.005982533946907916
-0.007899612512352626
-0.009373540531897269
-0.009794094862829093
-0.012236009114241431
-0.01355112044424443
-0.014589851485116665
-0.016229958019303267
-0.014712149112382337
-0.014392992797058343
-0.016758183740578074
-0.014390748779764378
-0.01341943802292089
-0.012734215542241027
-0.009972441926220845
-0.008093233163130174
-0.007227766623003161
-0.006794818473042004
-0.00646491935457783
-0.0066101644996988465
-0.007219180714652333
-0.010206107163153575
-0.009519725296318888
-0.010991664812266447
-0.014894978353708893
-0.017368589339305098
-0.02002271666962227
-0.022590852044184782
-0.02128462068488067
-0.018456683961365204
-0.021653687606920245
-0.018717240544159616
-0.014565438466341132
-0.011607185261855186
-0.010694427579951052
-0.010188480311189707
-0.007988464055488913
-0.007306058442924971
-0.008486488712421442
-0.008871634802877022
-0.008621872563321085
-0.011616205272498126
-0.011859981382697974
-0.013906348349360555
-0.016209613291314706
-0.022618861231444905
-0.028839834212780333
-0.031344134034003684
-0.029782870240471156
-0.025416405814219247
-0.028265810279968762
-0.0215484549754183
-0.015821502494087866
-0.011728151338432743
-0.0093086593178439
-0.00847889735914006
-0.007295724265114514
-0.007682191223470039
-0.00754055103833223
-0.008786793479357631
-0.009747247142788658
-0.011640629913675803
-0.01418135717943459
-0.018555822722700812
-0.021759340887755406
-0.030148986084292558
-0.038672776327676905
-0.043828388839228426
-0.04737393658045016
-0.03564937292492343
-0.03494427478711861
-0.02546519723462454
-0.018596727006107094
-0.013824280822385333
-0.011170470427445825
-0.009619925990310236
-0.008595883180593952
-0.00755202135236699
-0.007169046124078866
-0.008102095960828547
-0.010737471136507666
-0.011780283490310952
-0.016636248587431728
-0.019886454028846957
-0.028024998723186065
-0.037533327284270564
-0.053274446657686145
-0.06886385679360815
-0.07048750059331217
-0.056018175890411984
0.014916403289882935
0.010567642328736786
0.009041519209000084
0.008253902211410206
0.005736497761951737
0.0069770498096174815
0.0030364364348909067
0.001542341584025617
-0.0037003208622423374
-0.007614945128340085
-0.03394996128491788
-0.040471635259541734
-0.07126343739442872
-1.8139158195337979
0.19971788507622176
0.19379348633074428
0.08912955981443114
0.05054082512407708
0.030978093702661004
0.021200713123407676
0.015107082756202986
0.009870254552359826
0.008867796549506177
0.006828121713358136
0.007291903766517383
0.00677271981974318
0.005151878476840036
0.00022396099891566225
-0.0031619984796899658
-0.019072701418524397
-0.036086167050028796
-0.15335959530466986
-2.72277190157103
-1.7048710001010354
0.409006275888804
0.16420035398732782
0.09258471250602188
0.04863791131175605
0.03208302046492471
0.020851647420894598
0.014253673857471371
0.010913810136763508
0.00718179654491887
0.005847897132306407
0.005239601064073629
0.00482776719651593
0.004430019747443752
0.0026152129634645685
-0.003326598159450463
-0.007685769339368793
-0.03479486976606324
-0.03279355488052229
-0.08703233859045098
0.25597075286781423
0.12567871062308764
0.11988284467863428
0.06918041957682947
0.0470577461071001
0.030459024931754498
0.02127671419187813
0.012648813085915695
0.010393721307896137
0.009224756750997962
0.007850098892904231
0.006530910531767417
0.0043761687150465425
0.0044910182203009505
0.0020022401739616586
0.0014486961807764621
-0.0051862603298400605
-0.008668139180127024
-0.02750904263471714
0.011013397769833936
0.04704998889519607
0.09600650727924662
0.07165379969245718
0.0519929405648121
0.03474277398632153
0.026149604697495245
0.017206593090592456
0.011984617020792602
0.008020537267804244
0.007777543227201484
0.007001573155115734
0.006132893780729415
0.004881391960023061
0.004451542863720203
0.003807716276975107
0.0031747925689563764
0.003933768304772217
-0.0011086210581359634
0.005238075392552924
0.0062132614241024505
0.04124334414884954
0.043455296044978504
0.043995606292370995
0.03543752978915336
0.02730882181831277
0.02037138444853169
0.01573526967922061
0.01151974492523712
0.00692468122552955
0.0070824232905479356
0.0055383850210000765
0.005845171344769966
0.004017887576140317
0.0059419890016798975
0.005129435937454887
0.0048605862835540015
0.002869712739637686
0.0066306844838937866
0.008048431528854774
0.016363275677992537
0.02170264559438471
0.029211581441041266
0.02788722065246139
0.0267793358042898
0.02060671048576317
0.016562929757508858
0.014566936058486022
0.010414796105457898
0.00806987781555281
0.005813821084143385
0.00577025298043024
0.004152858246838174
0.003995529364680958
0.0038958949878011443
0.005571152429137837
0.006532057942282438
0.005785372593825021
0.006541333560072513
0.010664723918888973
0.011649705549024314
0.01712443420338325
0.019838332519087343
0.020963028394674395
0.018156272485693004
0.016565492434913894
0.013997137879652458
0.011440716112131138
0.009184781092077226
0.0074720144235838545
0.006844535689809742
0.006129412660243033
0.005621734357104603
0.0051605443993938275
0.005402657267196746
0.005716980724858095
0.006737986035237725
0.005808437265508614
0.008218386695931374
0.010591134477803056
0.012340348567396584
0.012997695678856901
0.015309862208806712
0.015199832055926817
0.014480607941226697
0.013600060106867411
0.011020087772314075
0.010090095357703166
0.008030134443224137
0.006526783534700756
0.004942621199331112
0.0036389627789979897
0.004911810372559231
0.0052826352572998775
0.00476188157363887
0.004899370583277425
0.004849072119213639
0.005734683137280291
0.008758263227649617
0.01075245309860237
0.010100226755767215
0.01193541420584381
0.011371545013270052
0.010812268305165915
0.011442660550310273
0.011394335744986647
0.0096711417756397
0.008552098405269793
0.0060569253072689285
0.007108219256824347
0.004887836834610973
0.005199184658414376
0.007384757005809152
0.005134951829258896
0.0054367176247005575
0.005168980036260906
0.005483030917309791
0.007726684332645015
0.008029176501185637
0.005889174954186881
0.008539750457577946
0.009841302103509243
0.011093355393703305
0.009654828102566593
0.010044980273356638
0.008923672728549959
0.008312928231941472
0.0075712299732778035
0.00580400699569225
0.005010265102343279
0.004876120341192569
0.0047746078736633215
0.005661016771530262
0.004316318795995965
0.005031713191001563
0.005424796749225039
0.005839637054015377
0.006672904720356385
0.007131954200800962
0.00788295905643588
0.00952868452870149
0.009595900193172715
0.010098189782533306
0.009611248388107414
0.0102642906204339
0.008451025193243485
0.007795338566073143
0.007396649100440286
0.0075626165148403
0.006371315507664388
0.005881352607792961
0.0050651979910060554
0.004473841535096757
0.004604026796433746
0.005179314770799292
0.004777582827234852
0.007581768591483051
0.00868631257639037
0.00832563236783677
0.009692664059846395
0.010667699378676102
0.010629787204995208
0.009613767877748458
0.00996011803346127
0.010003635841716839
0.008866613714910794
0.00799903976169434
0.006730699423390841
0.005921852737035485
0.006241300527578122
0.004344273532893455
0.00632069070032817
0.006510507897154346
0.005699935730676733
0.006723190348925463
0.006108598305842204
0.007458694960653146
0.007885181392026295
0.007901051464165507
0.00955553672176552
0.010628276752924359
0.012965468833880344
0.012830242904749392
0.011989412006773108
0.010452391534869064
0.009517804407765198
0.009476036915789894
0.008302308721330644
0.006774740397746368
0.006285400836474057
0.0061671832585735295
0.007483947721965425
0.006884124283826131
0.004476075714323512
0.0051620468149078174
0.005725189392861131
0.0072190902615951735
0.007518691696577415
0.009255924970405291
0.010986729075196069
0.012755107241789665
0.011533596867788922
0.01323822264217793
0.012444320734456846
0.01246794950707714
0.011581766351989866
0.010885411585521934
0.008563301167350847
0.008140553090889601
0.009358632453279725
0.007246504593015746
0.007305217340120859
0.006161101341636734
0.0062788305324188365
0.006678565237079929
0.0071055822658134225
0.008257167498575118
0.00956920200348318
0.010352842552848757
0.011727296696483433
0.013293090765237098
0.015454442497275964
0.015683619838580624
0.01652116109398275
0.01539680823886447
0.014641158083359298
0.010318531013960436
0.008082892828734508
0.009531196726965209
0.0071849730750387876
0.0077599997894616645
0.007478203425565736
0.006574925802084732
0.006195014018545369
0.005653043425910954
0.006074064198919269
0.007220695177223992
0.008835402459372936
0.012470618485768761
0.012819855253256126
0.017842482400245125
0.02059469155949097
0.022846541224989057
0.021144575313412944
0.019937740186496602
0.0161445698703206
0.011115960256030519
0.010143641002530476
0.011594958436843987
0.010278526845167849
0.008903378133812048
0.007986578258738497
0.006248792743836259
0.00708797248085009
0.00595673577325319
0.006143410049364876
0.007950351360783882
0.009389882157769005
0.011248510242593974
0.01722733443970184
0.020839019886070363
0.03013325494641472
0.03213660679786855
0.03186738215350948
0.025448828589775003
0.021519412871985503
0.016078155980881526
0.013116231062939118
0.011629578595371566
0.0097028726738115
0.0086793833804686
0.007631722699089485
0.007416084716644562
0.006653555255743047
0.006137075071603235
0.006775395655078814
0.006677491826602726
0.005990448835966496
0.011700287230201221
0.014090455696903823
0.030979544039779313
0.04249241716314883
0.05126147593220006
0.04571424407852783
0.03774779893395035
0.024776308944729184
0.019565572502308937
0.01529850959375468
0.01367893773280354
0.010645804721600712
0.008425768259426324
0.007892003912432393
0.007358558614204041
0.00714406104331935
0.005780734559292867
0.00579345838448086
0.0030335905934385935
0.0047830726362821764
0.003213454149309874
0.016286675401771884
0.027248884419703974
0.06543856030453914
0.09878810265623879
0.0806441238183166
0.05166726431613791
0.03543856172574121
0.02313978953623639
0.018907066237377597
0.014893450065535779
0.011788659312969256
0.010003051162893722
0.008655415166957394
0.007561414602775412
0.00516658665372966
0.004797932436125802
0.0018654134924094231
-0.0006647531704612516
-0.0052545131863362205
-0.0018688142407984366
-0.01301592455827179
0.03103107016890935
0.08699028578211293
0.1661936075640244
0.12428921330132492
0.07702461857515105
0.04215618657779315
0.02921229818338804
0.019323089313034954
0.0010420604803314418
0.004184750098839786
0.004596387214263994
0.009636231605223469
0.012333772776646643
0.01508038178669225
0.013682563854117443
0.013147111161455524
0.009513964121853175
0.004964346233643532
0.003876932753383459
0.0032888841399257903
0.0006826805175207352
0.001561808576309827
0.0011276192871781335
0.0002641113869582144
-0.0003933532485454991
-0.000924382153712082
-0.0007359309935758506
-0.00015775065737834426
0.0007283947922144039
0.0023467810760446866
0.008061771578352875
0.011204363345026605
0.020636663980695316
0.023162631778168564
0.02336690992875564
0.018037853891409023
0.01445207509795489
0.009723190895768502
0.006694073780557413
0.00490995991122533
0.0039408949466743426
0.0022029824502854843
0.001432387786080018
-2.5098519843152014e-5
0.00033015654288232114
-0.0009572074552048455
-0.0012107416470528386
-2.178232845916094e-5
-0.002633824101637115
0.0018507558082994267
0.0031472060267098917
0.01914741647673852
0.030027556189214
0.04121132908625717
0.03652431485189847
0.02973524985044401
0.017967387697663196
0.012961777281229159
0.00860582379077029
0.005328986133543248
0.003454224953100571
0.002000006437521769
0.0011159147303231006
0.0006588808745694441
-0.00035306836641997493
-0.0007865364380755263
-0.0007601650250386164
-0.0015109267169267147
-0.0045638330998596455
-0.008114860821045981
0.0026053057398108324
0.010330511595119125
0.04999284879766881
0.08500555426832997
0.07031849806191941
0.04310550324081438
0.028050040847824323
0.01625415553573045
0.01237580405291127
0.007570366181302917
0.004566597959678851
0.00210296900959944
0.0015891781581027296
0.00040441597861578344
0.00012193347938737817
-0.0014736540493043874
-0.00216305179451691
-0.0049073320929068414
-0.015445287688471712
-0.014933725804355376
-0.03232704905741683
0.01228767437191062
0.06509640455782885
0.15107206118928457
0.11239591661707725
0.06850155022968142
0.035294403320291004
0.022914754533488138
0.013307228649147369
0.009209697977413556
0.006011508382914085
0.003868399751588927
0.002040243375764806
0.000836157593052044
-0.0017992143747192625
-0.0027641723243475346
-0.005979335926996278
-0.008970330561510701
-0.01832518547214848
-0.04815798730111485
-0.061461163220750466
-0.12286879402592793
-3.3956948449543516
0.18802773884546284
0.18417858053821667
0.08062086563342843
0.04414242926155154
0.024819976150486294
0.015486105357071636
0.009279082691994437
0.004791053115631034
0.003053917358184575
0.0018655252811490596
-0.000574509232148574
-3.7753977408424666e-5
-0.004644182496608493
-0.006164603395043989
-0.012670224451854737
-0.029260760060843043
-0.04976999206596273
-0.1659122997697939
2.2897241945233757
-2.4917060292994218
0.4370899067119134
0.16119050691699302
0.08705293673293597
0.043256232938084185
0.026776651347359366
0.015337891243576797
0.009606624647154166
0.0038899092225055734
0.0029338678392195
0.0008030376526474575
0.0007881236994654972
0.00017667695389754777
-0.0023387295697290486
-0.0073445029178300005
-0.011537486424905739
-0.01651028019976056
-0.04390020953864933
-0.03778997917206695
-0.08191843083771612
0.25833250654061174
0.12671946542950938
0.11750533549769188
0.06442684510904644
0.04169924509396822
0.025123610422798325
0.01587667798424005
0.008734936123302233
0.005119371599855599
0.0013905530030766135
-0.00010390018996420469
-0.0011472849858769848
-0.0014835303484080045
-0.0028672624452485565
-0.00485972180147802
-0.011125095824475515
-0.012422398960439705
-0.014403953264875754
-0.03212149181738601
0.015884201928861787
0.046662632630193365
0.09398125467835093
0.06731613126227218
0.04691621806988727
0.02960567177194454
0.020777470291415523
0.011988856107941193
0.007326071402969864
0.004542084743862199
0.0032815596982621663
0.0016214873952375003
0.0003950154622286015
-0.0019165847717864768
-0.002331026959512211
-0.0048667664080559465
-0.005253178658357234
-0.002896768508660338
-0.007122100019114692
0.001092885866524429
0.002714199369840604
0.039400141322360395
0.039895723223777456
0.03985472018046619
0.030462853730039728
0.022629888447782423
0.015303873100152458
0.010590131685195047
0.0063357999915319395
0.0024528722398486137
0.0020262835456941624
0.0011676343328506295
-0.00012898223818339893
-0.0012588233430668662
-0.0018856034156506023
-0.002888280150380102
-0.003610283443700693
-0.0034250709586854783
0.0005152555773107422
0.0025690859709492173
0.01209603170482524
0.01709561805743334
0.024599711083759964
0.023267839675321023
0.021784128605712945
0.015507778128499997
0.011229984033925014
0.009044427131439868
0.005868698576146071
0.0011222262684353066
0.0012450557305601262
-0.00035928573993057746
-0.0002727388128504801
-0.001770895362359197
-0.00017255440054324777
-0.0010960905911994027
-0.0013894910324185506
-0.00026372207877108284
0.0006888130099399184
0.004963031981285506
0.006695610655615364
0.01221978261092814
0.014689504705808135
0.015622303408765768
0.012875960232155032
0.01120944707186019
0.008656742753198807
0.005772805875808146
0.00473265042837526
0.00209564810362102
-0.00017053580048295724
-0.00012772916273522572
-0.0018490966061457924
-0.0018764831501022904
-0.0024585565542406033
-0.0006338383575946461
-3.4371680714385426e-5
-0.0002301948543099448
0.0024994439130596366
0.004499547092939294
0.006558701323442385
0.007485693077013045
0.010075637372354366
0.009743132093206147
0.008783605681706759
0.008013025367967355
0.005629314089545697
0.004438613497433385
0.0033817262457529946
0.001295114379144823
0.000776244218297901
8.863724379348022e-5
-0.0005278379659353717
-0.0009448318944906807
-0.0008721644271213324
-0.00027245638669358294
0.0005855258378162334
-0.00019461281525859022
0.002361298616625643
0.004262203438476852
0.004014309178800494
0.006002053060394602
0.005507281616257302
0.0050208908545426294
0.005682170225292038
0.005309187281360261
0.003760998733377281
0.0029957998065668567
0.0021868542026907273
0.0006781875962725849
-0.0008583364152732548
-0.0020353355443204603
-0.0007867334203387832
-0.0007837462566427133
-0.0011740830376880374
-0.0009926844014979835
-0.0012374216164443188
0.0016544383088572597
0.001808156089815764
-0.00021999729109193955
0.0022153124173192127
0.0036630787722130667
0.004919530983365736
0.0035977992954335284
0.004224480754232811
0.0031840829905155354
0.0024531688460510018
0.0018213393779842766
0.0002033626381215593
0.001047155125418027
-0.0009048262262541674
-0.0005914254612042691
0.00140523083468978
-0.0009336524232555673
-0.0007063662549536919
-0.0010823233039180145
-0.0009293063495430046
0.0003293080908256807
0.000945498926133927
0.0018491106164147245
0.003394919609869517
0.0032728373684662478
0.003766582842014749
0.0033205385600048785
0.004108000764825834
0.002370278417883012
0.001712204476444904
0.001618800725245156
-5.410391722145873e-5
-0.0006534290656942849
-0.0009362097580963254
-0.00098657357827063
-0.0004594726989248133
-0.0017522704032966404
-0.0010183775211484907
-0.0007725035984221527
-0.0005778396576802601
0.0020968228171533558
0.0019588567607578882
0.0032956757303791782
0.004317641480209812
0.004052132181897581
0.003257538131869379
0.003809075493648686
0.003974676812408527
0.0029127363827129607
0.0018660290881338895
0.0007515120205506876
0.001403291214335088
0.0003810510851037538
-0.000593129200777401
-0.0010787758869582338
-0.001788273764176154
-0.0015603833210603786
-0.0008156660938515767
-0.0014246866679129345
0.0012609577634486305
0.001176304270702303
0.0011544795500810156
0.0028118275370337203
0.004172154062763927
0.006176537708879531
0.006286407072823007
0.005515222349014816
0.004418289882130055
0.0031927612800459575
0.003318532665015266
0.0021901086347809267
-3.2354453653418063e-7
0.0002530262911746837
-0.001846733184957568
-1.742091156701391e-5
0.00013487410717806988
-0.0008050655275843816
5.856214040625451e-5
-0.0003411341872295511
0.0010052032913101883
0.0006814693224763804
0.002252951458547213
0.003927389851343407
0.00594152672414312
0.004744373851346356
0.006576442271761563
0.006012983594030129
0.0060970481539958455
0.005167786839585767
0.004327519201537082
0.0020021465241433405
0.0007811295014942857
0.0003242342248016716
9.756565173000984e-5
0.001101187022596506
0.0006452210668874848
-0.0018357804194316053
-0.0014681515682080206
-0.0009551770431985914
0.0004720247785799115
0.0020921769055211948
0.0024858134047184705
0.003956895109743969
0.005607041579150403
0.008354572664014234
0.00848542381514849
0.00957932082309028
0.00861197107041155
0.008045408485558661
0.004071434549319866
0.001910219673587957
0.002240173045883166
0.002845152135044523
0.0012231575371389996
0.0010170415109467725
-7.493684841709542e-5
-0.0002563808263794025
-2.7613992689170023e-5
0.00023358270396641562
0.0013423291500029879
