-3.1320039173811376e-5
-0.0005399742321506307
0.001581232103554612
-0.0006518252110439523
0.12496634874089087
-0.37948313490414415
-0.21618262058501417
-0.1420902911242843
-0.05972825415294331
-0.03179373749407317
-0.016116983705143927
-0.009099573722088358
0.00918074482810927
0.012055955504018482
0.009921854936871467
0.011893587688234614
0.017400665355274517
0.012282392280706208
0.02045107280630591
0.011095232713719875
0.01603147635147206
0.001293602343163861
0.07103273484382618
0.16650813955913676
5.689295270665563
-1.4785390008216506
-0.44403584784336825
-0.1389995726248496
-0.07463255589767134
-0.02330086973939144
-0.012123691388843163
-0.000276975541767515
-0.0024167285162060123
0.01221242480167813
0.010789904826714413
0.01149379848546898
0.01706967518827185
0.008617756518343327
0.004916154023597369
0.0011890593866467644
0.001806042155499853
0.029787877444577546
0.022247354619568473
0.27761314927341463
-1.4792454858016697
-0.7863353118394442
-0.19189117015691468
-0.09523808532884386
-0.045031764593920366
-0.028241272676401776
-0.017047684588121597
-0.00181444129681741
0.0010273393471067803
0.010605507264543084
0.011728624049492709
0.0051016684132650595
0.005767054588320686
0.012289723609168463
0.010458864757927674
-0.004998556867412486
-0.008209751998462978
-0.04645784865722109
-0.09313843622363269
-0.45905421759970194
-0.45461696400626467
-0.19999482501539512
-0.11564185009036004
-0.037364923248054786
-0.029014120047957708
-0.014210330656523123
-0.011809216464095683
0.004115749844753418
0.009265839019613196
0.013814300635214837
0.010032319395244082
0.0156853258641468
0.011527372211183943
0.01057233709680964
0.004086815989630417
-0.015822773203706505
-0.023397271864429053
-0.04018189710027023
-0.12013814074456812
-0.18256112102685793
-0.13405264529879268
-0.11500327064260614
-0.04178982334606996
-0.025980547134799987
-0.009788725364449784
-0.009068842926152601
-0.0021646043632777244
0.0024072730663313277
0.0052594927132095255
0.015343920768549995
0.010228538092329365
0.007630743016091163
0.010151267619499403
0.005194375326847302
0.001941561035261697
-0.013237386115376325
-0.019449958912160153
-0.05214467422845079
-0.08215520192228161
-0.12789289236198492
-0.07123246504213442
-0.046131807027711746
-0.027655830946402303
-0.01781125151992196
-0.010457505047062839
-0.003498921319890916
-0.0011781687280316435
0.0011650990362916526
0.00428886677620126
0.012963855675091908
0.014978187153983687
0.01082562875098318
0.010735894996739688
0.0009067175991282231
0.002080158758657214
-0.004931371299037464
-0.02126086442626717
-0.027942822502097658
-0.046280255920891356
-0.057647463607523076
-0.026466240985618783
-0.02414580577860335
-0.003339494966111953
-0.0026214517767194885
-0.004435888926686178
-0.0028356835230834987
0.004359790583414589
-0.0009563974993792874
0.009943530645011226
0.008863013677949911
0.01573990202938133
0.009945774957700562
0.011337383891935657
0.017504052466010823
0.007001399990532406
0.00536222367793904
-0.0056087680899296515
-0.016809712030650466
-0.027901563860463312
-0.03900127705834844
-0.018292329757728702
-0.001572509747049294
0.0022333687727628636
0.006945357077016061
0.002538534212176133
0.0065042305726838515
0.006019542492317104
0.008133469845144728
0.004362568490074185
0.004945353659014287
0.014846294020945255
0.016385712921775666
0.00746808041623935
0.020274557162075563
0.009983685037444947
0.0007220455125718495
0.0043988722810300055
-0.0075278318688060805
-0.022258272658546713
-0.017258030302985432
0.006424107338494203
-0.004293747200202656
0.005513202970469718
0.0011517443144080318
0.0026119411580971504
0.003644173226692144
0.013068758504437613
0.014012728938111453
0.0060310790512792065
0.011394143645557409
0.013828854258282411
0.012878287435435148
0.00737139210740125
0.014495695823164442
0.013303137414796957
-0.0013707924970367948
0.006061146391215415
0.004975646660506496
-0.010645328040136024
-0.008742184498354313
0.004300135888304085
0.006977457964557513
0.007972406532321528
0.0033766822149008183
0.011658410026715527
0.008393004026812513
0.012056820463406892
0.017984585789263957
0.014768408236439386
0.022304736342501692
0.013967756683896836
0.006517443147879721
0.007909299744464745
0.02180444907652355
0.014324009992776313
0.012534062612096396
0.009367432519014503
0.005650482169164894
-0.0018206922184709966
-0.004902297959059777
0.008018224809884154
0.017242998683256322
0.01654060930510528
0.018609751169753545
0.01964227783687686
0.01713559392502436
0.01340962727927934
0.018127049425870866
0.01955810962489016
0.020193829781073
0.024126412495983036
0.023803142751699445
0.014068394507049742
0.01027922981545919
0.014900900092146783
0.015499659826710775
0.011638768367137004
0.007712314944508599
0.01006431956443485
0.003398050492807291
0.008567860097125082
0.02576024636768856
0.015635346241013395
0.009605091445865445
0.015861046693287546
0.013791076846421028
0.01787274254484855
0.010387275979760588
0.01486016543646087
0.019944832538970794
0.018470890606225483
0.015089394540264213
0.02058652172862571
0.022983961948637346
0.013090046517397685
0.015618076614918602
0.008589870336452268
0.01444710478073783
0.0033687213188859557
-0.004399570339518877
0.007603298760911856
0.014154672084774746
0.00494486589748306
0.011013564161067774
0.014055644461327219
0.011376249415659873
0.01582500278542674
0.020589010157483805
0.02001463168698071
0.009124143296495303
0.011953651857165836
0.015021663155589232
0.018202967804785797
0.017616962386902902
0.01860231371998399
0.010944926276299215
0.004826491391035951
0.005505387628563519
0.005090790324341942
0.0002792561307210246
0.004281502441012377
0.01690108714717622
0.011464155646114265
0.008023658366017667
0.009638461223112075
0.013297211416951674
0.01165203970659616
0.008540344172246405
0.022262456297542043
0.025789927534474826
0.020256423467909335
0.01273261415950415
0.02079993425518694
0.015943880792859456
0.019131064194461592
0.020340949326003176
0.011469651372356978
0.01786231475486063
0.009349512546535887
0.008531835968560754
-0.0013326533780426923
0.006740081540989679
0.013860415260507429
-0.0026398254388980756
0.004886543402817001
0.0173347412915882
0.007577984756594098
0.010116440662208721
0.020811391188066918
0.018079545648054418
0.019913163213329386
0.019588280352930813
0.02697470047601864
0.018591164260821556
0.016130857519912542
0.01973201747007692
0.02008448801676821
0.01792941668724998
0.007585446590962888
0.009204120743212365
0.00436714675635992
0.0033868781911456846
0.0038370153466159443
-0.0015370032806596334
-0.006922902089661212
0.008800813327764109
0.0038694298082585107
0.0021024290319796475
0.017258381337683214
0.012153175289107546
0.015466639250324848
0.028382541520696816
0.026461057338742204
0.02258551887806075
0.017933637340880278
0.017756402922577987
0.016866368513879713
0.00980482970320777
0.0005563691864639004
0.000520865573853853
-0.0009483619427922119
-0.010240295826070996
-0.01027936840558906
-0.015826837030625904
-0.008046236326516402
-0.008682013084182783
0.004852915255595937
-0.0010679129263648879
0.007287671245358673
0.015179552044344955
0.014480173522186036
0.0209450776770281
0.018827625312693257
0.027171261941709768
0.01952464382475076
0.021530001007474996
0.02274896453593759
0.006308143549142199
0.0009306072651661429
-0.00025758377532077896
-0.016392012091984078
-0.026233301689778745
-0.04174954285176252
-0.02545212501587969
-0.016648590185889586
-0.0065921300237582955
-0.0024300669039885904
0.010888755150628432
0.004838521308014117
0.011352938789886337
0.010915768046988778
0.014364030804997104
0.020233867982425314
0.02320099718082865
0.02008193120415054
0.021387438503433994
0.016470562699973573
0.016602786245485
-0.00011343711951693634
0.009115846790515253
-0.008778457309005169
-0.08530316704814517
-0.057729401690140215
-0.05444942328727708
-0.034100528301163995
-0.014507687969708869
-0.0049525355447519424
0.0019510118236727532
0.00353779429863409
0.010753777126978177
0.014624438563252216
0.008718378988655665
0.01988656856521129
0.017408347434979543
0.018523008085828036
0.015116776545732357
0.012853301246652746
0.002654006481409533
0.008677892367298656
-0.0017036625240871009
-0.043977366256938245
-0.16149537635957556
-0.1598297411098403
-0.09317508277345442
-0.05835054205255535
-0.013778847937783181
-0.015099394189956141
-0.0019643816579025244
0.0005584154194632086
0.001994891233532428
0.0114295759716026
0.011179964109170413
0.012197657186765099
0.014846512098358062
0.0175577229664884
0.01518550222863056
0.008029211803595525
0.010401666924265416
-0.0051899366241434115
0.0464422814517654
0.06197620869338558
0.04878878978080481
0.0391712174136509
0.026912287096842347
0.021546478361196275
0.015347259049985892
0.013486202334013323
0.011855126181886897
0.011205258382169587
0.009660483521016876
0.00986191712661737
0.010645272639901737
0.01056155218757768
0.011973090541497302
0.014269521775017077
0.01751164933780442
0.0217273243714773
0.029292815758208156
0.04085545855544102
0.04843428636707514
0.03771679536601383
0.03624526793042222
0.027854047685180294
0.023650260977157563
0.018728643661002003
0.01576470846239102
0.012352474051641115
0.011995441666399601
0.010666423371138711
0.010281649473951
0.010034537214150869
0.010203943035894435
0.010240762068383872
0.011853224984102599
0.013603579741543846
0.017201905404878655
0.019105957392334012
0.025182072774873606
0.02895878021109339
0.036225403840254085
0.028897651831361983
0.023786973462232262
0.023495106610533185
0.01894954861400015
0.017533175565235582
0.013670766301643114
0.012761527532397789
0.010656445414148735
0.010822267137265001
0.01082074825077268
0.010494735679001194
0.010403582580520881
0.009798075997382317
0.011098995524922974
0.013741986222580787
0.01482559260360021
0.01848745199448898
0.01999412040649737
0.02323102186363117
0.025082064277346862
0.018978673322771686
0.019242567663389873
0.01782945836213712
0.017011683100684676
0.01466115290435814
0.012327972733037143
0.011468900545911426
0.010624533109772098
0.010557992809745042
0.011011292787452906
0.009433743798774246
0.009833310621845767
0.0104715319754776
0.011055944742196589
0.011156797287351312
0.01328124591875177
0.014725106465569349
0.017119820637737666
0.018411240072978497
0.020294994553948186
0.015920600431993778
0.01455489410250571
0.013877705578664318
0.01253359405389294
0.01206479969401096
0.011132203008272043
0.011117349015703513
0.009690530842166074
0.0092443129369831
0.009206637627183937
0.009951292584524
0.010645594418361945
0.01047529951407655
0.010088432969088209
0.01048501430825656
0.010783329053908204
0.013082668974866889
0.01399991072162218
0.016111129745387733
0.014684980905187899
0.011209749213523409
0.012426319854123487
0.011185789422382138
0.011428146933436882
0.010169697612528086
0.010274257463968256
0.009284116254957354
0.008926061002352317
0.008471040485248254
0.008523469260027896
0.008791690910772207
0.008461255308447229
0.008506830679966947
0.009575082020622112
0.009601883925605662
0.010508177822936402
0.010810352473157902
0.011115370304230843
0.012335266882712326
0.012184160097728903
0.009211404288322582
0.009502079717668435
0.008359277046440596
0.008328677281904742
0.0077295784293624995
0.008266403606786779
0.007465126413451709
0.008284974847377604
0.008950977960061333
0.00804859397841106
0.007847166365440424
0.007437065130980456
0.00895293622063269
0.008251310822247908
0.008336157482442342
0.00804054002296819
0.009194937412586984
0.00834155923812727
0.008191274272389786
0.00919703205430983
0.006165721964500708
0.007019923973901396
0.005866310424703595
0.006514130980109506
0.0057859337758685275
0.007001744529543484
0.007519143949147214
0.007409826084536243
0.007823289849819488
0.0071346297497586345
0.007732724986617234
0.007771806362643591
0.007933302023917137
0.0069415462861772935
0.006674346249396521
0.006741955381799058
0.007039600382870178
0.007185328309516215
0.005938360458351
0.007334584834398886
0.0025824103487868213
0.003952292580964883
0.0028701770598629443
0.0037829240462185555
0.005580660117006286
0.00504211195856889
0.007007184408224423
0.0063359522214397855
0.006487623337835976
0.0069918920965172104
0.006311843290128072
0.0058342878736971065
0.007885267137230666
0.0077030267078749375
0.006764169879456063
0.005965432384784363
0.005201488692278213
0.004149529752560542
0.004573981589300978
0.003398631599433687
-0.0004817439971352163
0.0008230664560070982
0.0002733900506914587
0.000881736776964498
0.0027965492156303115
0.005042140090850301
0.005464175736901407
0.005911722054891771
0.004883523359052877
0.005774371362291012
0.005758907218216808
0.005916841964744866
0.007363033261691514
0.0051153931843552925
0.004832531896494499
0.003894049143931427
0.0024296952095616
0.0017738198581916315
0.0013925038364193225
0.0012993538577507093
-0.003938865088647391
-0.005030812050431549
-0.002378225933117626
-0.0019134106155738048
0.0006977599763758845
0.0020477395623270025
0.004638231976937636
0.004647103936996822
0.005705684699967353
0.006589948878056344
0.006830159311603624
0.004484058013126907
0.005014693526466437
0.004421786264009393
0.003995163143854846
0.0024587691554719803
0.0008042789563990806
0.0002462859733557107
-0.0019790115910485254
-0.0033914942113091114
-0.01267917457388478
-0.010461049767601836
-0.009234032862918875
-0.004835883065515661
-0.0022714599007986657
0.0010987942650273488
0.003868321360365139
0.005530226857521095
0.0051796348373937505
0.005710035560826423
0.006057900752960349
0.005718296795124826
0.004812898427845035
0.004177692411808617
0.0021805194886307935
0.0024328981624578737
-0.0002348046331316372
-0.0022318492639841984
-0.007835616004600376
-0.009395923213825392
-0.021003063112612345
-0.022322169742796938
-0.014509861476182957
-0.009203254072578515
-0.003304401334107112
-0.0002993816150892718
0.0034591796254235764
0.004538440409093897
0.003440353521708904
0.005216515559100342
0.005802294855023312
0.00514208720952059
0.0048765729488699575
0.003872084931611848
0.002137434233907253
0.0001457218913390853
-0.0018526925708997402
-0.00857967157053586
-0.01294134825798915
-0.02142659989551772
-0.05060683556019514
-0.0351999285976046
-0.02705769540744922
-0.013457249077719143
-0.006754499512534133
-0.0012033891369297848
0.002219491093095891
0.005143138487725609
0.00477778328797852
0.0058412955278671855
0.006268075174813865
0.00541111234215299
0.004859618937858712
0.003877265334147985
0.0023381089028994173
0.0003311489885420509
-0.005272303597966407
-0.010808017795808094
-0.024123717068706006
-0.032682725619856474
-0.08484608965736937
-0.07990795114547634
-0.035141014336036606
-0.02051508444866132
-0.0056778041320777175
-0.0018218021473317592
0.0029054035794081204
0.005258485963479468
0.005835027840624863
0.005801700566966179
0.0067217305221962415
0.006275007597894334
0.006110509378857124
0.004695649364517497
0.003200333172146252
-0.0008677777714638204
-0.004136264990813257
-0.0158782109349652
-0.02990542778991039
-0.07015386830690648
-0.2909544327066286
-0.11142972495229778
-0.060440932830671534
-0.01688066731097953
-0.0071170153258985555
0.0016111396926427387
0.002487110154318315
0.006471610316906081
0.006225002295383569
0.006329299842176519
0.006581732842193262
0.0070274559909117885
0.0062743428391785995
0.007163996602344571
0.004698554335181422
0.003304275531636713
-0.0036291746451013766
-0.008895181748908638
-0.05068997239364475
-0.07900327940029069
-1.0289240850746648
-0.17984217568060187
-0.023217165236778067
-0.011021826760619635
0.0032475948377815984
0.003350375382761233
0.007304508855491972
0.0069168839742170885
0.008847228392785737
0.008073702719695371
0.008208160868198774
0.008169766723020753
0.007913261918518589
0.007745702944496866
0.008251456901169742
0.00627204442449645
0.006944081640151066
-0.001421993951077648
0.005255024110721292
-0.17772906634834792
-2.0064509229614838
0.21830399901896438
0.02992363901040125
0.021650606413303568
0.009495429848418262
0.010057389280560306
0.009635122191821933
0.008838221042129193
0.008512911438092527
0.009620849920592027
0.008081734964212028
0.009208982169166612
0.008294660858989816
0.009649126041938662
0.01056340975689937
0.013797531232418685
0.01532272380372225
0.033651322920272383
0.05221130472913131
0.2179028194686591
0.2758695368078829
0.0932331816209113
0.06491042250937143
0.02853716083221573
0.019865531737033697
0.013719122504640472
0.012309081236859453
0.009919242923777851
0.008865232032121253
0.009371952613856283
0.008801184713456691
0.008842018323701824
0.009992243701308443
0.010741961451651667
0.01409939508009564
0.016079381124247196
0.025309720035057735
0.03341076513180455
0.07914744924993686
0.11600979383589706
0.09484543071415485
0.08149740209967456
0.045807481654211175
0.03134705435789993
0.020746387993248724
0.015676163209881164
0.011270338873873936
0.010583331780936771
0.009395536937352036
0.008834492148861691
0.00893826517783071
0.010124845984408956
0.010474505719838116
0.012751362015034061
0.014282180205654046
0.018354307959682164
0.022737425195675214
0.036227299358164246
0.04954066125441066
0.09042982698427351
-0.0006258276147813966
-0.004386877950898975
-0.00351849523246606
-0.005881181181633321
-0.00357305973435949
-0.0026814123912166058
-0.0011715652398571418
-0.0012140396323266757
-0.0005724613334740067
0.0015443675887747096
0.0007846542768530788
0.001033119226551857
0.0019245870727284437
0.0025010612860175063
0.0018766981027253597
0.0009028155312839389
-0.0005306227886180056
0.0010972853709864166
0.003254288927411816
0.0007528187393248751
0.00029787224417464006
-0.00019689046351516396
0.00012000014838169543
-0.002065627210615509
-0.0005785546862689471
-0.0014362643367000372
-0.00012867637653062535
-0.0008103288747586195
0.0012812219733396915
0.002636492873668645
0.0018591334496499503
0.00022722763111625744
0.0008947657927308493
0.0014442797572357658
0.00225681554917578
0.001775026498045173
0.0017174772056992881
0.001885990925042191
0.0019610275935163807
0.002426047266401502
0.0009568993898609283
6.845170436907454e-5
0.0008107444743987637
-0.0013642555149893372
-0.000629039715008009
0.0013573708975189707
-0.0005533005101112207
0.000736699849753473
0.0008687901021510267
0.001629784224302789
0.0010860495010215636
0.0016996125232203957
0.003158478069707857
0.002302484727506745
0.0018591723703513497
0.0006422465575804061
0.0014488094929622451
0.0016922441106360544
0.0032233616803601043
0.0016864345603434306
0.002565390960470468
0.0026884332314028934
0.0013335744216929847
0.0006677235939562536
0.0006330862107077474
0.00047606565178860276
0.0002075534203714522
0.0012230870532622359
0.0014230323839616013
0.001584587137325621
0.0012182619232060635
0.0013087388088193629
0.0037556124950436837
0.00279381231627946
0.001987507554544293
0.0016665074282561972
0.0044121005616055255
0.002802284155710494
0.00408561734788861
0.0029780666040063668
0.003935784830967282
0.0034612274056413637
0.002674789448135814
0.0018147621863988462
0.0009491238712885672
0.0015897854558735028
0.0018822372713940834
0.0023699961082404297
0.0016315274008808
0.002268290603089013
0.004057564753009313
0.0012637843737496946
0.0012907297668671596
0.0027939839394646735
0.004199627879901354
0.0026770991369922236
0.0035761310625970774
0.0028587058262615796
0.003747572224202878
0.003599794231509384
0.006074452333792397
0.006188007382069047
0.0033642552467202267
0.004713604167827157
0.0017142341898967197
0.00016916777415370838
0.0012229426552099177
0.0025922299182833566
0.002393332808470937
0.002695060044871347
0.0021425418841988946
0.0015418464820557008
0.00280932412112876
0.003557052068013215
0.005065706543760423
0.004876833480736582
0.00403489568443505
0.0043610034750312145
0.0047653355894823266
0.005024296197741956
0.006551551775084544
0.006851464213910395
0.004158607159075609
0.0035166904886209296
0.0038737307051069886
0.0020765702858655884
0.001698734031672758
0.0036805813350819687
0.003222481596190265
0.0032960156166592044
0.004646178020507658
0.0027900121859126955
0.00466676656216382
0.0035460752455078823
0.005221425669776104
0.005209073445226179
0.005370712421568664
0.003261656864003751
0.005374470609432286
0.0063865922076495295
0.006707703217009097
0.007216257731435822
0.004974463211414692
0.004274452619477571
0.004531272052254204
0.002573152034118269
0.0019967732117190775
0.0023294930094776116
0.0036224483571913094
0.0037788513524853722
0.002376185647865295
0.004019401216289042
0.005004710411677188
0.004796910358083092
0.004765868552998343
0.005047791761456276
0.00442482040422559
0.006371559759537857
0.006465152908073712
0.007092909162715787
0.010454838708292865
0.010550567507481883
0.010131889865487045
0.00385653180024063
0.0035609103590482872
-0.00023534773374517262
0.00027837853818773865
-8.829639623486488e-5
0.0025852746902524913
0.0033915592281295146
0.0023037246635903424
0.00278848465970111
0.003541063867118015
0.002916247939116731
0.003883883334362451
0.005121999565889577
0.0042062576784695676
0.00829194869048809
0.0107477561234804
0.010555603833054811
0.015915041429205294
0.01801277514245316
0.010972014223007098
0.008072232766361999
0.0018604731655070834
0.0024650035564837643
-0.0016511623099200298
0.0026247462100929624
0.0013381335077483993
0.002409872803343865
0.0020690533598132534
0.0022494895389282726
0.0030096142066887723
0.0041080707585136
0.004583938053456597
0.005859338758927522
0.006365512701348634
0.011622929925657638
0.014922630597597655
0.01703938870162165
0.03305219749278698
0.028159317308379554
0.021766310719063285
0.004195529634487746
0.003455730187003181
-0.0009656070027745124
-0.0020560473544894396
-0.0009740912438369052
0.0003244514812957464
0.003033791417478987
0.0012910650525794478
0.0015220893634698526
0.0032616166435420245
0.0033548877434636764
0.006613543621722339
0.007736735357582902
0.010178867028796276
0.014557413727254723
0.019437333655019193
0.02096546828505445
0.0535608123719572
0.08076284668217042
0.026391017242168923
0.0010786275718538683
-0.0094852101065855
-0.0053684185138012375
-0.004667053469019268
-0.0020326191163923314
-0.0015400130967553017
0.0007749586166970659
0.001640192618346625
0.0008127715327334071
0.001793412012260713
0.0035578860207270005
0.006225611536024422
0.010268207480880687
0.011600774394839192
0.018780693894549113
0.022056828334394346
0.03979872117656557
0.11147134153985372
0.16954880776410186
0.03226017133216664
-0.03721990709763349
-0.022704271887936646
-0.01834132964430278
-0.007240453243001398
-0.005342336162733947
-0.0011751159588059333
0.00012951068101262522
0.002094629049430156
0.001655879820097512
0.003432770740620922
0.003927895585550663
0.007454999543748996
0.011246098626095415
0.014828649286588717
0.02047024322530054
0.03515605774290584
0.06042583816032493
0.1913479674904256
0.3585195421979215
-0.31867328332104344
-0.11708911412201198
-0.06835119987471631
-0.023862137231561782
-0.014916017466438437
-0.006333508236401366
-0.003434568190017733
-0.0027048938849665114
0.0009429696686883214
0.0036650101448966353
0.004902839363471937
0.0033261112236691913
0.00463195592138646
0.009312952684695935
0.011974433662743459
0.022174210649760235
0.031648425667050034
0.08944547196178972
0.05439866587455853
-0.35876236328892547
-0.30929899276376516
-0.16091885407625067
-0.05694529838955345
-0.034542453472458545
-0.014729076970901653
-0.00896124608323965
-0.003476111115300744
-0.001991250478788693
0.00021678024313318196
0.0034954410731198615
0.006359556955986496
0.0033904633424848983
0.0035557101256220337
0.005300894823229795
0.009468194890578744
0.014367139648367073
0.027873634830876463
0.03878285725349378
-0.023741919692565863
-0.10407365077562811
-0.15476133908790957
-0.08673437727094938
-0.054231076587474274
-0.021828571344352517
-0.014254622042698367
-0.008935362807557815
-0.007792754737597945
-0.00330186331511053
-0.0014575112538408432
0.0011662871524484584
0.004686306267777639
0.0033433547892739637
0.0033744885099477717
0.004440060154688157
0.007478946193851382
0.010878902855565255
0.008201630097009473
0.006849442348171619
-0.019441623308960914
-0.06359942473149252
-0.05595068211551203
-0.05456398405665023
-0.026688275515883687
-0.01997083297845506
-0.010253044614891014
-0.008011613003191035
-0.005627322234776177
-0.002826347917410441
-0.0007021735607167787
0.0005895008063852658
0.004084828993889847
0.0042562460505613945
0.004078735983574659
0.0036681256260187537
0.005885712350624968
0.00458872009846071
0.004179223377350974
-0.0067238108533763195
-0.015250410338475143
-0.02246900585752698
-0.03237808319593265
-0.021631116953840124
-0.0180798999882649
-0.010264953604858332
-0.00791846111185744
-0.0055140541513154845
-0.004424420831175531
-0.0027578279113700524
-0.001056942872581444
6.340399388325646e-5
0.0010462278402350049
0.0028483170086771037
0.0032308851781820565
0.0037790958136677683
0.002986907525275386
0.003293630775270535
-0.000956425923831008
-0.00281327977736509
-0.006538793534942467
-0.014082874452792358
-0.01322096470767018
-0.013897120836258315
-0.010079383962364666
-0.006149922690973277
-0.004275605709536575
-0.004691688295145367
-0.002947406689119493
-0.001334942744539239
-0.0005913696725739377
0.0016177329298024184
0.001597451279646975
0.0007948172891514527
0.002633838520016898
0.003471548752146828
0.0033697344666940078
0.0037000506961682622
0.0021352559496654344
-0.0011421271648933435
-0.005700756042707808
-0.008410576806755934
-0.008777534644378636
-0.00789589740257307
-0.006390646570505302
-0.0031659536991249107
-0.0029372211165096408
-0.0023322416460850536
-0.0017083056818588732
0.00013806478110467744
-0.0011322415207817378
0.002178296819775398
0.001979469929063958
0.002091909281446963
0.00014041942580157257
0.002033820410015736
0.0003971037920542718
0.003220417522238314
0.0041195471911114195
-0.00032466808320162594
-0.0006424561965927419
-0.0014492022043914973
-0.002492217801908364
-0.0032475852604214833
-0.0036152246347780177
-0.005537132815564476
-0.005487411243294778
-0.006363682525003217
-0.008185140263652595
-0.010789984789150556
-0.010508615588399692
-0.01052348843112978
-0.010690066322310638
-0.011357628775592338
-0.009445380456633796
-0.007744081900402767
-0.0073125061091238175
-0.0045152114307149
-0.003547773539524653
-0.0014214775741157918
0.0008746739653852329
-0.00168753999852112
-0.0017136823449575575
-0.003065255268946017
-0.002915836223379501
-0.004891701211549829
-0.0065410557482564816
-0.00796480835387391
-0.008891329955792488
-0.011717794526952194
-0.010862160438373389
-0.012020768310861291
-0.01184942849315978
-0.012022798604577655
-0.010251634924649382
-0.009543736048825538
-0.006522313709211248
-0.004722874517468263
-0.0014182496917510138
-0.0007508466180528643
0.00330635984177581
0.0020597600365077984
-0.0002584722115428411
-0.0018195946492780728
-0.0014621884112724845
-0.004022406273097041
-0.007287950593559135
-0.009030806795194631
-0.009427100057983896
-0.010942539378128627
-0.01200967129166005
-0.01258773952765462
-0.013364918257477052
-0.013776998907724129
-0.014175988353211974
-0.010242455222123067
-0.007430877815070151
-0.001306464203897044
0.000511904770388049
0.0031989722790438085
0.007452477115420304
0.004489293359874896
0.0025590415196383456
0.0006113477548938298
-0.0009033644895430168
-0.0037600648531795964
-0.005940676415311593
-0.008501088338652672
-0.008874385608268361
-0.011285060061589403
-0.012998424308189108
-0.016179699438154522
-0.01606910006591176
-0.018478319661336194
-0.017621833106548728
-0.01684572395758746
-0.005651219992419294
0.0009531673448605333
0.009812686411162013
0.008046323472385082
0.01300473925206987
0.010317876028707356
0.004885371704365681
0.0031978040650790427
-0.0008476648243918603
-0.002167083990743438
-0.005741188250112953
-0.008064313845646104
-0.00965037885269969
-0.011653791338117779
-0.014132666979176088
-0.01707004598338229
-0.022454809655485908
-0.02428840790519676
-0.03010221214846604
-0.02183491523277886
-0.013669118734710791
0.019384491871225776
0.017796179279656245
0.02049350486881376
0.026217112804045154
0.012807916320626654
0.008811007821761705
0.003902017831048902
0.000909805025170701
-0.0010299727165156355
-0.004187883561899655
-0.008552251999961187
-0.010028176837288858
-0.012843513981427407
-0.01576600185987928
-0.02121613219117262
-0.02592221893684288
-0.038106981767355816
-0.04172879388150615
-0.061196266885711594
-0.0037226789046998377
0.036653322648953594
0.05942711013912291
0.03368393967515078
0.03327383976666805
0.019896488918677544
0.010484436566022121
0.005617125329398616
-0.00020697987625614415
-0.0026587069026107234
-0.003354905484339598
-0.006665227625703147
-0.010088675957864102
-0.014320983757057093
-0.018454470120809925
-0.02320808858007653
-0.03529833980995656
-0.04839187917974251
-0.0853107561818806
-0.07938699384095461
-0.1789786263790376
0.20056970791551718
0.0971351726949143
0.06998361556414877
0.04506302879665155
0.02062576307180565
0.012526258133071816
0.005302419551763873
0.0014836584921383523
-0.0032371803546970192
-0.004060589978517972
-0.00786439144100508
-0.011054828099824091
-0.015824677797718074
-0.019474824762120663
-0.02635559490060063
-0.03690401486936463
-0.06640761639991842
-0.10169809826090338
-0.3151135059069581
1.9591484693749375
0.9361382319875302
0.2530691184003814
0.0730586233189511
0.031823415262092924
0.02032649232886104
0.009620607648678588
0.004807338297798936
-0.00010830827121252905
-0.0031078170068862252
-0.004651750373747928
-0.00640847076029856
-0.010612758201402483
-0.01448716681705589
-0.02023610424304175
-0.024763522728555996
-0.03865491036388381
-0.052163933037286454
-0.10212388480556878
-0.13669105234429138
-0.20401098100672974
0.19782586902431104
0.07207829536412545
0.06203350861233907
0.022357731727864136
0.01288762426405009
0.008021300158027864
0.0024031938508386067
-0.000845379557461556
-0.0032014407293575018
-0.004979324154235746
-0.008033948882387978
-0.010032379519227825
-0.015028415696232424
-0.017828066161375784
-0.022482484198894988
-0.029463547630522675
-0.04463428849640295
-0.054409347710879984
-0.08598876294643112
-0.04652552491602009
0.009428505803006325
0.04674388976509278
0.02905081628075297
0.010773727677412833
0.007652727143002973
0.003402776129471305
0.0021614118350198877
-0.00108774485166766
-0.002782933756188109
-0.0057915976582315265
-0.007395397456503266
-0.009389306978156785
-0.012671296415531823
-0.016651238164356087
-0.01970145401796744
-0.025084912057519154
-0.0284967737806407
-0.03724084141630945
-0.03512734211449122
-0.03156466452716957
0.003929705600932742
0.011594629999897896
0.015903499684707688
0.006112519648139428
0.003959662122174979
0.0012794659387784053
9.603167234982239e-5
-0.0009000775964432668
-0.0035031735392520515
-0.0053466746355797
-0.00726716443683745
-0.009476395205212746
-0.011245999341579929
-0.012928135532176567
-0.01669532825237353
-0.01765394785448143
-0.022839964995691204
-0.02383193984178843
-0.02460716929429077
-0.01465750355038526
-0.006341255261824927
0.004710306376282444
0.005010635374291932
0.00030660195296420244
0.0005412828882802877
-0.0016522013404177273
-0.0016283216583949248
-0.0025664323144080118
-0.004062417953667395
-0.005910339127312819
-0.007484561053593873
-0.009712289627361306
-0.010926168730923282
-0.012892361402744554
-0.013922305807004366
-0.015327546186062269
-0.014785973775738094
-0.01857633309253858
-0.015006807154107746
-0.013419140626274603
-0.00602472479361519
-0.002338958869798404
0.0022424349142260614
-0.0008113802841964748
-0.0022665079112859825
-0.0015158883235062807
-0.003234622105257723
-0.0041244971891755255
-0.005431282595116717
-0.005733936463574943
-0.007212185137897868
-0.00955125392496797
-0.009740489899984545
-0.010259132969219063
-0.012626294381872192
-0.013582724260593402
-0.014672785214869212
-0.01339618039560224
-0.012297387327831361
-0.008754380470412836
-0.007033844871490298
-0.0030190483794230883
-0.0021776996329937984
-0.0032284286986070682
-0.002389141397147309
-0.002942486714321905
-0.003805326557894814
-0.004226833834130903
-0.00483543596402139
-0.006614431263189418
-0.006045754192198192
-0.007602914839993106
-0.009068916561348934
-0.009543034451539761
-0.011233417998214323
-0.011975480568177786
-0.011527450713762802
-0.011831132133204218
-0.010865644529352608
-0.009621605921197844
-0.005165210507477922
-0.004763507732052813
-0.0033215130687256358
-0.0032657132067830707
-0.004316206629892878
-0.003798033453107576
-0.005276429304019426
-0.004721290453546515
-0.005817161348814774
-0.006245962427787061
-0.006311373355476954
-0.008069361271722555
-0.009561070492647273
-0.009021663760612333
-0.01072160042125757
-0.01114349070162588
-0.011120551001445914
-0.010193033103053764
-0.010585896290460804
-0.007402571894215887
-0.006452367240925523
-0.004566578422281477
-0.004048733635125032
-0.004165898112068447
-0.003783864083102794
-0.004418015022523501
-0.005620623950695101
-0.005578050112429842
-0.004606624474563518
-0.006669293668139206
-0.006840736767181384
-0.007910360501172995
-0.009274140953435145
-0.008627397702732718
-0.00988993724636725
-0.010329177612003417
-0.009256806447549035
-0.007989148025239522
-0.009773629201711919
-0.0065188995168531695
-0.0068294921106284694
-0.005601447891203155
-0.00524788630835924
-0.0047191168475765755
-0.005315657726877572
-0.0042053990798967536
-0.004599486238119109
-0.005684490356593713
-0.005256444399525963
-0.006757835336713165
-0.007235266202415654
-0.007034257408616148
-0.00878457108522013
-0.00836953174635998
-0.009273948315563453
-0.008458124130398393
-0.00986710223259287
-0.009690124319692066
-0.009592664653817471
-0.007095694093136957
-0.006388908043837672
-0.00444574102469205
-0.005655689815312627
-0.004900652181337914
-0.003927006636283927
-0.004620869966121116
-0.003520025605332488
-0.004575140755984438
-0.004836280983408987
-0.006916357092537904
-0.008245571322714185
-0.00847859127740819
-0.008729606046895353
-0.009105633960447074
-0.009464491776039424
-0.008841310331671416
-0.010207184773111264
-0.00962716977379364
-0.007187342307865495
-0.0070193640169679055
-0.005987890500274154
-0.004992013347412758
-0.0050030575371144805
-0.0027374939926122343
-0.0038711739177862466
-0.0032593728709452087
-0.004084049337610569
-0.004075819865433917
-0.004644460326691922
-0.00556124672001414
-0.00723674365256015
-0.008507390690511022
-0.008992796986315296
-0.00968263912620252
-0.01102168085396519
-0.009776434601388861
-0.009828811157424925
-0.009088655485874616
-0.008743536436690683
-0.006519597337097475
-0.005580514453077889
-0.0038522800140471333
-0.0033568385199847406
