0.00017377354496160775
0.0013805888677026594
0.0005255722668811076
0.00015472795102021176
0.00015976220653758763
0.0002487780404274835
0.0017417888570079166
0.00037760609900235823
-0.007330230770465555
-0.0037079347992491746
-0.0036660408698394806
-0.0025762102007833333
-0.004319955311749216
-0.004745039256471539
-0.0038119781933441716
-0.006159550967600135
-0.005680943911544556
-0.0041119327073065835
-0.006114979937445709
-0.006791173443590851
-0.008135040029765832
-0.0075174164719330515
-0.006861827721075585
-0.006591366850472512
-0.004302621982743397
-0.0017784978088944297
-0.005076420366633616
-0.007031605433409139
-0.005236821286570671
-0.00207472395766793
-0.0005918959468264542
-0.00017154220033310048
-0.002026855360932058
-0.001562278323903195
-0.0036673276017829826
-0.005548466475502703
-0.00462833230672361
-0.005614568549431249
-0.006591203266913639
-0.006921323752487397
-0.006910878209225484
-0.008312214097277953
-0.006108548569857526
-0.005670562603682993
-0.006664487973524086
-0.0030927511347137605
-0.005467318475773789
-0.005583286886725934
-0.0034903036894462953
-0.0007966161275735454
0.00030634209448820814
0.004083948071546655
0.002973601478818046
0.0006553492204547574
-0.001363064926002295
-0.0026924522400768557
-0.002905701915836514
-0.005262070424122991
-0.003951650194436509
-0.005949247391141807
-0.006091232817344904
-0.005917512400833236
-0.007414833104001169
-0.007589898089841827
-0.005037897792364312
-0.003206901894200825
-0.00407969160440911
-0.0014201223110538723
0.0013611734905049856
0.006033050770331244
0.009888782693795102
0.010363536715088714
0.009524917298114471
0.003324267879661582
0.0005459745379007703
-0.004379077048616915
-0.005149182304245884
-0.006294218917054235
-0.005713889377233608
-0.005139038228480948
-0.0048033064858539355
-0.005195724657620122
-0.006835979091512358
-0.007105536792574706
-0.006890611864331584
-0.004597177115582881
-0.0016639648810648946
-0.003610774743104907
0.007968581361840013
0.015781621144946727
0.015689256732858085
0.02255791987676296
0.014318729705292577
0.00945107463840287
0.0019243704731000222
-0.0007234756747786457
-0.0036166805729371905
-0.004247658243432965
-0.006279186379763342
-0.006947643124003453
-0.008339433626896571
-0.007480679318796658
-0.0064881239268043366
-0.006159276540151961
-0.0060315283264873515
-0.002247765146671936
0.002514121359495108
0.0032963760498552525
0.020589953789867915
0.026763561496412014
0.04339503606585542
0.04219529505038392
0.03624728175302117
0.010962715935364544
0.0051962173990632585
-0.00157442942243786
-0.0011868452063874305
-0.004720409171124629
-0.005465732990492888
-0.008030943330880669
-0.010533860052359784
-0.006248368182934795
-0.005727256228455536
-0.006638808670998093
-0.003907018038056781
-0.001846539388317997
0.003735033351501578
0.009843873342459153
0.030467446240381904
0.057310581153193325
0.0731649343310131
0.12105470979068282
0.04992438339183129
0.014723907533439178
0.004592344373032114
0.0019263658512951088
-0.0024164634498932366
-0.0034379593816618835
-0.006381317287656775
-0.006446578366164474
-0.007090255276078316
-0.00729151260974743
-0.00591284950070788
-0.0024930969882768876
-0.0015425649913372757
0.0012906214156228894
0.005184755048054894
0.016965022550703583
0.05501378733801557
0.08382467958989137
0.1968338483049576
0.3186371687579492
0.10998482319112554
0.0021616084929485316
0.001320157024502627
0.00045437892387281545
-0.0024925210468159306
-0.002855585411549467
-0.006053442390915894
-0.006170280884690777
-0.005624719693324439
-0.007291342480934438
-0.006885793597266781
-0.002865989348060689
-0.0011262318388350425
0.0017148238458064818
0.010774808288109916
0.022604072752300353
0.05391894537421376
0.1446082376259764
0.44215579259848165
0.4175699366230686
1.0167258766437433
-0.0061954831272116335
-0.015650173139086208
0.0007083249089486533
-0.0027156277414290314
-0.0034506442640833647
-0.005048226604859515
-0.006097520080330566
-0.006837507964456201
-0.0070667239795190444
-0.006323745357310126
-0.0031721939871979673
-0.0011360824607049799
0.0022571769023167583
0.009676304487881128
0.02751381706870725
0.04435853384647917
0.06938007400014133
0.12208000887192448
-2.304952728808552
-0.08730942124464237
-0.04207278175355134
-0.0053055275416500625
-0.003754604981358411
-0.002204529815084671
-0.002939100283103121
-0.0036961132228858595
-0.004319979198597776
-0.006872433890996443
-0.008646526257357177
-0.00785806902030623
-0.005727429918328153
-0.001514592960395161
0.00024242860038324002
0.00819310035840603
0.019897214171951443
0.021122482488451236
0.051943371678162424
0.03560850304672923
-0.03761319770365429
-0.055041729898056765
-0.010300053301271067
-0.009835078668124815
-0.001676949497329275
-0.0036401164641860543
-0.003812755939045505
-0.0034432800599734797
-0.0044342994828271325
-0.007572020691621646
-0.00991128434271655
-0.008832093819097312
-0.008511653020696007
-0.003665043259064789
-0.0007091226841050171
0.005992003342035409
0.016276370822842553
0.016104135686238516
0.020570950051375957
0.02160423510195037
-0.018916779624719944
-0.006091720480971796
-0.006596557294790027
-0.00018672564612365458
-0.0010303524768217557
-0.0007730621342669215
-0.0019729541320615495
-0.004307224609064038
-0.0071284462011521246
-0.008448951783272084
-0.008175346580641693
-0.00976333712055644
-0.008471386727302188
-0.00517489383616466
-0.003013861715731213
0.00356471898915471
0.0103383656728156
0.007662226027848403
0.009375569702865376
0.007884598899928263
0.004630665810266806
0.0006777260798481617
0.001251945037803406
0.0004763676795254238
-0.0003955608608864363
-0.002032307548000221
-0.002202714259566502
-0.004789787929247839
-0.006917031709148455
-0.00792398067520777
-0.00680122152015901
-0.006591625756783453
-0.006795963320851999
-0.004978303094419607
0.0003876742224325359
-6.286054212616821e-5
0.006053917321578661
0.004048889069512763
0.0029087163516726476
0.0056238915215338844
0.003504160936377097
0.003100992894092051
0.0009678025707035979
-0.000589174680287153
-0.0006310696766439241
-0.0021966913098346178
-0.0015338754817140307
-0.0028327722817222583
-0.007178428987418325
-0.00956171597159251
-0.008519612444344788
-0.005489430788199156
-0.006581340983454063
-0.004113890864569733
-0.000743354700368045
0.0009185182161789508
0.0014885909926326396
-0.0009452158735735036
0.0027707651481343023
0.0040413434555455485
0.0023050849830272718
0.0019392577639731601
-0.00024082217938199094
-0.0013834511481640897
-0.0010950406641190198
-0.0037644553630949255
-0.0031485784612813057
-0.004769557956312612
-0.005244823439576829
-0.0063369746512565795
-0.006695170492471738
-0.00633491396878748
-0.008376601391952135
-0.006366598752860768
-0.004820022903443324
-0.00198934240866121
-0.0016139629786431887
-0.0023136876288620653
-0.0014051992956136672
0.00039856733829061797
0.0008706225084956687
0.0004106143437239394
-0.0006944126254013058
-0.001975805172398501
-0.0031617285917220454
-0.003985194417203124
-0.004722587787807341
-0.004805010706627099
-0.007408570082435831
-0.007360541372990363
-0.008465494231835412
-0.009512980606941774
-0.007546381505432452
-0.008707848364094014
-0.0043870325696421944
-0.0010833201540197176
-0.002885337698226397
-0.0031893172283002425
-0.004240955904741304
-0.002197514193246451
-0.0014997181286184177
0.001926579266180774
-0.0017872420090105606
-0.0008211640111525586
-0.003644797011106279
-0.003279050592884213
-0.005855693575582158
-0.006245970603480831
-0.006471790164253808
-0.0063127622385852795
-0.007942100038773684
-0.00919654963281933
-0.010087556478481445
-0.0066231215846482465
-0.0037117148980935436
-0.0035264576130505446
-0.004466118470791139
-0.0027176658660612585
-0.0038974296317292067
-0.0016942706236663635
-0.0013425149317846284
-0.0011705358795752903
-0.0020403187605761864
-0.003924120724775649
-0.004020313697402451
-0.0058459445037870525
-0.008900095976703359
-0.0055739292122659245
-0.007672247520755527
-0.009306806250471242
-0.007078196847621939
-0.006139983614209678
-0.008087135824525561
-0.006657432169679798
-0.006629406555531502
-0.005124066773927821
-0.006528264762804595
-0.0030754552871274468
-0.002349804121016904
-0.002900148460248683
-0.0023095347138835853
-0.002344140089273125
-0.003072983972230479
-0.0035438345501465876
-0.004299120347609093
-0.0068522695080449865
-0.006717261458046931
-0.007701295977977078
-0.00721551533961752
-0.010967378345745562
-0.009132857175692755
-0.006692418294900362
-0.009912849139155563
-0.008305692352320529
-0.007749656557553867
-0.0057655487233578325
-0.0037913906040840137
-0.0038474902770964884
-0.0034616761811942565
-0.0026272217196324503
-0.0014370907261298989
-0.0005006965980097056
-0.003426445822836257
-0.0030328766754148732
-0.005700490973495451
-0.006452141638468036
-0.004568200189150244
-0.0057989137820550225
-0.0052832710007626165
-0.010383136269497403
-0.00787652789445167
-0.006765790009464954
-0.00861359525499442
-0.007016766456897675
-0.008669939181217754
-0.006864941891550415
-0.005129123336102002
-0.007523599250362996
-0.012916888699123316
-0.0056567249297295695
0.006045248759492991
0.019292110028675955
-0.001852068954632673
-0.01346299717579583
0.03254184942193779
0.006157435991708314
-0.03020946843591535
-0.002263971373580419
0.004631561190524337
-0.008465313978307586
-0.007112428272845506
-0.002256048480808843
0.002427586758418282
-0.001881629100526444
-0.009161200336766963
0.011839918010417939
0.0035788899856883903
-0.020523439061203887
-0.007743162105837536
-0.0025833028503824363
0.0001633603738940021
0.01118119981498447
-0.00529982509126789
-0.011813868300328708
0.008256090603797908
0.008843169485822231
-0.005597845216204286
0.004272642762901074
0.018369545354666113
-0.014372253955498293
-0.0072663614993843
-0.004618415007910506
0.010062722494551368
-0.0025960308906917734
0.010303879714573411
0.015492736899162005
-0.012694240471400662
0.0014023394486753367
0.004548753368416943
-0.018190355839881815
-0.012321769536511642
0.005506028703762699
-0.019198812156655885
-0.009042868604927
0.007966062272922564
0.009937410632271462
-0.012321835299711134
9.222847875098826e-6
0.01979900941908733
0.005239025028619243
-0.003558920755080932
-0.0028100154988729624
0.0066423461084939555
0.0075248759329417155
0.0062199715610370765
0.002138031534091058
-0.0030377278688644704
0.023466650025586247
0.0030122351971540997
-0.0016114151820031879
0.0016640672984571787
-0.0038283054937950306
-0.004577606777816011
-0.0054247135908860305
0.017721148218588757
-0.011373390718237498
-0.02671133375755663
0.002314164831287001
0.009902839443352027
0.011093124689009626
-0.012985475838444564
-0.014537002678549144
0.005385897063050043
0.013429967313822996
0.008111816292078144
0.003117049224159289
-0.013261309859002623
0.012126123045728791
0.009790028957981863
0.0002883229355112398
0.0011301056772429817
-0.006880508468020736
-0.014141508100480059
0.006244266010175715
0.018974932507280627
0.0014860789758621429
-2.337002245338289e-5
-0.011861914164225159
0.009264723238304774
-0.009917484102865741
-0.015600814889292785
-0.008609013994016408
0.013705763996362176
0.007099507173260877
-2.706148075060544e-5
-0.01971118260845765
-0.014793102109057876
0.0185217675753875
0.005055191646209305
0.008698557981429846
0.021952029420856046
-0.004031873325925536
-0.012716613031259314
0.007213345240435145
-0.00045590040951118394
0.010176067805456804
0.000917656893724838
0.01384305694187701
0.005930389680406574
-0.007779461797725147
-0.023994030315534886
-0.0010090401101049066
0.011036440141154383
0.0174641716067423
0.009539937651680055
-0.006719625920263336
-0.012866318639753837
0.004787904180117457
-0.009166188980103044
0.003095587331489809
0.023976933778012785
-0.0028721890229761226
-0.014866151432439112
-0.0022865902321420528
0.016541304537571057
0.008813441820821031
0.008832291544959502
0.008853900459203298
0.004794814865081364
-0.014248782421309055
-0.029882452787283777
-0.004014640130093276
0.01828529769171296
0.015700732284172614
0.010603005849758523
-0.01882333800677847
-0.019064600869975315
0.014405295784218473
-0.014084557394290782
-0.01099320863382207
0.01752516514938167
-0.006819679100790961
-0.0329145850400591
-0.001567113852386694
0.001175262523869929
-0.0037081591549859216
0.01790858161339341
0.011237065984036659
0.0056528755743936055
-0.01240586780327663
-0.0018002704389861804
0.0035623806088133396
0.011949073380304697
0.007414302389384554
0.014850853693392983
-0.01179487495928837
-0.002878429307088202
0.00851283409303206
-0.016056631465003114
-0.014515532085862542
0.017611911167297618
0.00158476615427011
-0.007772070506797836
-0.017506866618354173
-0.012996380379246638
0.0012595119781909087
0.014029568915263562
0.015560429699015249
0.0039799702344256
0.006434669787402552
-0.01940016087556207
-0.01325696006007409
0.008089646925288687
0.019611918253334387
-0.0001247078352652206
-0.015071271917064796
0.0010029777652673217
0.016468430925515545
-0.0033008992077441113
-0.011139614003651075
0.01906068793028408
0.010176869940687058
-0.005029508822432596
-0.008593985474063731
-0.015552041062343324
-0.011362421707822543
0.003753262162112186
0.005504230578555876
-0.0014261934191764926
0.010666126182971932
0.01047899556867584
-0.009061785540970502
0.001683240954677346
-0.008396704128395526
-0.0006825490275168398
-0.0030272033486472994
0.004669759381136989
0.01559961037218325
-0.001988806074792796
0.003007090182861152
-0.005272502479992539
0.01090177591044203
0.00942241847706666
-0.0007193995107860614
-0.010371597543271886
0.0026218024242650045
-0.003113932476973252
-0.007896611823383547
-0.006521869164664804
0.015872139376309026
-0.004352902701434247
-0.01648962184739502
-0.001975107641175913
0.00831834472416861
-0.019222595771610097
-0.026103539904193566
0.004242822377784275
-0.0003197260533067353
0.009770225141061675
-0.011287658813048572
0.0015712742039971053
0.02108757007220843
0.0005238436961608761
0.0009400784428162572
-0.01608519798038842
0.015284690089054321
-0.0016585075976793563
-0.019084795690918775
-0.018884555727837364
0.013637289594861698
0.0007699775353344288
-0.008383621933594548
-0.0014298355632494228
0.017884979833101486
-0.005337144436386661
-0.001305060340329069
-0.007251123273194545
-0.004746269755699223
0.004235451631209005
-0.006476793565519093
0.007711814227746799
0.012431437072701662
0.008108184918042681
-0.002917323435546589
-0.004953117516603529
0.013238697177112638
0.010259608224373275
-0.0008054433403833186
-0.003966134801455391
0.00301985253033279
0.01057098136298355
-0.014785333458450197
-0.02280867302778383
0.01767901205918389
0.017227971252456547
-0.010341349398464846
-0.012017632399025488
-0.010937173792765384
-0.009507575378488748
-0.01565280081868385
0.0005073679878681088
0.026532394537617097
0.016716516846754292
-0.014946966300590449
-0.004997544495452396
-0.005830041214431321
-0.008395758753841132
0.006173042987311448
0.005879796729830299
0.004948411163733006
0.023544340825755516
-0.014887572832395645
-0.028231198897181432
0.015050677524797574
0.018929806272058935
0.007425794936216859
-0.00321722234328218
0.0029921845198687467
0.00754805643842647
-0.03229842596192696
-0.008084518045499246
-0.003971247765362654
0.00582423222378857
0.018036216061565375
0.013222989742113025
-0.006874912971183967
-0.008457691090188667
0.0002186741584455764
0.00022050256865532598
-0.0034725450365730983
0.020898517960175608
-4.5416610194307355e-5
-0.03764086232876856
0.010534662507502715
0.01177717272430315
0.0026996971554549233
0.005501270790526251
0.008762879222174468
0.006954128776237944
-0.0039301545773191325
-0.0013619681052908078
-0.014994747721114858
0.010252321244562225
0.002679093532530827
0.010376777466461639
-0.006094226122275412
-0.02658736124033633
0.0020523669423599426
0.009796213850227
-0.010739698116139671
0.013498391689853445
-0.0027104233385387075
-0.014909845080004267
0.01298318892644167
0.014048971707931044
-0.009686450160422452
-0.007783515839910429
0.008639056075469762
0.004752199231534189
0.003710261598359173
0.0026763592333707846
-0.02166421906440122
-0.024525928315866734
0.007897400511382097
0.028385386397104116
-0.009283585360201073
-0.02707892413797258
0.015855634206327598
0.014842312879636067
-0.005340795352680161
-0.00640294104450108
-0.011469900514676851
-0.007475539265600261
0.014077842539490681
0.012671880563010053
-0.010877434916891367
-0.00998302625084053
0.005090106035295122
0.0017328685105781013
0.013226068661655177
0.020717435334080922
-0.007985970700225272
-0.0214821559423978
-0.014065552939134881
0.0369426520090677
0.020225618408919087
-0.02302677642950085
0.007352856214494018
0.018290343573114397
-0.0053913615779202775
-0.0004761660268196013
-0.00440870471997395
-0.008206396670418337
0.014825597755233951
0.0061071594945874275
-0.00689473656560809
-0.00886117991649078
0.005646381421681988
-0.008800748358861611
0.016559853932635267
0.03142924263539052
-0.0009228523866760566
-0.040153997934895595
-0.03639038905704275
0.033102703809002536
0.003621313892733266
-0.025513948784122033
0.0013105771518690948
0.01960274062663587
0.005752424759484792
-0.0038394929172650134
-0.01462439734869208
0.00920515335996095
0.0060455377391816474
-0.008003423515072359
-0.004241196495686755
-0.0055597325396712725
-0.011550115026545632
-0.006682399979399188
0.01383815670294224
0.027006745708045864
0.022347698624690403
-0.01184676428778611
-0.021554772799001892
0.01695764601633863
0.013297408169028985
-0.023123859082444565
-0.007460889942589654
0.010490377812765003
-0.005567271492437013
-0.005075331555320835
0.006638333135107626
0.0035260360488013143
0.004405569705209668
-0.013839611199979486
0.003426833080068527
-0.003989632491100924
-3.647976092476413e-5
-0.0007744617231000841
-0.0006890566773050087
0.0005128415516217221
-8.52852256194773e-5
0.001688259129586593
0.000633302559194818
0.0013432232241742412
0.0026613631139361473
0.002279408328958282
-0.00012583667409219975
0.0007490175133636213
0.0007870923869487339
0.0001615377155528713
-0.00025237462117646045
0.00017764863053345117
0.0003075850475427617
0.0009692310380301603
0.0011104575307622731
-0.000830271970010899
-0.0013248743470925582
-0.0007211601293041024
-0.0015351636347690062
0.0006788094358057403
-0.000626480939407221
0.002177127196032358
0.0013339449184494733
0.0008000554326033207
0.0014866085502583377
0.001918586776502563
0.0020957857198256316
0.0003674384206976812
0.0011268644118470788
-0.0005177232234377994
0.000279400755453249
-0.0005915193881994673
-0.0007549342130883248
-0.0006027330634504031
-0.001028696246794093
-0.0006722131704386045
0.0001500002271526623
-0.0013711255617929572
-0.001723276337288087
-0.0018298728294763337
0.001210536989986989
0.0019107212137390367
0.0023718228689249554
0.0027468158992414297
0.003041847372162697
0.0030457333938344756
0.0014306486820456529
0.0014727927196856246
0.0012167251226250725
0.0004383453731740256
-0.0005432917341458348
-2.207089319508911e-5
-0.0003468502105715367
0.00047111108889115596
0.00025754722057218693
-0.0012183939834010814
-0.0037914813371738324
-0.003933005624554711
-0.004066903336270723
0.00040646406263026235
-1.808422484771209e-5
0.004430445571551929
0.003360047455012394
0.0031330152109956383
0.0017629116559542933
0.0011647353620651917
0.0009687835725727602
0.0012970731759150522
0.0007004170627790316
0.00015931391455480272
-0.0012322625089677124
0.0001002084308357048
-0.001314757317436859
-0.0004620142282083776
-0.00201381794714297
-0.00282579136175693
-0.006337969444841456
-0.010737797393826265
-0.006165449184879051
-0.006503732775379748
0.009047315349744805
0.004597649918514007
0.006955114746330944
0.003511117536343935
0.003527735807591648
0.0018304626382699791
0.002846651350070002
0.0008327228766973462
0.0017978758002233073
0.0012988193322006826
0.00036942931248570723
-0.0007467778315377936
-0.0003062906099992817
-0.00040529700967269894
-0.002333903052636831
-0.004598690363139605
-0.013695096282252912
-0.01721073992274272
-0.023765151750215832
-0.004864385260509239
0.010873471283938157
0.018176254726824565
0.008736759898398736
0.006682008911944658
0.003391866849205099
0.0032094746666578313
0.0015436331875617517
0.0014574393914795138
0.002040432150896696
-0.000140450106384604
-0.0002994941057396898
-0.0009080731677478374
-0.002287731002981729
-0.002620786142376832
-0.0034924913789542416
-0.005924864795714455
-0.013708873021143757
-0.03888554574347058
-0.02640972336091673
-0.05368923139094774
0.06440249884233616
0.025939792957673125
0.01926869543607713
0.008569252329893879
0.007008490997961863
0.003685342732307145
0.0014878322961590323
0.0010436895472511008
-0.0001876998912375773
-0.0006516220593520141
-0.0009035658381299531
-0.0010940855033573153
-0.002657742979249291
-0.00355265382895957
-0.004391825934004347
-0.009074647701649096
-0.023178600205430253
-0.027105301281466015
0.8015656385869931
-0.8146746981799406
0.13817097739762524
0.0888396939362223
0.019451269612653983
0.013018596111722479
0.006291598009937829
0.004359285185068576
0.002696568909861124
0.0019667514485990243
-0.0003492690945439501
-0.0009473903282937911
-0.0015008860026800887
-0.0016885930634341873
-0.003858816073470373
-0.0035966575328515416
-0.005508775075368044
-0.00852509694646109
-0.01729156161449684
-0.04219679434906647
-0.05302978198247448
-0.019177142684345217
0.06775742945515675
0.0278264044644891
0.022952485124568472
0.008678641242843137
0.005936455509303731
0.0037726442712493883
0.0028189578951640466
0.0024165611348065112
0.0014633631335270686
0.0005541435541104896
0.0001262430141464496
-0.0006497340710725824
-0.0022889862058137374
-0.0048203786101193155
-0.005829997190063515
-0.010136322099997852
-0.013166487957834384
-0.013890093107297963
-0.0322024844550127
-0.0006909954244310927
0.007222023382690048
0.02118159538297946
0.00914933476514575
0.0075505934766180605
0.004085692119525984
0.0027401475334754583
0.002102197645669437
0.0014697255274489349
0.0013628707825838653
0.0015685508949599225
0.0007706440752169925
0.0006131263307790545
-0.0013734566646988091
-0.0027482669342172527
-0.006485463193415361
-0.007477836750500454
-0.008749526735999368
-0.011336404478640386
-0.00938601092823298
-0.009272807166243931
0.009405942656814773
0.004149569362420303
0.007266715448089412
0.0035789672569576407
0.0028471694472996566
0.00281245089299321
0.002400363797380763
0.0030537512555072976
0.002236953847964394
0.002567056532803633
0.0018744190890866447
0.0007292566495503874
-0.0005917471950380983
-0.002266094215084086
-0.0035098449184450316
-0.006272178844911877
-0.006205940964839501
-0.005160702390042498
-0.007007445945639765
-0.0006689042733528491
0.00013718263148621007
0.0025502328970115765
0.0005928608481316249
0.004062395039109452
0.001744265262085099
0.0026089823016969566
0.0008786148122656102
0.0030932776157976474
0.0011201857674119876
1.9601304796775768e-5
0.001122398538981012
0.001619353406485348
-0.0004935357573285467
-0.002022659641965195
-0.0018968978050638058
-0.0037810577050212987
-0.0018754760208539655
-0.002954229852681185
-0.001579374440068881
-0.0023976984011608695
0.0002887183386089684
0.0015507098450993062
0.00047339191775346256
0.00019559818471847842
0.0010006067026142366
0.0022130791142200346
0.0005065226475683085
0.0005089562772422431
0.0011532299847339669
0.0015004148009188567
0.0011008881229711864
-0.00033240558279823515
0.00040517619652868356
-0.0023056618120231905
-0.0002638202610692402
-0.0006577207971817964
-3.988592502831236e-5
-0.00010225020027299165
-0.0008797969856330625
0.0004065257649459425
-0.0007132927922396011
0.0002499921320431089
0.00043254639879718236
0.0009094635584665303
0.0010378762434898857
0.0014792484647246293
0.0010833650943431685
0.0003356751163990177
0.0008657892475941948
0.0010329193113748304
-0.0009583849137823593
-0.0026017192175879487
-0.0009346638908022031
-0.0006620718065504679
-0.00044314800340947575
-0.001012224663217299
0.0001485639908455354
-0.0018663538406102059
-0.0003616363731078894
-0.0009870971968488449
-0.0007047545271099808
0.00038687574074677383
0.00010034060030083474
-1.7819553171054075e-5
-0.0005653474206320963
-0.0004146730787567045
-0.0002284364281953489
-0.0009939833848276619
-0.0009963396858954268
0.001306140332183255
-0.0010689313064672253
-0.0004991973858123881
-0.0012811815769786575
-0.0007733069976967553
-0.0016430259076555508
-0.0014228095041327147
-0.00027690979187125795
0.0006355763224119585
-0.0001465183614034035
0.00047429272717335264
0.000521871964167635
0.0006387216288682807
-0.00016153991725732124
0.0010964589790349623
0.00040179693773220845
0.0005204545844376848
-8.399611753750244e-5
-0.000849798953912596
-0.0008257645252827377
0.0011294490245127133
6.536189545218899e-5
-0.00028769909708705854
-0.00015123063984305834
-0.0005505394099176868
-0.0021384570056094195
-0.00048559836606423487
6.595891547357734e-5
0.001438893051773245
0.0002982618957129785
0.0005692873028039997
-0.0009483948753322726
-0.0003373709840931038
-0.00012976176495512734
0.0008672705170815831
0.0016513137454731727
0.0017273039547974181
0.0019244413679848549
0.0006401588220208408
0.0005163201712458076
3.221925400041483e-6
0.0013711808762580022
0.0014984051661091483
-6.152496813546958e-5
-0.0014434865190130603
-0.0017005402850282876
7.793538908841428e-5
-5.0839255745076055e-5
0.000537041923998645
0.0005091410098215401
0.0012453187062361813
0.00012446031165292115
-0.000177714493990089
0.0018095544809136885
0.0004270834209188866
0.0014856695467916955
0.0022431077290178836
0.0016008325665896029
0.001419088175238237
0.00013143694146796527
-0.000520895273751115
0.0010695188947537062
0.000852961836840407
0.00012572095060721443
0.0004159888276240852
-0.0018434604592670336
-0.0012472516197532177
-0.00028749109654516316
-0.0006006693865629421
0.0005838614881875319
0.00012779266753717143
0.00035737045447523737
0.00039661040413427003
0.0016052367794114407
0.0011499195198658775
0.0006357534054062433
0.0013114378308590148
0.0006446443415620062
0.0016124781428763406
0.0014753596180510403
-0.00019970931126811708
-2.48247313508693e-6
-6.516011581076482e-5
0.0002633510686236749
-0.00036396989395286037
-0.0015418574293795317
-0.0011554111718284385
1.4645620750053173e-5
0.00013451295164275013
-0.00046050529364859377
0.00039785889238088215
0.0006757021114598298
0.00024664015110031315
0.0007448433124217906
0.0017469963772165109
0.0021366512333336153
0.002622361060569957
0.0007194284047665725
0.0005879665045169066
0.0007520252754941289
-0.00017751392751729346
-0.001436839931568022
-0.0006021400962925234
-0.00010271066342597756
2.3386455467769968e-5
0.0014763714006170796
0.0005764120081203602
0.00039116410315977835
0.00028137332108158446
-0.0011035272317574509
-0.0017280062527722834
-0.0014801314547317475
-0.0006741857296750366
0.0017471722177445758
0.0038009443874935625
0.007247277780884208
0.012639729528382335
0.015694712776940074
0.029408781896900094
0.02194343803731855
-0.029514373769925835
-0.02557276923422828
-0.007053653434924426
-0.0038343428557703154
7.770200678933905e-5
-0.0005209562836231976
-0.0002976414786615528
-6.212429540190188e-6
-0.000793166414564097
-0.0016055110478731221
-0.0013954519203787604
-0.0018149651133072353
-0.00015231513580246236
0.001060025940431357
0.0024957103198112195
0.005952942270507711
0.009571366280604461
0.012002489048696842
0.013311886823419395
0.012568315685022957
-0.0089417975932978
-0.003815252148655349
-0.0028825669645174946
2.736632728153481e-5
0.0006095655905210731
0.0006208498031083938
0.000651199550825955
0.00019460324801262759
-0.001081947581800548
-0.0002754125450861671
-0.00034005369164397543
-0.0005676199606514814
-0.00010889601980493193
0.0015171987148327095
0.0033309333700558765
0.003332937412935755
0.007061334017578963
0.0076416116644232295
0.007610572285540212
0.006296778242610439
0.0029613146441227122
0.0009263763146899746
0.001480898335630951
0.0015355300828863517
0.0010832991340792976
0.0007258779854723636
0.0006738661379970263
0.0013024848741544474
-0.0004503681125341519
-0.0008324390129895008
-0.001477515835700755
-0.0005902909625088964
-0.0003794968010318366
0.0016183296613601127
0.002897605667483284
0.0037467371320566052
0.004211944823239772
0.005190319562955021
0.004241494580366566
0.00513716649178399
0.003997235307643173
0.002061953747752364
0.0012818498866203054
0.0014976391045455344
0.0015308647603361986
0.0009010378353612216
0.0014307440729978522
0.00032352493224778044
0.00013465734326203901
-8.922105138510966e-5
-0.0003055644854102062
-0.0005468445166384419
-0.0009282589702727154
7.853019842082508e-5
0.001169069000939943
0.0019987642296106205
0.002999174593523064
0.003553673342593565
0.0047380571012095515
0.0047921124447350095
0.003376233708498247
0.002846146938621727
0.001965630289018537
0.0021835079396704407
0.0019226384848080621
0.0008719429402796704
0.0011996944753779092
0.0005498756983148738
-0.0007545535001879924
-0.0002900242547435
-0.0007189430200097614
-0.0015620877274807453
-0.000858844376446206
-0.0012157584184577298
0.0010026507145372292
0.0016005106285902242
0.0020675833685941465
0.0026214852726917817
0.0028816968332221835
0.0032959301682509295
0.002885931286103338
0.002832949733416733
0.0020295757951059017
0.0014849074710865367
0.0014042078420740175
0.0013524124918216091
0.0011168441979946128
-8.681990141083424e-5
-0.0003057986110273443
-0.0006083100539974754
-0.0008823497333677079
-0.0013184346805841579
-0.001597255362591986
-0.0002434855003788393
0.0005395020305226273
0.0012008801232712746
0.0008959615172951089
0.001500956846420712
0.0020651322407310843
0.002649873693450702
0.002402296132388914
0.0030731686396794295
0.0013711320150538652
0.0018168677031098772
0.0011380162735854223
0.001042922650870399
-0.00015107893261088616
9.811939621815987e-5
-0.0006436991982728656
-0.0009918459761255013
-0.00012861910632481203
-0.00016155558617686222
-0.0009743998650754818
0.0001688862605254643
-0.00021628657046951174
0.0006599432411521105
0.00023134246161216236
0.002060826430522049
0.0017753659752163527
0.0023623388911544157
0.0025927944866420837
0.002380802324896892
0.0019259451107821036
0.0014095742178550806
0.0010084190217088094
-0.00019265781580453959
-0.001709143861097534
-0.00032966130662493803
-0.00018074598709580348
-0.0022593245027984527
-0.0012005838716822503
-0.0007293937760916481
-0.0015664852549260111
-0.000602529183213146
-0.0009781300887290515
7.384188617514986e-5
0.0014218673375071085
0.001887158980113639
0.0025245055114481467
0.002246613540370695
0.002225826544210509
0.002210384243668619
0.001971601115750129
0.0010789746351649583
0.00044553526044519915
-0.00044928507234132825
-0.00010122888562177835
0.00032966044949272284
0.0003322669997057927
-0.0026083093087131606
-0.0019006721634357248
-0.0003546926816458745
-0.0008376398881353802
0.000374122759776586
-0.0007107199838198197
0.00016206124099281155
0.0005003421123020241
0.001367708994421065
0.0015438700037628784
0.002142972523215083
0.00282686400021353
0.003294157827305739
0.001745242801052366
0.0014080184333094962
0.00016291330058444307
0.0001269365664178217
0.0008657456494875917
-0.0004197729487193612
-0.0005788191729374393
-0.001286029138220353
-0.0012098978555719656
-0.0006294596498652965
0.00032034464363569397
0.0012924461165386703
0.0019392214663884787
0.0009913648192095713
0.0002127308210512065
5.033195420171455e-5
0.0019120963415751517
0.0021465467554977343
0.002629690486341825
0.0019253515700796556
0.0005297760992043355
0.0014025079810992456
0.0003733325570275095
-0.00045104300555072653
0.00011925131618462949
-8.224305685494488e-5
0.00029351519403692937
-5.397725112252322e-5
-0.000925260831654885
-0.0002748331117528994
0.0006618043218314806
0.00042663389545000255
0.0016910683627453674
0.0009070641326671653
0.001148864350932128
0.0021651068503480025
0.003465983068172703
0.00414652218494458
0.004039484563822811
0.0033351296867292113
0.0027487425571612566
0.0016383086235496045
0.00013842204820352654
0.0003510495208512757
-3.72358514605364e-5
0.0007586340467962127
4.123086999584335e-5
-0.00015111897232589048
0.0003096951119622323
-0.001074007691357614
-8.88502724723981e-5
0.001994061694350608
0.0022807840887120183
0.001821849867911185
0.0035254067786860874
0.0037333575507209715
0.004652612561807826
0.004922655388386215
0.00628749124415226
0.005857586987998351
0.004087330473708542
0.0024305307230714328
0.0011437005825810252
0.0011153670002468318
0.0007068197281237193
0.0007199477204467687
0.00023131524325017202
0.0007018205944387609
0.0007131385086078123
-0.0007164006926246428
-0.0003948718522600247
0.0009328531278556439
0.002284975586756037
0.0030491055503752973
0.0030360813223271653
0.006579929580078655
0.008225564591027426
0.00988947737892746
0.010263564478594472
0.009714864976419182
0.0061170836738222165
0.004234652351136149
0.0013812371322297378
0.0005545114069789899
0.00036943595874600337
-0.0003433365433667803
-0.0007382815710219449
-0.0005471269394329769
-0.0005259056024188081
-0.00026071980099913743
-0.00012655175650850398
0.0009526324540305357
0.0028397818862880946
0.004928501838655753
0.006359438290455699
0.009043861059397272
0.013406210551632167
0.014250454646051852
0.01711337742785086
0.01391049979571531
0.010458113056263436
0.005922204791302028
0.002957573948957887
0.0014601371156756874
0.00039420523233709906
0.00013742461074041465
-0.0013718900464829075
-0.0013631335940820046
0.00017178863522614217
0.0005487444128087341
-4.159424374657923e-5
0.0016816057459803184
0.0033329908828114005
0.005827245667240229
0.009952685857364797
0.015740282684017302
0.01998123697440413
0.028831135398945024
0.030846494558007122
0.02552745146321306
0.011697696771082768
0.008029491086415461
0.0033850963927046515
0.002847464436951374
0.0007277531612501001
-0.0002878492423650673
0.0001465054429610183
-0.0002559174242519481
-0.0002375551136124032
0.0005557984275192762
0.0019352141819149286
0.0024014280003679515
0.004685509410485627
0.007567851228252503
0.013484739978700396
0.020339986601901405
0.03431487781450756
0.04896424314819709
0.07193941998949195
0.036750954358388044
0.013563380859673273
0.008182074496096673
0.005090873367729805
0.002621946333677498
0.0003345397805168783
-6.864081133299343e-5
-3.780123519071395e-5
0.0009022305754462447
-7.652081369200668e-5
-3.2886931831791616e-5
0.002180667015591576
0.0035915663195273517
0.005625644343845486
0.010248114026217866
0.017155358294945095
0.032021835753298915
0.050489539450215365
0.10652593841080653
0.24133837934332328
0.06431996775378837
0.008495156925321034
0.005394988053154403
0.003868641561770498
0.0020578008630625184
0.0009995032524090027
-0.00010099785896973308
-0.00023951080407030265
-0.00047804688991759175
-0.0001743262135387978
0.00014823919851674464
0.0019058101333725927
0.0031332728423587113
0.005253643898449953
0.009735077501449033
0.01897394223080402
0.034391684393458126
0.08305963874876038
0.3098236236940818
0.31572929737503413
-1.1455007473804268
-0.012274597295455505
-0.005064634374618762
0.0021049697845441848
0.0009331524385767804
0.0012992475088351167
0.00010653446186576377
0.00039090293527407866
-0.0011649645652207314
-0.0014075891299752067
-0.0005889765281060493
0.00045498513735515983
0.0028048717527533046
0.0043668619174201465
0.009204272840963158
0.01551248202457454
0.027660973329784334
0.04608498497141978
0.06494662198694118
-1.1969788031867912
-0.03710407786878519
-0.01833638043963534
-0.002496943851928947
-0.0009108822176159064
0.00014274850782705707
0.0004509308773838704
0.0010522714443950882
-0.00030305698573890284
-0.001964980460864619
-0.006646559695947648
-0.004353233309364269
-0.006672009584421768
-0.00622033600579574
-0.005076846513118075
-0.004241060808589461
-7.609038694137771e-5
-0.0011353267503731873
0.002674037892589053
0.007082294851236045
0.009644917582441176
0.01261484734760664
0.013971173124624585
0.010625036450547734
0.009118081331740429
0.008289742944288536
0.0034845891867391816
0.0014916163847796095
-0.00011162127058014617
-0.005455732471006032
-0.004337906000595522
-0.005085907057455013
-0.004975540967331057
-0.008251164021948006
-0.008482464598012477
-0.005723632119873265
-0.001971178200550423
-0.002849013404261143
0.0013748758769354936
0.004500770971227731
0.007432166006075499
0.007520242568596659
0.007848583357640606
0.009297008350928504
0.0064607410724116295
0.00396095981328979
0.003581639695115385
-0.0003458980580872801
-0.0004383591595967997
-0.003878732644382423
-0.005680318168773875
-0.0058749421961028
-0.004342651255592808
-0.00856543429576981
-0.009452213386141915
-0.008612897507904603
-0.005077078820537627
-0.004585798323165142
-0.00276592200383377
0.002217141713239982
0.0033428819715099222
0.0031512932473599263
0.0024130572690139233
0.006272201830485032
0.004197840029469614
0.0002866345328444281
-0.0008560655676072942
-0.0002819647670214697
-0.002672423218684881
-0.0035536280114736394
-0.003984980546380057
-0.005482598877387979
-0.006046917789494097
-0.009202682810416562
-0.011346804130798195
-0.006308455130526288
-0.0032533975489894545
-0.003646254197816872
-0.0012638826285195407
-0.00267446055675223
0.0025474126959017635
0.0010028333708835997
0.0018470109182136421
0.004519768095404758
-0.00021233670924053288
0.0018258884313632686
-0.0004409616825702499
-0.0014328610776434656
-0.004751433056786388
-0.004447315863351186
-0.004924877976815442
-0.006444772665881367
-0.003405205336847769
-0.005002735166761702
-0.007068721107950192
-0.005817647984813171
-0.005159365757827847
-0.005905474688872316
-0.0073964672089463146
-0.0017899181892274956
-0.00018963051477846442
-0.00011835126015385743
0.0018541187463989163
0.0028165011609642193
0.0016967844409229525
0.0007991176518185887
0.0005943828735508544
-0.002601194659990375
-0.002139045133696571
-0.0021070265055667934
-0.0020942837669908343
-0.007873575775555239
-0.008950549934901277
-0.006027752928083587
-0.00614906404653341
-0.0063107452251292065
-0.006112191436635505
-0.004117761779493931
-0.004726026746033334
-0.00373414166145604
-0.0007640766332109999
-0.00223349431367484
0.000980119313137689
2.7762683772976956e-5
-0.0017306421309076264
-0.00426535626065729
-0.003187416421842177
-0.00395340681240153
-0.004859683971419222
-0.0022242577672024217
-0.0037629027919689455
-0.009863904293986531
-0.010898196901809997
-0.00731886727654508
-0.0063539704216581845
-0.0034672758418664235
-0.007359465212364419
-0.006077561272200207
-0.0048201517671905714
-0.0027118781215137154
-0.004323691473857124
-0.0011737989951203925
0.0006300379581770326
0.0025921381372528227
-0.002330178209212979
-0.0024846650628595635
-0.002705662067022223
-0.003978835647845918
-0.004272004914831116
-0.005348883534792311
-0.002638311468578492
-0.007155656617989338
-0.007128652583351717
-0.008843913058650434
-0.0065757151516868916
-0.003729169193342076
-0.003643230119751586
-0.004507728292933139
-0.0026436534853776085
-0.0031827003920756386
-0.0007899182373514782
-3.4615361506459363e-5
0.000360572927343501
-0.0003286765270204057
-0.003385952989509333
-0.0011982925887828856
-0.002360399787894785
-0.004163446273904733
-0.0040897114392259085
-0.005418178776664098
-0.005091180507735425
-0.006615935508894298
-0.007725247059842708
-0.006206546038231709
-0.0046135216051417065
-0.0033761586441883843
-0.0037416414263141897
-0.0032144805583862734
-0.0037008207395247
-0.001358405338578927
0.0011140777229549472
0.0024832020319798874
0.003987549025108621
0.003494616500594636
0.0016736984214132113
-0.0009140645429010522
-0.0015082024335997916
-0.0020550898272422833
-0.004557298477039692
-0.004424060536459553
-0.007827561123311374
-0.007090379807293366
-0.005650005353978745
-0.008604240355066817
-0.006196330038497799
-0.002561871315709595
-0.0015239654301579563
-0.0026775768157209614
0.0004121818205504497
-0.002102920921371588
0.0007580651879837981
0.0028266899732643444
0.005085283856939389
0.006544499808445571
0.004553149408193711
0.0014907264452240158
-0.001062637833237539
-0.0004722994528990471
-0.0021527474929828572
-0.002935973986795123
-0.0077793742778173745
-0.006927903228753019
-0.00459642668705083
-0.00843490867843329
-0.005856425636007913
-0.004197561681400565
-0.0031169450680345887
-0.001769410892723429
-0.0004966395142845355
0.002557711379037142
0.00497716388727527
0.010646661165247264
0.010570262163791326
0.015022579993129889
0.011392064790726745
0.00847481820544276
0.002650136185955695
0.0020593041958219156
-0.00041797634378386186
-0.0038357362945193895
-0.007618598585118322
-0.0060539928484094445
-0.007558675954226839
-0.00737813327596883
-0.006361234733114064
-0.005336074185749941
-0.003421439713501338
-0.0022291098652819775
-0.0010357058004002598
0.0020352770625461317
0.008353285639839917
0.013859458285023772
0.022817271813069005
0.025392803995582258
0.022843672420403912
0.016181502706111302
0.008759361364346355
0.009330576479631748
0.0007464764603362501
-0.0008349572926060246
-0.005775180808535673
-0.007033568660764665
-0.006244769545944766
-0.006400793054755501
-0.007009386223155138
-0.005024916769817355
-0.004053365228959537
-0.00125577599621778
0.002360769981868795
0.00668982965976337
0.00943200353252234
0.02988068423076729
0.04423422463752746
0.05380193431808218
0.030064398978746115
0.02492669408044034
0.013652948568880788
0.014129196647420354
0.003050661430517564
-0.001468486600053308
-0.0032641279669910575
-0.002812615776749186
-0.006066358205153053
-0.005303767912185061
-0.004992075163085563
-0.0064252341217880685
-0.002920623061144137
-0.0015149920263607154
0.0037514290570390164
0.0046339690985460445
0.014092452791402183
0.047356256135949244
0.07470714749460178
0.08889170929314924
0.04908065880638789
0.035215742985870865
0.025348792032248317
0.01671413450884224
0.009592944481123364
0.0003500592688719719
-0.002565311364676317
-0.0024629450764806745
-0.006517746358417786
-0.005275740146894148
-0.005942406025373462
-0.0041280712621169415
-0.002822353296732793
0.0026311395723486587
0.007362512748754
0.009257292822033287
0.015179061367966633
0.04638300915399253
0.8533650257891259
0.20018357596560318
0.09122305532316112
0.05659632214291711
0.030162294000253817
0.018388921790444056
0.009826695371640784
0.0020552992302378657
-0.0019140700810619832
-0.004723994738396466
-0.007989603373978083
-0.006735581323310462
-0.004247838502281546
-0.002667625625537339
-0.002782147046547112
0.0015899446772603932
0.009278113007057585
0.015652294627313844
0.05638126474382123
0.31184219599195384
-2.5181680463114064
-0.14712791722972146
0.12470744883351743
0.05868518394812833
0.03495432930214743
0.014228597651484496
0.007315068753658951
0.0009150379359111071
-0.003139543356748726
-0.00444022036911958
-0.005744745778517363
-0.006695057133928341
-0.003949632585100896
-0.002147527757923739
-0.0033789398155140843
0.005191568085096633
0.010533933941501426
0.020131154095634936
0.03669230624051633
0.06097836116978322
-0.19592874454897397
0.06852772259051274
0.07135943818432923
0.05200696503624042
0.02633978339723141
0.008892309716711918
0.003915817050860549
0.0010057045694824985
-0.0022512872806266042
-0.005361095903500894
-0.007520624523921919
-0.009092986278075704
-0.007247089119724507
-0.0027080700502235986
0.0005537287336678707
0.004480762028046714
0.011466639765831453
0.010458833828010989
0.037749578388291696
0.03876409525469807
0.033019761120951924
0.0386708298228329
0.051507583043412374
0.027121182104502123
0.021743505956796493
0.010295230473707413
0.0041655468588102495
0.000257804340499301
-0.001818295064621554
-0.005707031060865695
-0.005598049995780986
-0.005889024726371997
-0.005543805255096077
-0.003050367966909074
-0.0018980130351005542
0.003271616164583869
0.009974685951716251
0.01541315294015408
0.018958460327577822
0.03290205181077949
0.015219672798923918
0.03786791094974352
0.024833166700912727
0.021718593191679746
0.01308834344672363
0.006307553641474923
0.0009059488193345907
-0.0011472320243344385
-0.0029772787678403597
-0.0029036259979505503
-0.004751750207759212
-0.0050360788316950785
-0.005096515884540039
-0.004238730613168228
-0.0019358736828349937
-0.00047281138780349945
0.00693442338586467
0.010720173031746834
0.013820750503053411
0.01409971528332482
0.024353253557368434
0.017649581876899065
0.019445639232405058
0.015084621245998027
0.009876874065474462
0.011594480558039319
0.011817842666190204
0.01089040307712811
0.00974870010709714
0.0071326769468473186
0.0057592698691955775
0.0027911096856154767
0.0024619589690262535
0.0007454637750234792
0.00039106188427787494
-0.0007537910024585251
-0.0011925064929560335
-0.0024528542942333234
-0.0038914534090113955
-0.0033305563739574645
-0.004956032065086631
-0.005089751143360478
-0.0037504277610842
0.0009631178514689284
0.007017200204830072
0.01985801896729376
0.020093037775214404
0.017260752958931896
0.012978235766321657
0.009578800673616654
0.006202451183278238
0.0028229106127302473
0.0028266461113074254
0.0013779057258090635
0.00043564643583730346
-0.0006747334789645388
-0.002246610656024939
-0.002702278863754515
-0.005129343926529754
-0.006783203829830201
-0.009418459832658007
-0.010878798709173812
-0.008575903599277976
-0.0008466495266319222
0.010899085564360686
0.03704860625881828
0.034069601757882075
0.02555368090400364
0.01763286028139823
0.012938908859444072
0.007980540158234116
0.006103943558825428
0.004398796999295963
0.001669372000045972
-0.0011080184153956848
-0.0008210128627918239
-0.0036539638468457186
-0.005266736343159513
-0.007584081689576338
-0.012020313448820251
-0.015079851208053479
-0.021451589988093225
-0.021118511038725588
-0.011198257445662057
0.02548124927184729
0.08904507570312178
0.05287709780064398
0.03930656863343064
0.024948417621473876
0.01679997023591797
0.010864624351634098
0.007043603510139133
0.005291469303534517
0.0028474877336205073
0.00014667290285954313
-0.001859715764231451
-0.0039971874648513425
-0.007118381973352047
-0.010126924551788678
-0.015625042996921502
-0.02639872794779615
-0.03909567589637987
-0.05794763851976583
-0.03462592521427075
0.05913792063548629
0.192025476610668
0.1082849880583678
0.051917554984557114
0.03259099463541078
0.018638236276365544
0.01233294147582198
0.008702244513576821
0.005251104592745832
0.003000512218629525
-8.75282455206146e-5
-0.002487332044635769
-0.004050219556003597
-0.006978941303884529
-0.011281580354313722
-0.020024486846362453
-0.03508935603575601
-0.07058423221448365
-0.11793243887108645
-0.18722494659945516
0.3330044570472001
0.23994559804830728
0.11178512077435726
0.05798617160791422
0.03057387908353099
0.02070626854431948
0.012886812533197197
0.00804227590292841
0.004806067938816948
0.0024261657935195865
0.0004015224123810758
-0.0023861988382702934
-0.004493738906124617
-0.006936248601566726
-0.012908849465556595
-0.020783739285888492
-0.03936823877157626
-0.07189055291994435
-0.16638177407405583
-0.4175859024660122
-0.833044762741203
0.10682395201580001
0.07259684374526819
0.04338639076874567
0.0281452953242469
0.016372171211813426
0.010628583922337852
0.007247235259581403
0.004111413228726277
0.0023784259935464504
-0.0001410234395421743
-0.0014165299936014114
-0.0035775572792064473
-0.006425839285273092
-0.010686796925361472
-0.01901640639788249
-0.028976887266468125
-0.053824149815050265
-0.0816654010872203
-0.10723470006252375
0.07946537608226112
0.046662466281664434
0.03862039971877112
0.02798347452560733
0.01983608537231351
0.013530065934177033
0.008884856628488084
0.006299894631436143
0.003102971509278483
0.0024560725363192547
0.0004344099351010081
-0.0014237305265870877
-0.0031366183341776637
-0.005880620470741551
-0.008561857401707324
-0.01349981148755756
-0.020492251019394406
-0.029426558928426577
-0.04165602293419118
-0.041254393176733434
0.023810256523857272
0.020438284971190466
0.0214276881412871
0.017272218489622595
0.014967180932529989
0.010185299476662149
0.007962039698707655
0.004977169356586925
0.002704278647895427
0.0012353000330291488
-9.267138684832809e-5
-0.00014374674945596332
-0.0018084204071072006
-0.004402087111209446
-0.006129519284808871
-0.009792478877098753
-0.011495899400843735
-0.018053401036483098
-0.01672154087939325
-0.015381314529490547
0.010365287610342055
0.01013544669520932
0.011938117696201192
0.011388287349798054
0.010044749196970796
0.007703615170725908
0.006378623199507107
0.004276935294501688
0.0032531559976622083
0.002208158260588465
0.0012891037355347334
0.00027765274000530197
-0.0013883783510150066
-0.0030117075667737223
-0.004264748676362433
-0.006379605913310337
-0.007787384466898102
-0.009459135347724138
-0.009333368826324481
-0.005384713099939437
0.003872136671176988
0.0058180615191488864
0.007575397138542271
0.0070882146003917595
0.006228215668771176
0.00455332805585804
0.004932178986588942
0.0032196516568367807
0.0021801382135995737
0.0008747077548397071
0.0012580100492868805
-0.0003772431183766081
-0.00025223198339230054
-0.0019678472685216277
-0.003671968598692309
-0.005431808120531847
-0.004536488977983594
-0.004492903863432308
-0.0029646453761177235
-0.0014715722749419704
0.0035025990970854208
0.0036651983871918642
0.004770124538870215
0.005661258700824611
0.0053938936707401824
0.0037374799425119957
0.004098196298485488
0.002595652595590942
0.0019059775945548662
0.0021092508766325283
0.0018952473405642592
0.00022885664550873576
4.898904766436783e-5
-0.000866903201750244
-0.0017195140011868177
-0.002456490275590397
-0.0017961040229205383
-0.0020963707248321493
-0.002128070886544128
2.6639531078727883e-7
0.0019525118144350154
0.0032378107570246984
0.003974387648221361
0.003135280733180419
0.004037264974427368
0.0033164482367422842
0.003609751421429108
0.0030270812639464763
0.0011431220045404129
0.0014664771724659956
0.0019863426869230778
0.0008231453504928731
-0.0003163271881932774
-0.0011392421815803102
-0.002021494347559428
-0.001204514233134278
-0.0014007291142928639
-0.0004040013404817357
-0.0009868633197135245
-1.3411050886544589e-5
0.002055570014856555
0.0026335886653366075
0.002998515261334492
0.0028912904510898316
0.003165845851610216
0.002219785598724703
0.002308596600289042
0.0025547012734834854
0.0018005613385003367
0.001624103976020396
0.001876176113620241
0.00042126808914673186
-0.0003614500855444619
-0.00021312495914154557
-0.0007469171147852564
-0.0012229611212441116
-0.0018893039772607564
-0.0012268771284612318
-0.0002512850386507296
0.0002460742210717519
0.0018911574297291
0.0020132348713051036
0.0032379740302966786
0.0033853181438691883
0.0021936757864660476
0.0016381224586467914
0.0008927997763578683
0.002410979239085555
0.0013611849053334676
0.001086498483835709
0.0017734940152169397
0.0009842484574041665
0.0006781702848989834
0.00037361157070279073
-0.0010368626071084299
-0.0007755558632244497
-0.0007542128928573087
-4.3558294010364955e-5
0.00010556634173602481
0.0013868449257501514
0.00176715933187972
0.0008488657529702908
0.0012646978153480744
0.0023352065336043697
0.002369540477307163
0.002088013784810493
0.0021360782453571335
0.00344981838467806
0.002245246034423247
0.0006129412531920137
0.0009503459501008898
0.00031404929702635
0.0005011036091360954
0.0007339017241071663
-0.0006207680847181244
-0.0006234208607768729
-0.00047060168451150153
0.0001364527412934864
0.001312246600159671
0.0010707837713154272
0.0028806568200475894
0.0025046717946236446
0.0017326908429903224
0.0027370699980007363
0.0027036188994888815
0.0009013699838803414
0.0017488754804618437
0.00210829708290409
0.0017247451504585776
-0.0004793066790422444
-0.0005776134636139249
0.00042024343495392265
-0.0005962067563988546
0.0011560765288535285
0.000594219996552193
-0.0004541704716043837
0.000713248208400803
0.0008362387339267811
0.0002712663680289892
0.00020092729487426964
0.001268979116101995
0.0029345767817534197
0.002309045614486389
0.003490071088004866
0.002705657374622446
0.0022901848900009516
0.002612468581798001
0.0021965151740091157
0.0025048841846063066
0.00038675502181426233
4.640892577185572e-5
-0.00021114103043163882
-0.00041914379412616963
0.00012380600721052998
0.0002420884310314273
-0.0007136835679630612
-4.941758503336573e-5
-0.0004578195076711235
0.0013177217546420606
0.000822915012766174
0.002429569858206733
0.003957421394292532
0.004840542641651007
0.0043386424164376875
0.0036659665615478643
0.0033928908569039215
0.003135990257291037
0.0021906834014280437
0.0013767742318211373
0.0005188548654261179
7.649478872063294e-6
6.027002981506092e-5
0.00027897738682127176
-0.0011853613264466017
-0.000716652143520687
-0.0008682362779771271
-0.0014366657660332492
-0.0010769736151888944
0.0002915795583290193
0.0018224368421752462
0.003742623869689673
0.007517858799081422
0.007427506269832566
0.006710147659190304
0.006861320928847767
0.005491649959995399
0.003608660770924985
0.0029809304031943825
0.0025543713267780883
0.0010313999533017538
-0.00021080879882104503
-8.23602058109049e-5
-0.0006705989524345419
-0.0016714541943589395
-0.001828579426951828
-0.0014366594321725602
-0.0022661473860090616
-0.0023555337064961822
-0.000768648618559752
0.0018483577502327567
0.0040217708380204205
-0.01856839646333661
0.01278145879928945
0.022045965128576366
0.0019348121236219564
-0.00160942018376351
-0.01265191306133743
0.011028260185358296
0.014670815782983536
0.0019822224216159696
-0.009363738967351152
-0.0008122961032707454
0.0060778673560641285
0.00717665519504106
0.009267535740589652
0.00011364125083670974
-0.013840023944915935
-0.002089820589409653
0.011555983187062224
0.01061019151102065
-0.013110146037370287
-0.0177902788184078
-0.008819589045656313
0.01536839320040495
0.008115077888010134
0.009243084509694187
-0.012796074775200068
-0.007667184968088861
-0.0021389848794295023
-0.003271767890848778
-0.011464163173853877
0.006874823658466799
0.007109339521159023
-0.009427402651073905
0.0030647329120941274
0.005173805459049308
-0.0025791480702138654
-0.012654169912713356
0.006085494217572723
0.007534067429001293
-0.009120168137520293
-0.026891568370087982
-0.01698585897472769
0.001052514167576711
0.0037674172326534194
0.008333955023486045
0.0007854248926375412
0.0024338644240826804
-0.0037515549786698004
-0.008889948846182433
0.0026548387882519286
0.0013659779988694043
-0.0005244955762613475
-0.008504799610574537
0.0005583169460957213
-0.0006646667320547306
-0.0025679241582821748
0.003428721161537929
0.010412883707135829
0.01685164025348036
0.0038894077088840423
-0.01177738467946093
-0.018995830422034732
-0.0015660990995609767
0.0029013424630375635
0.016738884830739514
0.014654244718656036
0.00026042665055383716
-0.006899171137380473
-0.0055629786797861125
0.011646248762307205
0.015412865340323217
0.0037065862130437623
0.005162422973517832
-0.006563250069570281
-0.002327885009313615
0.01122203621132551
0.005542868809633904
0.00642628827793281
0.020209266062736854
0.01705054088279592
-0.012645446435443491
-0.015998027624831466
-0.011052943712749
0.008625120578714358
0.01279462106002316
0.011023190366286616
-0.012752118414901658
-0.014552397949115987
-0.016668870821986953
0.004181971931882658
0.012928422905991372
-0.003052444956903733
0.0015106826195067165
-0.001431603224751321
-0.014510942898248922
-0.0028950455603871765
0.008277551338114468
-0.00024082521717405875
0.005794243366795472
0.025095643287957506
0.003737425158584268
-0.021163487851751414
-0.011335969126761205
0.006599425225093405
0.025474243869669944
0.004141802522061905
-0.008703569511458354
-0.015726808666641858
-0.0231707805968131
0.009927915540548903
0.008720305011047466
0.004787789695984691
0.012387312314062603
-0.008791234383573834
-0.02595312663585602
-0.011228107651138377
0.0011861170525739725
-0.011312167869639966
0.004802978655095011
0.014881947788248513
0.001442959042555562
-0.00429356833492211
-0.019462235879290687
0.006761063727276818
0.018053339371808474
0.008456563308584379
-0.0027009201410533243
-0.007927199148353825
-0.01363082451337142
-0.004684746144966853
0.013548685705044777
0.004223184616092032
0.010317320712873862
0.014036169859884099
-0.013781398518983318
-0.0017643961011869266
0.003511356191183294
-0.007264038681580666
0.0025946394491758048
0.01971291571891923
0.015352799195272116
0.0003039469165981956
-0.017267372072591016
0.008813539852432243
0.012803926732680677
0.01116450708799282
0.010986822055487748
0.005188875122002837
-0.016836808214371515
-0.009928644483369288
-9.47979733742449e-5
0.0054061926032626575
0.0212743879143842
0.004290324310295509
-0.01789904062406423
-0.02101363497946461
-0.0025196741658223914
-0.0014066802163196094
-0.0032934823860624094
0.019011252702435682
0.01236399911293664
-0.003888241929999989
-0.0010755037885013313
-0.004998543970466599
-0.00588220625493594
-0.006639252308004753
0.011800121324332316
0.008572876208644765
-0.00935687541598526
-0.01763798431452772
0.0024352715224955847
0.009402294519680176
0.007052326950118875
0.00477723750173077
-0.010634478095008115
-0.004012893481815157
-0.00032405000521948434
-0.012544471560393077
-0.009607299598855593
-0.0007041397897681965
-0.005216017233827783
-0.010742979811590498
-0.011102312099966897
0.010489525202206211
-0.012065552443001852
-0.012145293808826537
0.012500793970629198
0.0033409832792456193
-0.00497411398030723
-0.016317104618471252
-0.00043858069710324345
0.014483885178878095
0.010758811074822815
-0.012345781437775476
-0.01954973103667338
0.00029005589341273106
0.010914593621930932
-0.0025388922146093442
-0.006806885669645491
0.011074432711205284
0.026449984057842123
-0.009972609376446598
0.0056210392924850305
0.011863973124829669
-0.009163190983503315
-0.010217356684923561
0.010254731389325021
0.0065028786482046845
-0.0027960191080273382
0.0050980501955416565
0.01371693630702312
0.011586330687942462
0.003086562506365159
-0.01694516020458717
-0.014376771709246809
0.007855659523847352
0.012713125089505027
-0.007817345473182158
-0.008892241785169432
0.0038995847847666017
-0.002279791895553657
-0.006430106004031834
0.0020301177596401057
0.011444744077370497
-0.004672361947503456
-0.012273695692039673
-0.0011737216592078267
-0.013478972042804724
-0.007030041491410791
-0.007849094678928373
0.014993001667486225
0.0146278678243933
0.016550426138627734
-0.004723671941796406
-0.015019056972392761
0.003629644237853383
0.009588496861358303
0.00556704888451148
-0.012755660866143013
0.021307667904244938
-0.023687606402144148
0.0033590462545283225
0.021761999940253376
0.013994939564735564
-0.0035097813303210526
-0.003145975011060939
0.002590787624637317
-0.007686759803879818
-0.004640034301975793
-0.013768036818143259
0.00037035805012054085
0.014710813593241471
0.005729956092167437
0.005050516222842609
-0.011419402845765448
-0.008676406217051737
0.006060424410911389
-0.00046890719919795453
0.01735622651920147
0.0065472667166401564
-0.030110741042370926
0.004632406819395026
0.03061082147025652
0.014217197191372455
-0.001193623295500065
0.006700173260312468
-5.847445046745661e-5
-0.00028444352005191353
-0.005198752882583029
-0.013944285762434392
-0.004197198753148209
-0.007335785824632491
-0.0008587123064298309
0.009385505673243297
0.012718583984445697
0.006238047183186608
0.001998026307892791
0.006655048880140027
0.02442757856194927
-0.021653770929720782
-0.11329767236989914
0.018199699797133987
0.04317964863965253
0.011395380248419754
0.006311979283130242
-0.003274024264587029
-0.00019546771544726513
0.015191146304307731
0.012895189454715671
0.005088468431844679
-0.006819551442242186
-0.005095974742167927
-0.01258562074582558
0.004187373952788291
-0.0026871017191483866
-0.002379484870104882
0.012155207120525112
0.00816997711559015
0.022775960577760417
-0.024555218442659284
-0.02702799482461682
0.007358855642976365
0.011917655208394346
-0.006250747219746482
-0.00633595129728085
-0.010771892271109298
-0.016390754272368108
0.0016644314794675525
0.011132786654565366
0.012348390356846926
-0.0008414109920896816
-0.007272791733565077
-0.005542243673190952
-0.0009913814056648233
-0.006883164011805861
0.002231368497008523
0.01587454492388008
0.01963217287191097
0.041990764574776206
-0.035764795776531175
-0.04211433451055465
0.030935725697953397
0.017259280371973235
-0.009956026736157515
-0.001632101218851652
-0.002889182650259589
-0.0077561587565968225
-0.004856627112556775
0.006391837355433144
0.007715436172009218
-0.005221593014967656
0.00482357672185153
0.01077687547471007
0.004871923622467942
-0.015044889126818414
-0.004780004259592647
0.023334400128274934
0.005504798089129071
0.0033900163370869643
-0.016760953752790055
0.010103865893368317
0.025927641164304988
0.0027083066730023246
-0.027621792785290724
-0.009993802598270356
0.006268578713155421
0.003663003585158677
0.0021938107046422716
0.0012765524965248163
-0.0020336129510990317
-0.008796327145897129
-0.006030578704663299
0.004117263656355114
-0.0020985505500743444
-0.023952245785088852
-0.007817215729438921
0.020055384079005496
0.0206864629357552
0.0060558958889859625
-0.006777594981071802
-0.0014860351603102485
0.022645807556012598
0.005036219231055111
-0.021217664669029697
-0.013292494859851104
0.005045605033167668
0.015437312484316838
0.01470415156838392
0.0005366238050443567
-0.008151034396107749
-0.010881191628526762
-0.005554199752493397
0.013743362309285327
0.012304817247439077
-0.021690263341735225
-0.020023680729073873
0.016248682042505784
0.01750973078041638
-0.0007269606274917552
-0.024227216815328932
-0.01271122806618846
0.011044121203938263
0.00797564547688965
-0.009708048113918545
-0.016120862890329015
-0.001117205865325852
0.017256006379458462
0.021602783525089167
-0.012009025932064907
-0.010456915532737733
-0.00906967185123378
0.01119212751263697
0.007586858212592335
0.0014426414125213217
-0.019149325599768577
-0.022450290658564687
-0.005404701282245154
0.015151576048630955
-0.0013714748885867282
-0.010528636918946383
0.013818933503156688
0.016903769875423108
0.018324257611429924
0.020309455270222154
0.017518475232488735
0.015873867830387998
0.012055787577633682
0.010287570007001387
0.008974111455661042
0.006115763026872352
0.0056455629628229835
0.005022769547565902
0.004881001439845203
0.0060383560733097575
0.006387612443187588
0.005748735197861638
0.006096406954872962
0.00722683046435323
0.008827116439335583
0.0118566914659582
0.011434549594175851
0.012460186420231261
0.013425524670022183
0.01273771126073506
0.012446542237289686
0.011524929690653486
0.009762733758752697
0.007926727832204892
0.007102737160276521
0.005828791401353277
0.005165140532951714
0.005000906414129895
0.005014656561610555
0.005395700525966619
0.005004138870776141
0.004910445250665327
0.005705013544129131
0.006433572782532565
0.007629680865219405
0.01025330479537401
0.007436681867153286
0.009682203218700967
0.009770350678797512
0.009733285374378653
0.008395176118781964
0.008229304497640021
0.007689648298674543
0.0068892427474199994
0.006324911807481492
0.005776455035312742
0.004682281372885636
0.004148787890810888
0.004535820868685632
0.0042032974446289265
0.0039916347418262966
0.0045169956171285846
0.0052095331966546575
0.005996051369813054
0.00638375364773487
0.007804665914793847
0.006319987097481221
0.006809690160593327
0.005986429386015998
0.006961272377823476
0.006552894566007992
0.006075470030840684
0.007145285340053983
0.005797122983185335
0.006263496890759875
0.005739788119906536
0.0040940137751955714
0.003932610673889053
0.0042104086769600675
0.003947893752530307
0.0043644995867168825
0.004581980499176788
0.004771724225167259
0.00552539894087045
0.006391266257819622
0.006465382251895786
0.003666770819348534
0.0048060055622489335
0.003957637166368196
0.004034141307583639
0.005327487302071908
0.0037377010828674104
0.004726838276249231
0.004736392230382519
0.004070868027318986
0.004070266459318923
0.0036178927656780845
0.00311201947017234
0.004722657551388689
0.003841606238856063
0.003374628942437018
0.0038067864961312363
0.004172389903069579
0.004938319849374156
0.004143662914039606
0.004465242178788456
0.0028850184556876426
0.002644349810164236
0.002518048947663308
0.002333543321040229
0.0025267383323858733
0.002571309668275995
0.0026348739551913724
0.00344038398262823
0.0034958395771051212
0.0033129881165285427
0.003985152882479609
0.002610773462319836
0.004647616865216586
0.0035825150617839435
0.003188388698967821
0.0038735024559632928
0.0028610124214815936
0.003856877148670787
0.0028524570658954715
0.0028419907312415534
0.001598104401571504
0.0010068949531221328
0.0012191490476020552
0.001152347872809469
0.001103202539474615
0.0008145660467177841
0.000897679038871533
0.001632980951888498
0.0024463563954472416
0.0030112335408663785
0.0036492689591306688
0.0026431404816422677
0.0029061381239941925
0.0031071081025198996
0.0028698547200014784
0.002808654280799217
0.0023268423402989925
0.001992627344483906
0.0032022898735917177
0.003124163634580444
0.0002594311606315692
-0.0010516313314975316
-0.0012121084219664027
-0.0011678645394794444
-0.0009958360216397036
-0.0009987955968461556
-0.0003998102067400513
0.00021057917933215537
0.002050014432749309
0.0020367185113310477
0.002397502074895439
0.0023515615526066977
0.0021209689293700098
0.002410884398280716
0.002547037880400329
0.0036754593839934744
0.0025837989059292656
0.001051126866429933
0.0017241703835908044
0.0015349598316450755
-0.0010970588985412468
-0.0035102155265678953
-0.0040685085379701755
-0.004887421242945331
-0.004259991557846446
-0.003996932445956532
-0.0025084103099457357
-0.0016051602531919934
0.000257003868205249
0.0008291338932909156
0.002497792644915866
0.0016719311766342873
0.0023227568323686905
0.0020731500324307184
0.0014918941142499746
0.0020751067670110894
0.0026869761670386193
0.0020408881703178994
0.00029732277559068487
0.00039225113441974035
-0.00301283732706871
-0.006913179966419096
-0.00901578938827908
-0.010908503863904922
-0.00964071930746269
-0.0075977638684801025
-0.004742256868976516
-0.002928531173633892
-0.0009597218234924307
0.0006766514573526066
0.0013976109220150891
0.0016628718450287631
0.0018864061720736064
0.002583070425516286
0.002019610394168915
0.0028204944049135096
0.0021524123600790367
0.000520576753898091
-0.0002851728694543636
-0.0011444018644954613
-0.007791194050020476
-0.012245280610636228
-0.017584479305737328
-0.018076191062233394
-0.018153110012689076
-0.012512537698302002
-0.007951382687425594
-0.004383332124416158
-0.002417860897385413
-0.00035809263836204656
0.0016201402864473066
0.0008562965656115412
0.002175751083207424
0.0029870759162742644
0.0019008799243574663
0.002028733309834152
0.0006181379000571706
-0.000350749938631244
-0.0018351893175599
-0.0036877902904520776
-0.011111830563827573
-0.02205542943604088
-0.029946867189595217
-0.04045989950417127
-0.02841519088043824
-0.021408858633071876
-0.01078673314740394
-0.005902705454811252
-0.002939557552075736
-0.0004525778547214641
0.0012026835271943671
0.0016893606595758085
0.0025359243186208217
0.002320506198895126
0.0018268076370574961
0.0011305930269955055
0.001827218295003114
-0.0006541453510418701
-0.002730513938961869
-0.007066122839186576
-0.017131748461941567
-0.031387248043434915
-0.06331814566613755
-0.07584396781151506
-0.0601080345126524
-0.02761634807912422
-0.016851800736874145
-0.006326530535039736
-0.003019421965140064
-0.00045501812878880033
0.0009214100548844559
0.0016270053717562924
0.0025111229013247338
0.002198222292204166
0.0026664660979218054
0.0019523357605542887
0.0014276097182033018
-0.0003877981769078054
-0.0027915961778173033
-0.006312795315374768
-0.016307821895907567
-0.04781117591293687
-0.09751960058627113
-0.23600622029557333
-0.09110176312861581
-0.04338165635178485
-0.014204604966527043
-0.0072005212500676884
-0.0009824804967148854
-9.924349629445995e-5
0.0011115320900500294
0.002205197159887889
0.0026248341345538285
0.0027401864720835198
0.00304828921262297
0.002439592858128666
0.0022236325102597734
0.0009865953784301798
-0.0005893876569524183
-0.005285445694118698
-0.009832056272993205
-0.0237616791102268
-0.18763008097918565
-0.6079481205491993
-0.12108414225654554
-0.03309678815017904
-0.008960054563472646
-0.001403669106729134
0.00104370681567698
0.002245414004123791
0.003326059830405443
0.003339068119598154
0.0034377910972314203
0.003196273243210896
0.003950252206039452
0.003614300366192106
0.0035909688705780714
0.0031250965974185187
0.0012384380794125006
0.0014224589774940854
0.021342266430158453
0.03965930808157866
0.260343694164351
-1.2200367697083
0.15050495123827223
0.026927058847001993
0.015236309961818463
0.006173225735584235
0.00505274959080153
0.003159568918730034
0.003389870031804122
0.004112266527379435
0.0037064667933905037
0.004941051229937118
0.004560485637215297
0.004871295341899736
0.0048632327604764885
0.0057900329407263714
0.007118330662007043
0.010054500006217323
0.026857654268988475
0.06571762726117268
0.13570168367890217
0.2601499665389128
0.09110501495254665
0.05277723899174477
0.020789789593820905
0.013091027231152453
0.006963983917364826
0.005261745576955248
0.004706338499249839
0.004508083331242858
0.004702585323162339
0.004346031625615331
0.0049298908600912015
0.00630619830028125
0.0068241760706524105
0.00837223161868317
0.009974145971941847
0.017220247408981655
0.02919718776947607
0.04129270385960946
0.08731572002055368
0.08610922463150798
0.0732658497348489
0.03586225352917549
0.023994469806559716
0.014399609067556107
0.010433807630385768
0.007869315809380375
0.006371470963154889
0.005264786259365927
0.005263185834900128
0.00548140324092155
0.005463788680485425
0.006353584884648905
0.007853774780426107
0.009734034467968496
0.012921621141531652
0.017579044891050773
0.022248367000454097
0.03343404806567975
0.04270410714089402
0.05410704141880352
0.03778156976401943
0.02912728302327087
0.018536507537076752
0.013766180346967305
0.009815618399986651
0.0068510521660942415
0.005870848570649253
0.005556092751954924
0.0060394922984098025
0.004374011314476255
0.005626633952789225
0.0061549488211511535
0.006705195687373872
0.008346125992371204
0.012102930235394938
0.016046270599389425
0.017544228344697557
0.023172161399325347
0.02981908449108969
0.029512453514856037
0.026318775177452403
0.019832027427720122
0.01613094812817854
0.01169318327245921
0.009228418897994065
0.005647891392751742
0.005521160385671586
0.004608067716226777
0.005756581168398475
0.005653713137781264
0.005208058538588474
0.005423979068357011
0.007031403933975099
0.007751180575753068
0.010451217095960134
0.014079798704980115
