-0.0004505852804357746
-0.0005891716314193959
0.02334062251279384
0.011902107255750798
0.007159933492585643
0.002595562118187001
-2.5509217058872127e-5
0.0008490238301710849
0.003158589144141128
0.0019765774190551714
0.000700708039562756
0.0008650898872375903
-0.000946330357908402
0.0030449980261283384
0.002962203339657016
0.004963419714322351
0.008196421073651018
0.01405463449649992
0.020409119380493883
0.02522374969819439
0.03204024373982704
0.04073736015164783
0.04394202391785925
0.03411779311069273
0.022904306542805605
0.009955972773033908
0.0008389965900618846
0.0008274357274986577
-0.00010690205689032305
0.002277754922341742
0.001068798471220208
0.00015305483968668424
-0.0012686646882758238
0.0005799978065124327
0.00014427888305729847
0.00503748342404358
0.003500118214940512
0.005696566433340391
0.010836760176243814
0.016480225893845426
0.024400936778732358
0.03472527720923023
0.04646049143955234
0.0629495246469636
0.07270914294460204
0.06404968075618313
0.0015920236987530415
-0.018515469990439706
-0.006145357536890153
-0.0034587580000016794
-0.0008871604139572922
0.0009446925637015209
0.00037385371045373485
-0.0005988820005700874
0.000531896519562845
-0.0009062570346466179
0.0008928589629963023
0.004074333159492648
0.006128948991190665
0.010117225893528191
0.01236308540220569
0.01957199485498483
0.028320578589923165
0.04503646717175459
0.06794340334251184
0.10685330604471804
0.1470671877924762
0.13139403105021305
-0.20952322337956095
-0.05405196479214149
-0.02785671024008493
-0.004883538001121633
-0.004619727574417501
-0.000989142564733586
-0.0002026826883584116
-0.002989180720522764
-0.0020743818211041267
0.00014411574837444932
0.00280710230040242
0.004647155441636282
0.006306069811360394
0.009467216227655388
0.012979565477291384
0.02026917830990131
0.034463362256857616
0.05655924684236693
0.0917074053788197
0.16114472065304875
0.11603727087754048
0.42624267321888193
-1.6722293337594814
-0.18522880905610353
-0.03508597501703525
-0.0181667734794612
-0.004798609566940408
-0.003133626587617763
-0.0005420159862784832
-0.0008368647589138314
0.0008502390589342057
0.0007619648168096561
0.0022064673811147493
0.004039009744466378
0.006120602093058828
0.010387985707228759
0.014382408544533596
0.022495769471918337
0.036544874133739226
0.05956975434685448
0.09871134128243045
0.13703326348321848
3.8707734511126533
-7.067380827160928
-0.21200979399769523
-0.053955961922154454
-0.02938279259294986
-0.009026508478416127
-0.006135088053824441
-0.0005978991491299519
0.00039320771735552006
-0.0009242075674647274
-0.0008318067248224585
0.0002106121274395124
0.0025952733995414645
0.004430593214641254
0.004827328436476634
0.009187477963354243
0.013073708595656874
0.020706018555368272
0.03521769704412484
0.05404218528788671
0.09011281298561617
0.16155658261701808
0.12029444789934159
0.4334761654887104
0.0036088961982931626
-0.015041629721356592
-0.0024157629388221963
-0.0015804400335851037
-0.0015623678224313963
-0.0008824682848454587
0.00042605557473224644
-0.0018358011244394893
-0.0006193913407125363
-0.00039593174790388593
0.003103459881371359
0.0019854190785897814
0.0015135684542584335
0.006729642218252216
0.012757601936077795
0.01808341660208577
0.030190744450645957
0.043978618517980586
0.07046413996246308
0.11183310804276891
0.14810518399950917
0.12845094873620416
0.022958781781605746
0.010745921172450547
0.003852209104651143
0.0030681859790139387
-3.690339680800469e-5
-0.0003388910272979674
-0.0007930473434501898
0.0008041033558647128
0.00171223082531833
-0.001954352212330545
0.0029145246852028224
0.0004737743672711212
0.0038540162458619897
0.007408765940669452
0.010605964909551426
0.0157474104014788
0.02453441138336855
0.03469167154354629
0.047863694491292755
0.06616512405394663
0.07159129962825024
0.0625182609413784
0.02337648845382674
0.011550583942622672
0.006888131381239983
0.004000027310816121
0.0013039216587428905
0.0001689037157691337
0.0014164835610381793
0.00012587955576632328
-0.0003956715960300165
0.0008834721514599268
0.0016274278068595875
0.00038655520090294284
0.0023180040068417887
0.006125045091294997
0.008667273042140327
0.01259438740935975
0.019300145868200447
0.025610004595393508
0.03166654203165984
0.0391431789079286
0.041324969356685115
0.03665936960559371
0.015937878978126492
0.01191278495217437
0.00534282029063185
0.006371661260376391
-0.0014122034455028598
-0.0001214692734169829
-7.113609159476201e-5
0.0006890404489209654
0.0009696158679677964
0.0008801433717130495
-0.0027240284712561325
0.0006859422314227505
1.5188734025376252e-6
0.0016645933121697517
0.005808626068687676
0.006106084789815393
0.012595271610273627
0.018309995742542516
0.01976484532041172
0.021784197214454737
0.02216095707896748
0.024479259285317377
0.013500174118187226
0.008270637393750724
0.005459589699107442
0.0036321297942378344
-0.0007275456491218945
0.00070856224578209
-0.0018558797574889305
-0.0032394217253015637
-0.0033294681718973322
-0.0022898473761262233
-0.0014946817633952293
-0.0013771118253382416
0.00026965235696264
0.0005443053662273241
0.003371017346932084
0.005537565561555269
0.009054909157180586
0.013638100960760043
0.013821525282653917
0.015505858206085295
0.01671077748811682
0.017487659758661248
0.008598485574651746
0.00720763135852966
0.005499200676333253
0.0019343404505183781
0.0012674124824656869
0.00045464981379603913
0.0008136957309601417
-0.001900105472571946
-0.0023265694293863
-0.0015113853203263749
-0.0024159760006993046
-0.0041651649825039955
0.0009538456855127438
0.0023628066578578483
0.0014046641649504634
0.005236877591115269
0.007579396007214354
0.008061888104192665
0.009373329618750675
0.009463130899632915
0.01258572708199279
0.009898776538100871
0.005073630633915698
0.0033533510247176677
0.002981819067921339
0.0012754848074958422
0.0015914562040730764
-0.0022517742603746457
-0.002270049524351972
-0.0038097613184282586
-0.0007009555951417794
-0.0008405942627526582
-0.00218352820152293
-0.0007917548883983278
4.075449820208391e-5
0.001623292242985198
0.001172895148165595
0.004343642539406302
0.0038008058503177034
0.0033824191600853337
0.006932298351507267
0.006703647018790262
0.008177194760274386
0.006491755842266701
0.0034617814715254816
0.001555253974844871
0.0019325301161975449
0.00040367074416583493
-0.0025143819469835857
-0.001977905598240938
-0.0007145269765635358
-0.002397634882259656
-0.0023734502740753592
0.00024843460850279374
-0.0007690633538089117
0.00021544904214756174
-0.002112707912128509
0.0007629139811881464
0.0028027560686863353
0.0036904805681594443
0.001764432647626774
0.0021277448864376537
0.00533217680232217
0.0047583619952919366
0.0074210141376816465
0.005333663319778737
0.002930355310989523
0.0015818132224880374
0.002574743755161272
0.00045379461544750756
-0.0019178726293456782
-0.003996282220105882
-0.003795715733605548
-0.002919368642840327
-0.0032018927634832493
-0.0024176541991185927
-0.0003656174849127168
-0.0006807858600080823
-0.00011586189555390407
0.0002055579175943424
0.0009459015916687785
0.0009837637292557234
0.0019335971013633808
0.0020028338343316423
0.005263704247387289
0.004137370150853888
0.003946352112579342
0.002657560660577247
0.005044984486896854
0.005351532117009776
0.0018831212644779816
0.0011330062785055313
-0.0001292306452219607
6.305273024279388e-5
-0.00047171589065642
-0.0010945945823805016
-0.001588750366529198
-0.003716949572040217
-0.0017384771258533369
-0.00029524618389514053
-0.0009527552108948331
-0.0003607606284126778
-0.00048665110556572494
0.0008680521338950332
0.0031095846262678716
0.002071512009661103
0.004214182406056673
0.0027294319809992493
0.0029721666604518096
0.00529102101420414
0.0041893061609901226
0.0036891028322470114
0.00032483868708863776
-0.0006829095601104855
-0.0002013507730639477
-0.00045245319661258994
-0.0019316326374794563
0.0002988745552748182
-0.0011512970011418287
-0.0014494700266405574
-0.0033244756754592314
-0.005254646791597745
-0.0026547390267092187
-0.002031881785363975
0.0010666201053774228
0.0035243645251365387
0.003086732293275064
0.002865699854612869
0.003989939944393068
0.004477236126870864
0.005445205355935569
0.006368086038885298
0.0038936012875092417
0.004841599096215925
0.0010032977873168163
0.002343069356624827
0.002566936276619838
-0.0009599113800100821
-0.001024930351126785
-0.0003701592224889894
0.0010699221762336107
-0.0016511643452370934
-0.001899420675659564
-0.0024095173178773333
-0.00032798137228693736
-3.1067808716741055e-5
0.0011002681691605256
0.0032880979155707167
0.005267849845305912
0.005146590157566359
0.0036031890156680148
0.002046312709236257
0.004455259788656159
0.00423146310971035
0.0043363880706643095
0.004368845438740451
0.0007238963912503745
0.004412688357246197
0.0037272897858786833
-0.0007036323130960525
0.0007722446075770649
-0.00037835551133216235
-0.000812291636189954
-0.001633616685703055
-0.0007528389192787087
-0.001720312515829799
-0.0009847294575667915
0.0014530756470781427
0.0016479634550904273
0.005073574318054388
0.0042920179411649025
0.006054933216435166
0.006049152284677289
0.007004349863232766
0.0066814674004883855
0.006140940634216209
0.005849226109427919
0.009022061439157462
0.005629430575974011
0.006772685550787886
0.004389458917644743
0.0006579684287033683
0.00034852133134327456
-0.002371486636768593
-0.0038471647891790755
3.344680523028015e-5
0.001965957125839507
0.0002868778518999057
0.00045519020044814507
-0.0007720666604301863
0.0010416274600384486
0.005555302004656169
0.008712225816136204
0.00861152954998215
0.00898510424565072
0.010991021458829776
0.00991556124881824
0.010764876934919886
0.010882263856894977
0.009223558918510464
0.009608572678512714
0.007157830109389297
0.004032268389296113
0.002647220667849797
0.0005788635654904557
0.0003098130979443574
-0.002530189625972147
-0.00023597829092916674
0.0021453696097544616
0.0019612238166762316
0.0014652753514444576
0.002731263700037188
0.0047769140545440205
0.0072518305059188215
0.013211691941269104
0.011572917309064129
0.014353337366892127
0.016842183675199327
0.016722433013660422
0.014235185673293547
0.01699661205767835
0.014170387609485432
0.008724532963757537
0.005426002181274932
0.0017066559703551518
0.00407848900662836
0.0006303361002220284
0.002675611113971946
0.000848000930816035
-0.0001578530307251787
0.0015997411147128473
0.0006193648043171226
-0.002618175860152342
0.000827889152797441
0.005824033809898331
0.009852945820658527
0.01652749243932639
0.01753773353001965
0.023990609589187622
0.028505462563462584
0.025944867771416084
0.022131398982515392
-0.015043794507658019
-0.018577487575435554
-0.017108266879532142
-0.01622704952513149
-0.013132373222100088
-0.011097939247453203
-0.008866112975987373
-0.00787032900310794
-0.00636803351826006
-0.006789830729230261
-0.007455827476595643
-0.005068955145071677
-0.00509471306089118
-0.005561113053726278
-0.004199979107684249
-0.004571885333749914
-0.0036757779517811624
-0.007154279051847042
-0.008808738981471024
-0.009559015102141123
-0.012602615017018651
-0.013549911844337148
-0.013597865958377666
-0.012089811641799673
-0.014351005609358331
-0.010369867848566519
-0.009819664503293456
-0.007976445100149755
-0.00813045738676579
-0.007148945093880623
-0.007763978426332828
-0.008452814785533657
-0.00838800396047651
-0.00555583909678543
-0.005550521938919314
-0.004101625358814967
-0.004674084082898067
-0.005125946524972351
-0.005044191473566523
-0.006829840352492795
-0.008869395201366771
-0.007417249722891817
-0.009761970931418066
-0.0113454910934033
-0.008869372609514545
-0.008741261596073443
-0.009952185871816543
-0.010616767596646298
-0.009067870569990996
-0.008783663632693065
-0.007444901181342287
-0.005221063214330777
-0.0064555125338205165
-0.006982272416287641
-0.006704557640677317
-0.006553259536167654
-0.004793727613439717
-0.0035174861699841676
-0.004609027213080341
-0.005985890523248887
-0.005199776001352824
-0.0064761533020605035
-0.006382347210599688
-0.00377478116280902
-0.005492892192144842
-0.008426611514934868
-0.008008460034575069
-0.007755399118083559
-0.009692675516606537
-0.00827359385273845
-0.008878646179177186
-0.009083372733667152
-0.0066406106808417475
-0.005064368398328358
-0.003991516167005297
-0.004251177749552305
-0.004494873901944839
-0.005582954839706439
-0.0053028213642529794
-0.003689528627117913
-0.0034843863081652844
-0.004889913678228447
-0.005808088530118901
-0.0038337811599837507
-0.004244453272967872
-0.004007803861341795
-0.005943576660826764
-0.007950447915057208
-0.006720948749383436
-0.007443990532452204
-0.008896162898063244
-0.008072177609942595
-0.008381798770038173
-0.0075518539148160405
-0.005931093113371513
-0.004854124218148397
-0.005345257803914078
-0.005218848137380164
-0.0045194378770932655
-0.0058828401947398105
-0.005891667081570302
-0.004370260688803327
-0.003531060922383139
-0.0033689608469164582
-0.004664827148419909
-0.004493493799432854
-0.004448145169896899
-0.0056399465183867995
-0.0064070702925313845
-0.008072297756763472
-0.005195520093580933
-0.007422642170132251
-0.007705848763480522
-0.008864717201113457
-0.007039426557107428
-0.007072967120983436
-0.007106661722250959
-0.005645634463337841
-0.004123857266079347
-0.004770999160847498
-0.0049685764233755375
-0.00487686881486834
-0.004453349491306452
-0.0035214981213392356
-0.003845631832231014
-0.002476755729267798
-0.0036440147415436946
-0.0034870696248101504
-0.004349704155084871
-0.005771702545244981
-0.004469678482052301
-0.005889599800902047
-0.0056760626127280375
-0.0065268054074197595
-0.005585492428141112
-0.0063217433864139715
-0.004331296073012211
-0.005395248788029329
-0.0058865723719767225
-0.00483168754713124
-0.004965748034922685
-0.004631475347383073
-0.004342914107615788
-0.0060301043176171605
-0.004530186854859824
-0.0040566636998882796
-0.0037262186540890784
-0.002684721878281799
-0.004524070257751072
-0.004436627990160976
-0.005345271636055321
-0.006011259657305913
-0.0055112052727755
-0.005427726365589115
-0.0053220722036033796
-0.0038789808904179835
-0.005056471387827162
-0.005243708554052885
-0.004375314215835136
-0.004452438365436806
-0.003860056966292602
-0.00384104198917521
-0.004099956278881821
-0.0026595077754731963
-0.0015298547080915754
-0.002793697768421368
-0.0037263659753073433
-0.005226484687586232
-0.006064535664726748
-0.004655414658080554
-0.00411475393898565
-0.004562910768357933
-0.0047581954754419495
-0.005929878078399524
-0.005307146407217253
-0.004098892385837422
-0.005081164576347432
-0.0042955261051509635
-0.005492615403340228
-0.005130667448661435
-0.005394282982957787
-0.006710431349879361
-0.004740286225877997
-0.004757542564419751
-0.004497948949075532
-0.0032755950018719007
-0.0028317798376295226
-0.00217530131149992
-0.0030343098799673483
-0.0056522456574357545
-0.006235270274087769
-0.006416435027480819
-0.005356713883228091
-0.0055480092322033586
-0.005328936621369654
-0.005658255942616375
-0.005473403104805223
-0.0060235056738362595
-0.0066251049324432855
-0.0061321410949760225
-0.005969384474186051
-0.006047401787500319
-0.00794262179688068
-0.005737128261262197
-0.005212569858259986
-0.004844553968840788
-0.0033745360585490094
-0.0041638062266398145
-0.0029820799663790466
-0.0028063388598439263
-0.0027839218920914766
-0.0015687280898868776
-0.003169588913871043
-0.004569998470336241
-0.004019807029761895
-0.0041958831419102605
-0.004316490657310303
-0.004149689506338897
-0.0066636664749336
-0.008695610179679765
-0.007582606121916918
-0.008795938604658791
-0.008599828704882469
-0.00660961591722619
-0.008550216812212722
-0.0059376105229067685
-0.004434430139246134
-0.004957631641719693
-0.0036342810477610647
-0.003234481806733598
-0.0034078508691448082
-0.0035903187038666276
-0.002707797114213764
-0.002398483680570734
-0.003219000335735676
-0.004748093743973942
-0.005948186051781298
-0.005817193213685787
-0.005094095765849454
-0.005073299739895833
-0.006036614772198434
-0.007589895470987522
-0.008586435810104992
-0.009390232210994574
-0.009648044946468837
-0.006600801457493909
-0.008049861379482525
-0.005816202746396162
-0.004088844149533882
-0.005953751349741961
-0.004353886416065767
-0.004771228611163332
-0.0066917320055966505
-0.006791388692125136
-0.0017109771841867624
-0.002692974556344764
-0.004969509370915652
-0.00810051541548016
-0.00637276063891359
-0.005246697516197257
-0.004021965021257321
-0.005866121404781145
-0.006434008405780697
-0.0072938528900382705
-0.009273770353013853
-0.011061091864519625
-0.012576430867321058
-0.011092971219885894
-0.00873978664261246
-0.007146811263239434
-0.005417534469334792
-0.004875052357343409
-0.0058735566905098345
-0.0046538249709789205
-0.006774055202005093
-0.005871725894381629
-0.0021489733979021975
-0.0021631408548168627
-0.004420869166238599
-0.004989678685875613
-0.006389550108173813
-0.006742801372036771
-0.00621823219420797
-0.008530557758961476
-0.009387550866972221
-0.009433262332413017
-0.012452874107205998
-0.013073289773317542
-0.015127602006409082
-0.013066052683522213
-0.012002364733238081
-0.009158351569885448
-0.008107899826557349
-0.006758042317639607
-0.007058065816688328
-0.004358696941724655
-0.005178032283511144
-0.004503229194199698
-0.004869437540223142
-0.0030909608151925365
-0.004514765528311634
-0.00397947446413837
-0.005017610449750368
-0.007453656191891453
-0.009038524072072568
-0.009004862601939424
-0.011508385924585026
-0.00965950220043556
-0.013803669891820528
-0.016632646542929688
-0.0176162773592879
-0.017911965289945448
-0.01461063334101062
-0.013353357547489127
-0.010127274916715752
-0.008129462930316723
-0.0058897972198441225
-0.003844672648248798
-0.0053387659586569694
-0.0036922806409108704
-0.004844687643511472
-0.0023788213567013175
-0.003542569391476236
-0.00512141829914734
-0.00614821893155991
-0.00741941506466879
-0.008528600039192482
-0.011425204331301859
-0.01435392227172727
-0.014427585553315168
-0.025216936536748703
-0.02022901827237762
-0.02352516201086103
-0.022054231702450525
-0.018326299114984904
-0.013766413720856357
-0.01046103618810055
-0.007730515595948566
-0.006338551232497924
-0.005384057349061846
-0.006257265376735088
-0.0037639582542529438
-0.004557499878466864
-0.004028945026345021
-0.004183723493581991
-0.006146453787550599
-0.008122286501620257
-0.009216408901687819
-0.010907489817823265
-0.013932518691583882
-0.018665104900691985
-0.01904887237331542
-0.04817113882372482
-0.021310922542792887
-0.02174666307672548
-0.03245239536170599
-0.022439173345210194
-0.017041454095822906
-0.011104461207029995
-0.009611199730260908
-0.006186065435647063
-0.006976401558938744
-0.006958214868654186
-0.004854569056109997
-0.0027578402505122304
-0.004207503595065579
-0.004507037243626472
-0.006693927181924179
-0.007559269397176216
-0.009770537728256234
-0.013880845117702548
-0.017987384993821635
-0.021845429378187224
-0.03245808614567024
-0.4555870787078106
0.12934098984882736
-0.01787647697172658
-0.026593996681123673
-0.025358006703070046
-0.015937075484093295
-0.012925186179240357
-0.01080695182037724
-0.006082624587185838
-0.006814334767383069
-0.007418502660243454
-0.004278564244421756
-0.0032633484030884486
-0.004278002421110128
-0.005258901470496313
-0.0065546806951813225
-0.008201696974866618
-0.011210578364955747
-0.01649824582867397
-0.021658214363158016
-0.0422028218694494
-0.0708339733164477
1.6568782570862821
3.4622087765849043
-0.021666976534899237
-0.04404379111878646
-0.024782969543369556
-0.01945906977482038
-0.013871924439901066
-0.011573742408089489
-0.008089943911668786
-0.0065939350726269405
-0.00426305268842813
-0.004327100578236267
-0.0042311437438216
-0.00481557065641862
-0.005299769165827457
-0.005730399604252973
-0.009117318178330122
-0.012328343050901486
-0.016024458143862177
-0.030738506425601553
-0.05151527896611513
-0.2477024272707967
-0.4478240271835914
0.1285648086403989
-0.017192476375634532
-0.02498647757591897
-0.025480891146936503
-0.01690746207063999
-0.014617590274333047
-0.01107928479000953
-0.008756453904678684
-0.0070816917483190476
-0.006368044310406161
-0.004303355298930411
-0.0038394083131218187
-0.0045652232457137195
-0.006202152731058662
-0.008453840590999937
-0.010557636095843172
-0.010983103465964563
-0.01622294296127228
-0.020918033746244936
-0.042091355379599016
-0.06848026003148847
-0.04763939719043907
-0.021252659240550694
-0.020213531575242975
-0.029238466046317944
-0.01952239680090428
-0.014587684701899192
-0.013512828708843395
-0.010421433434637662
-0.008328697057731408
-0.006197970773119785
-0.0063107732642148145
-0.005214783858224518
-0.0051864370002748135
-0.007084208901274203
-0.0064403183160071445
-0.006846856651659872
-0.008302872109881367
-0.00973142403357606
-0.01301978930666326
-0.018205938776779142
-0.019369898020606072
-0.027844345666322205
-0.025045883189172835
-0.021995190005693603
-0.022676294542312826
-0.020795944142269616
-0.016434689838576336
-0.012283032424407493
-0.011466212482149808
-0.00934603300313669
-0.007768561794561895
-0.006735587450858032
-0.005633044799252563
-0.005496759336150002
-0.0037786884991317026
-0.006963188990284212
-0.005228264263233426
-0.0054869023871739865
-0.00687171853187955
-0.007728020888994361
-0.011439323209268508
-0.013880120879294727
-0.0180132627560853
-0.015020095412134789
