-0.0014271084814453585
0.00011538796677661888
7.469794121031964e-5
-8.717167921325382e-6
0.001002795829772519
0.0005514740832224484
0.0006258851798888326
-0.0007337530344194894
0.0030509974504258873
0.002232170046917359
0.018131618336095435
-0.010574207954803475
-0.019229620476454372
-0.025776411940535027
-0.022342824885953298
-0.01734825633048505
-0.011878422743137987
0.0015931591631994772
0.005300136425655789
0.006123062099667412
0.07952524575326776
0.12139886219550483
0.06704536270441311
0.034536084729034175
-0.0077316151849650995
-0.017327323135179807
-0.02035794141742479
-0.008159752577711
0.012662487755631599
0.04054233756955621
0.0628822365302169
0.07938371143825672
0.2310242701272417
0.20142842379419534
0.18447892666473326
0.05487539977239965
0.008925931117483316
-0.013639737581497152
-0.009773738786219099
0.005779620959366654
0.03130906563496381
0.07917394548950618
0.12911327969402842
0.15118010356241646
-2.968837940696407
0.4585579637153578
0.6238118895856463
0.109192185863847
-0.0033477376806065008
0.0004870971847036952
-0.010109276322823848
-0.0015301362409742714
0.040711903797326476
0.10822984354865989
0.11262557414935227
0.1257882301090557
0.1903412293353489
0.4750520185107585
0.2815977557517721
0.07036234544446676
0.010844256920771083
-0.01893312266891585
-0.015846969940239767
-0.004544652596650556
0.013156471642633909
0.04147441087438643
0.04234272910817684
0.24309842514109706
0.10824239576153892
0.18170655903515812
0.08667096160610128
0.03143310830420581
-0.0123062068058806
-0.01903190482250399
-0.016853396727035595
-0.014060858784155573
-0.010754882404628718
-0.014989999883061097
-0.0033374384521972326
0.04194119097384688
0.011142345832029879
0.0107225612769477
0.02513240742374868
-0.0023746616214586594
-0.009110611386881927
-0.02372983315193389
-0.021660622080819616
-0.018274671627914258
-0.020869718315232915
-0.018200460351683025
-0.021381199729282943
-0.0031631077388159182
-0.021634145297100688
-0.011312375170695606
-0.01679182218799849
-0.01175165378610122
-0.029808013396934917
-0.0338183738106368
-0.036426127596358306
-0.03038227843592817
-0.028602485569543194
-0.026632381638738923
-0.024132727811793545
-0.024410008346984844
-0.026915763992832138
-0.032925247149805215
-0.028970991290417084
-0.030010852302515028
-0.027877750581626237
-0.0332932204714866
-0.03683540603047056
-0.030190451905896944
-0.029594455669680886
-0.028282021161814674
-0.03257111829584777
-0.02827083801490089
-0.028550924515723834
-0.032463825025494365
-0.030648515527709166
-0.03667738734841057
-0.030188100310651594
-0.03746110466708744
-0.032687605916397626
-0.028967456120503946
-0.03314875008614552
-0.025773290834161685
-0.03358533650445281
-0.028428364880764827
-0.028058344909262657
-0.030041537737855877
-0.027049700055987672
-0.03306471264280859
-0.02799562943350955
-0.03107356235900417
-0.025393221448977137
-0.029972906086161495
-0.029880689620421022
-0.02392684812382311
-0.02783241913885449
-0.02975797651999066
-0.019894919339318865
-0.012234263198102143
-0.02550369418255035
-0.022306207672634994
-0.024839724525002514
-0.023651752727186472
-0.018695545209455947
-0.01771814823806543
-0.013430423015278909
-0.01809676609942806
-0.012614544467240429
-0.02061832823717142
-0.0036865453139400617
-0.004084832985994779
0.005110598780152874
0.009153210604408466
0.033975321717310075
0.029917286872695216
0.018121626877777693
-0.0037199560155280744
-0.0003359771565370098
-0.006374115823130452
-0.003839647103384285
-0.006509756582481357
-0.005241310477177423
-0.0010347901650514927
0.0004753199354858113
0.025300992563052165
0.04885031606795958
0.1655117166425059
-0.02985112381477886
0.003987915284044689
-0.012140009141779765
-0.0037697990381963115
-0.006393998896841691
-0.0036990205340687115
-0.0031443370594768563
-0.007291681338355306
0.002789471127200977
0.0009726449168186939
0.1677853253312858
0.5062889240438523
-0.16893991411332474
-0.049151745014557956
-0.0023922102180607132
-0.009203397737532768
-0.003067581810301918
-0.006270105591330892
-0.007932788403880963
-0.006206527464774361
-0.020905210386497897
-0.03368658273853792
-0.14952236546146389
-0.4459437134597484
0.8387222190333002
0.037927478457771044
-0.014525303383963581
-0.0013756882093583333
-0.007520725201266522
-0.004691404238446687
-0.006584308192972705
-0.012564424075177702
-0.01610653165635291
-0.043603158679008394
-0.057002103214626114
-0.16329508138317467
0.0058050399430514535
-0.01642338110114974
-0.0006360861338799936
-0.008144029116647793
-0.004381517371195952
-0.007747046774549239
-0.010364226340587842
-0.008567008268086155
-0.020050094972136584
-0.022589214276315807
-0.04286171601065767
-0.03567139008411316
-0.024538511917942814
-0.0027873126119341268
-0.009299439011395965
-0.0036160609793040527
-0.007135358170450853
-0.006465032476137107
-0.006880510145330997
-0.01038450368556956
-0.012520569205318523
-0.01999811702564266
-0.0168537363642391
-0.025856625438050028
-0.009200536583917831
-0.010895641971478154
-0.004026990787472679
-0.00814869160651732
-0.005525313415926337
-0.007969226824904462
-0.0071935093436399635
-0.007067967314962798
-0.011358726924025269
-0.010267975793206239
-0.01565911651544299
-0.009795287274110099
-0.013282313209892921
-0.006010344430405057
-0.00919760975855213
-0.004395239307761036
-0.0070212191262549375
-0.004833655491152692
-0.006569903046239522
-0.008304087825554744
-0.006678517348272396
-0.008321131472794684
-0.006956114345807779
-0.009555505612040225
-0.00580440722782762
-0.007256835975341465
-0.004457815734419462
-0.005965200947266444
-0.005107921057011793
-0.006514486731320369
-0.006110046765239259
-0.004383846333729692
-0.005965356621243963
-0.002594140027467662
-0.005299666753782217
-0.0026311210991796204
-0.004859322758390265
-0.002128739081054286
-0.004651107618380276
-0.004211159495309351
-0.005337403775419581
-0.005094080047391457
-0.004449974956727378
-0.004421490602809658
-0.0012420791773872044
-0.001665223298977027
0.0026779635829923976
-0.0002110689792161389
0.0021476118495240195
-0.0025288929116498056
-0.0013833983573837013
-0.006061503546924481
-0.0037640093596427093
-0.0061486025664363505
-0.005347324399423212
-0.002417618818791638
-0.0023053839915813984
0.006726133717124045
0.00869351148856221
0.017478120039957305
0.002008294499078485
0.0038088671729518057
-0.005085694257673248
-0.003324746703956256
-0.006250713475164175
-0.004841641840303201
0.003903679945022886
0.0001548353117293954
-0.004415878099313319
-0.007699440341312379
-0.0081995274643341
-0.006209960316035272
-0.0044361461390189805
-0.001728575045910362
0.0005376334400437159
0.0038608509875116383
0.004630618803417721
0.006355650393008399
0.008937408811586313
0.0021849959252836088
-0.012078560222605247
-0.014833076927357615
-0.011252274867384872
-0.009513117365713619
-0.005475454394859008
-0.001869253217105264
0.002410274239588634
0.003042214865153721
0.007297197043506852
0.008789625182820927
0.015019076851662806
0.00877704439393095
-0.03002044848467713
-0.02394233616260001
-0.024557346643626264
-0.01397298409508374
-0.009994054975817231
-0.003242048438022837
0.0013011037363598174
0.006557479215344523
0.00976409391228963
0.0147705696440771
0.0432140511965583
0.03414435501451704
-0.10824305915984862
-0.07568078928449819
-0.03759629105227049
-0.024629194283286
-0.012063663123601411
-0.005860858655439606
0.0004462672923650973
0.006736993168466447
0.017101445800150814
0.02416183558338064
0.07566680619533335
0.1652452510836075
1.1488057878167717
-0.1189905662850815
-0.062368125578243824
-0.031108894305275074
-0.017726045184507135
-0.005082750308222058
0.0005710201047205846
0.01117255147839824
0.020472497515515498
0.0477229903366736
0.1304451982476973
0.22981117743455445
-0.9771635162099668
-0.1531885372768485
-0.06631674962580462
-0.037808793346974366
-0.015858283132978178
-0.007302419218191345
0.003042637612954444
0.01061632804702811
0.02783564968034536
0.05106290644889652
0.05675348276320965
0.0726126385805857
-0.042396824897003436
-0.07412678976498169
-0.05288380302911529
-0.02758558023227511
-0.01748866032140118
-0.004843119350528764
0.001108083631548035
0.01071347248912333
0.019203694583792223
0.03997134644527589
0.0319701383954728
0.01956034479824545
-0.021065581861550896
-0.04069799140202444
-0.02669890694056208
-0.020614902730399357
-0.010639342122930894
-0.005729260822564502
0.0024550583334763507
0.005859559884687019
0.014581652128814125
0.02071795739521872
0.01097630274723678
0.009812501575061427
-0.011281086862045245
-0.01436031974242164
-0.017557717664030616
-0.011130700652059674
-0.009497514821631536
-0.0024963075391950377
0.0003421426465988395
0.004769171431319079
0.008082598254496734
0.013547893139966358
0.008831564491439996
0.0011838724603881086
-0.0010515474715285258
-0.008897126785338159
-0.007887350898233154
-0.008449514513009779
-0.004036941881133233
-0.0023813893244621887
0.0009542467410788335
0.002968719531758001
0.0077130335213160895
0.007119937948173213
0.0034487630452942563
0.001937506638933229
-0.0030925199630292186
-0.004284140897123522
-0.006677434118442655
-0.005243782422038729
-0.003708930388644064
-0.0005358940800378538
0.0012220826925921355
0.0037180250586745177
0.0038641885100782164
0.005266111340842466
0.00346474149717578
-0.0008984036066034969
-0.002524727086469534
-0.0061376680265202745
-0.0051991577549350635
-0.0057906442693162604
-0.0024369671195174666
-0.0023026578220814017
0.0006795091198283808
0.0025551753672498428
0.003547134859121729
0.004277474699988052
0.006259113182503481
0.007681603838923451
0.01048597922129037
0.013152094307296176
0.014016808657860974
0.013748179674513994
0.011482978720881604
0.009217132919298912
0.009804423239485684
0.00746706816594326
0.00549093864888857
0.0047572963619573454
0.002198519418794531
0.0059345669273265554
0.007151055909411605
0.010308342013253577
0.012078880898818893
0.00851009535515368
0.004375049015616974
0.0010291151200356413
-0.004784952504639743
-0.0063320384481752754
-0.005490482315636061
-0.0026820179384741323
-0.0024118351317437203
0.004339506163684944
0.007935143652084227
0.010235955128693732
0.010241046776851111
0.007060574072379637
-0.0017745684987034121
-0.014004685126744645
-0.027949475169529708
-0.03275366790527065
-0.02201427068455411
-0.012239055706395921
-0.008895016319586916
0.0017877829694113695
0.0076515740643677355
0.01056250107349254
0.010530424627833912
0.006165114675680983
-0.005064114673056589
-0.03398748927953967
-0.06784413949737544
-0.07729994647267235
-0.05080125495015888
-0.024118531849343348
-0.010313962167741747
-0.00037748786231322454
0.007000358591372609
0.010584205032751355
0.012232448916783673
0.011453944792556507
-0.008268415685281454
-0.05914987991657604
-0.20507338259706365
-0.217308053009409
-0.09958579822890141
-0.04241650402930938
-0.011484221966339475
0.005022136268858913
0.009616276377298807
0.014763839356036354
0.020132417981270075
0.023323461413413828
0.025720668047187388
-0.07195438770322353
-0.6245411513064778
-0.5184953257070478
-0.14426518235949573
-0.03960441274868049
0.009856151417747505
0.009832624452279407
0.01392131948056883
0.017443515558087975
0.022589467775323196
0.042499188700644244
0.08393808803098157
0.21736557000990683
0.521307895907739
-0.9588668626291579
0.08061647980713994
0.0010257822186819487
0.016878696233002904
0.015544181184317366
0.01598194725768006
0.02034663233195267
0.02730413552195412
0.04131023008064803
0.07335188255059753
0.12103928769411756
0.2227976709877346
0.18050067777525675
0.06469907939982308
0.03142428800498495
0.019908712503349697
0.016293354714096576
0.018110912401315144
0.020810031529623612
0.024868874288495223
0.035364128629128036
0.052069990821245776
0.07258607901266352
0.08789006803106786
0.08541949701062747
0.05051463497585178
0.02817456439239212
0.01793038348647688
0.017615916593480486
0.01787639726172013
0.018581372512176775
0.022418608439633093
0.029050415349674653
0.03804749629707484
0.04527356418253326
0.051978625801525395
0.04555840757473393
0.03312251984680871
0.025006551539033105
0.016666186359054508
0.014060153615810065
0.01614205874516774
0.015761608418046625
0.01829800402748099
0.02167945551286154
0.027197300318080837
0.029643668873146026
0.03148255224069949
0.028858079114003333
0.02500204771395331
0.01960506726143878
0.011323804646818
0.01244311679287829
0.013173026941226292
0.014581476360654176
0.01664144350706043
0.017845735245890247
0.01868116387405433
0.018701604875542267
0.019146537226941852
0.016372459056939754
0.015085256316299395
0.012506242034395041
-0.00161442186966233
0.05290409265017202
0.060974469823207304
0.057339816008732544
0.03305364555879444
0.023286030137883506
0.009761633429276254
0.003928708494764626
-0.004178128576308012
-0.006898235252068124
-0.012973601656727235
-0.005294757695296588
0.006548726248517902
0.015828372621486116
0.03513570923137473
0.025661389574001416
0.023779737405865194
0.012411704578231033
0.009873837924429519
0.0023968819366259955
-0.0011751487506425843
-0.006191075398697637
-0.004673371788641282
-0.005774441138099942
-0.0011255436762190154
0.010359693086355492
0.014723295448499913
0.01652316099202832
0.011683065530983147
0.008164866253089565
0.004612877796501888
0.0019871178665386295
-0.0023094330366007507
-0.00143017982198088
-0.00378780719561186
0.00029145812447974154
-0.0007591364554332789
0.0003956470527878261
0.007546827038126521
0.005957269942828507
0.007651119546651664
0.0042901952306083
0.004068748218292419
-0.0002825213053300351
-0.0013608667686273877
-0.00413864256708945
-0.0039222495908415415
-0.005568822542085944
-0.008707221990212517
-0.0036573262822711134
-0.0011041329111132407
0.0033460762033350887
0.002081000054127717
0.0035702504155791337
0.0010576625632837276
-0.0010129525958085263
-0.0038762440994796034
-0.006567719284460791
-0.010237166467229355
-0.008355497592791921
-0.01646271480969209
-0.013830766449021528
-0.0028762376367482915
-0.001322601322286321
0.0035264838195881573
0.002059161622145815
0.00031144916106469673
-0.0026686745076192056
-0.0035901876724651477
-0.010851194087740117
-0.012298295548577568
-0.018671150458958684
-0.03518686291000407
-0.02544281517292325
-0.010120936284634029
0.006294519011423513
0.0051053389932073845
0.006618500381986353
0.0019078322316946994
-0.00039767543749768023
-0.008210166465401292
-0.012634874817971866
-0.02256462256407759
-0.027554344739729442
-0.05572585619726401
-0.07845526584064287
0.01170607511564418
0.010357272897479808
0.01869418898609282
0.01035526733739327
0.007165758882748022
-0.0014757472302925334
-0.007234481001271578
-0.020963172551335906
-0.03163694851979294
-0.05630716352659652
-0.13598640711269805
-0.26516862265658775
0.023371043798684404
0.05087040248111341
0.031566852639351974
0.02346296135221883
0.007531640214669027
0.0006353024381352488
-0.013061196282118815
-0.021128043284895395
-0.05359306743787223
-0.06669166743095784
-0.19647325091565837
-0.5608924835187594
0.25203707894837224
0.10660518101407185
0.06431730204314307
0.026850966034349118
0.014772950522299494
-0.0013593804155242594
-0.009824265732068434
-0.02889804193037239
-0.05348096104684993
-0.11811761549499239
-0.12896364805843546
0.4167842892608577
0.26527690308022966
0.1377374893757855
0.06350149517208054
0.03913856637221159
0.01322290967716073
0.0024882180518734096
-0.011088308032018865
-0.018675809137131336
-0.04500128851223689
-0.06225547323361754
-0.0062252788351522086
0.07796384149869416
0.1407241080494078
0.0851019997226723
0.057098704135137075
0.02646153484433446
0.015236921245383842
0.0012302794581941965
-0.004666805582848644
-0.016073228305191974
-0.01847054518145597
-0.03413108674025498
-0.00167717043344166
-0.00018051999160501617
-0.005136296644870057
-0.005656281338647534
-0.01092741137692068
-0.010899340485602264
-0.015748134024419092
-0.012396822669727836
-0.01263739517821661
-0.005662843326803495
-0.006539921224157018
-0.0030809316350490167
-0.00023882531892196557
-0.001786711239593414
-0.003313980990069691
-0.014462137104845639
-0.02193927050975712
-0.03553514555738882
-0.02753199047852372
-0.02551360620770278
-0.013470823778729093
-0.010237178914175176
-0.0039535614834153125
-0.00304127990255016
-0.0004622278120256043
0.0020368165712821317
-0.006472423145981652
-0.015513363269604426
-0.04959157453644315
-0.06511380835078884
-0.06453272551909706
-0.033135563902646346
-0.023954117225433214
-0.010296961724959022
-0.006903059351713424
-3.4137362962540396e-5
0.0009583654533169483
0.000854099371852738
0.0013900641739441307
-0.02734935921925302
-0.08107240999248952
-0.22815124115980115
-0.1069432200625
-0.07041612095389288
-0.024165262525309903
-0.015639562901682606
-0.006479270330228754
-0.004571942326913177
0.0012656623625932947
0.011454229578063638
0.011546624232583153
0.0136481993420029
-0.2882660108408854
-0.6139593981180167
-0.2328333335243974
-0.05834075720713319
-0.036579166217649846
-0.011049984061243604
-0.007900720810883775
-0.001056737264557581
0.0048285805147204
0.00799081235419708
0.038533795680898694
0.08911476151559782
0.3269047445776315
0.7415980311167036
0.3716162474786737
-0.03629280647434707
-0.0056139086120963804
-0.01221520839157904
-0.0023037327057971583
-0.0018415007737155483
0.003660122447150317
0.013283553040012873
0.024709166840209577
0.06414419730083493
0.09602846345140766
0.22135049436845466
0.04649586488752982
0.015838400191353207
-0.006605559453039487
-0.002074796144365568
-0.0036907224311505922
0.001479563336440975
0.006043610790826734
0.00543702668402863
0.023519095573385666
0.030830336949284307
0.05311453974756356
0.056820606259125876
0.035467458030933964
0.004169048682300683
0.00351542564208375
-0.00531993039320608
-0.0005212935096934094
0.00027526355560011765
0.0011455146604247835
0.006307140721251313
0.011509510922618935
0.02196664496599302
0.019075250372351228
0.02957584516403112
0.009713487396920913
0.007766131673784673
-0.002284107035545268
-0.0005773353263643777
-0.0008141757574485744
0.0019967867935686916
-7.7428074158913e-5
0.0010422232278612614
0.007573931228080017
0.008016546758363077
0.013401120312042172
0.007444957265002245
0.010075496322573334
0.0012136767752470834
0.0028480454309533286
-0.0034044858117132527
-0.0005207777216413523
-0.0017633562168474488
-0.00024370754730573168
0.0024256709637278306
0.0021542800694083425
0.004059089174266626
0.0018813543196641064
0.0031648370650208834
-0.0011440859568973261
-0.0007832874806727368
-0.00452034783276898
-0.0032184010795611043
-0.003179794230253444
-0.0006950088615247079
0.0005590167030318041
-0.0003080097203082492
0.0009244634242572809
-0.003457009684695882
-0.0014317059310919827
-0.004481537069315902
-0.004320358900183395
-0.008280081370630962
-0.007061235029220601
-0.006819633512611005
-0.005037208053579009
-0.002809717514288834
0.00204205314826104
0.006160594622782717
0.0031686495947372455
0.005144273119593964
0.0017676824539567379
0.04248675174029455
0.04696303579596814
0.02182922048654352
0.003317692544195626
0.006723462801632046
0.002031057127537155
0.0045197463293249395
0.004737879806221579
0.005158552658696297
0.006766688008147765
0.0032979518001760807
0.012562465274889202
0.015396615401909246
0.029005401327368514
0.00997725457838142
0.013146705453779163
0.005186343293842342
0.005851611419287793
0.004058538717017684
0.0031473923157082826
0.00645148116975378
0.0033763854282297893
0.006366281145761459
0.00425981493701915
0.013476479265286431
0.010720783894658798
0.010227538166277646
0.0057475357277318815
0.004127096719909084
0.002019564987728415
0.004008050648756267
0.0031683264371983244
0.00427801945103275
0.006609529412091949
0.004995060849077819
0.007899726029324972
0.009028786578309057
0.011060051182736072
0.006995446019823834
0.005373488466907449
0.0019156539564175268
0.005506953628462218
0.0016879604042083992
0.004291243956981392
0.004946530600600287
0.003637501172272271
0.008952295084954686
0.004769632577447281
0.007551103460010448
0.006503849122752522
0.007166639698532831
0.0017757178797321816
0.0034897287048591863
0.002457380134610913
0.0036318127242424537
0.002654869832185368
0.004946529425405898
0.005020824193906536
0.0060248547662626875
0.01099100800564023
0.005710315387273914
0.009347296826988441
0.005369035720565705
0.004955555647821436
0.0032705369634440473
0.0035397988882587402
0.0019018205056204802
0.002500789277101926
0.005272933799380186
0.002497540804774219
0.007782549147055268
0.007032873623665066
0.01643559069386104
0.009239768436402495
0.013062768891279903
0.0032137087523318765
0.002552371260416737
0.0004558874197737363
0.004776204489524874
0.0033009268491097634
0.0003797841707078632
0.006519979506108785
0.005690880875552291
0.018693222977135462
0.01472463898668777
0.04041309499264557
0.007178885129784519
0.007897380421034628
-0.001011787102259087
0.0023737218356667273
0.0008382234029668939
0.0031957815121989625
0.00838188104862413
0.0041070627902134
0.015646422969845912
0.009989493967836943
0.061182793635419286
0.0587354129251469
0.029155774679693627
-0.0008845915623761081
0.003443231232930428
0.00047853919391982783
0.0024920336788042848
0.005977078692568581
0.004295094238534463
0.010963569054198513
0.0012248887983658877
0.04970194784812817
0.09873392193682312
0.26136351795889035
0.06654680282534918
-0.0019110321094122293
-0.009520326566712548
0.0028246243351155967
-7.0758341937822975e-6
0.0029052795263456903
0.007706831657811173
0.007255676496096941
0.010129480141654717
-0.06008279391851604
-1.7976385537857988
0.5456567908531869
-0.34075258242916945
-0.04749654779007756
0.0035537372365999275
-0.004036533286177651
0.0028029798160240215
0.006515018852804467
0.00487997987203641
0.008392885340118079
-0.002053801674247693
0.03620355169140027
0.03409335300481472
0.17070604789467672
0.03813845991432862
0.005777768324692199
-0.0019832347528686255
0.003594124592094255
0.002439780424718354
0.014238121538758745
0.01501893417405435
0.01686681704139599
0.015409810656552156
0.019143931268687162
0.01685673914887558
0.016628731488814007
0.015417008932700066
0.013800400123186594
0.010657576125026364
0.01162520070567606
0.009285417265148005
0.02072294928186836
0.029369806294703756
0.02963855097855817
0.034528624881096356
0.02829472635260822
0.02714938114014242
0.018756150108726086
0.01786218613031357
0.014654084651901418
0.01448799369489542
0.01187996134477268
0.017905130758947823
0.034585185774745265
0.04312799404689634
0.06906608066576707
0.05423933202080101
0.04961350681590394
0.03172112683550505
0.02543461432845295
0.01539183533558462
0.01583016424157573
0.013635569746605168
0.016542627040826687
0.01804025250222279
0.035679820590641544
0.09095539167781376
0.10465112204483219
0.11478248124798458
0.0653622236900323
0.04744020928364436
0.027707501212796116
0.022229240588103757
0.014144313111637751
0.014907475403276877
0.013920674170660275
0.026623473744186832
0.05698939655621498
0.11166991002242112
0.3604988956956428
0.1855611005104368
0.11846155239539526
0.05049534014368035
0.032355334229308336
0.021751079198409483
0.01782132433595621
0.01317741177514383
0.016686711099057512
0.015350675481970602
0.005018682410517328
0.16148718592433386
-1.5084248094840191
0.3116989022735816
0.10139065484101817
0.05775660024633227
0.027115293492211503
0.02000070390748386
0.013164313459892999
0.012423699171303718
0.005299708499460303
0.010540942035594966
-0.05478737248318523
-0.256256343513142
-0.6367221648088154
0.1797440435449309
0.0066517864192529
0.012640724682899906
0.02021926880768682
0.012054636239517974
0.011844886281888265
0.004309234558437581
0.003814547652717987
-0.023774107121806803
-0.06342475872019951
-0.107522221273498
-0.2688511660421452
-0.09221610792052402
-0.03323978143055517
0.00544742797266838
0.007722828884993991
0.010796947645006882
0.006928873226463213
0.004658608349613804
-0.004426573855634679
-0.01609052323019735
-0.029061413681076485
-0.06602116809633204
-0.07756942109759372
-0.058381922894015136
-0.012665100224671861
-0.00325661409112112
0.009234252811563011
0.007978293351184733
0.006862050812475045
0.002090129031510967
0.0008494044538544167
-0.016324853451405608
-0.019843851639098874
-0.02236420509890148
-0.040031079549303246
-0.017330382931482025
-0.008554522259921217
0.0035784206173201947
0.006250935264175662
0.007664448775086598
0.0049438680015777775
0.006489272006132923
-0.00014013576813974712
-0.006551509643449046
-0.0038137628226653556
-0.010122736447558678
-0.008296158440663686
-0.008079983634878718
0.0010014318919596382
0.0029537459816694443
0.007736343972559114
0.008549738901900958
0.008787883637436116
0.007632874377197556
0.00528547222354916
-0.0005536295628752704
0.003425136533748941
0.005010782000953691
0.0025815109909696804
0.007816117633214187
0.0066182706030029695
0.011757908098716102
0.010942052250071728
0.011957525470567216
0.009420033180130164
0.009690061938866595
0.006672067347861957
0.00703866601783183
