0.0006422912172917897
0.00039842315675450805
-0.0019514353930640215
0.00015620114802949092
0.0006405129367726766
-0.0003498059603503671
7.974838940952674e-5
0.0005526807061989976
-0.014181493087952045
-0.018921206433900772
-0.022516780717635635
-0.03062054234783514
-0.02755767393762413
-0.026443115669046644
-0.0206860213341784
-0.018997525285403254
-0.015551217643970544
-0.012965106869850165
-0.012518393650397641
-0.01224432241529034
-0.012801980321483036
-0.013818792536604934
-0.01369087405118178
-0.014747078792446357
-0.018566963257562095
-0.019214111410668276
-0.022342332083815357
-0.018618728255507873
-0.01782465483958374
-0.015131207816571209
-0.014146521470349418
-0.012470106574988735
-0.013164844846070882
-0.012153691534910272
-0.01182771975424338
-0.013142618815025712
-0.011503162775768098
-0.013251585415662305
-0.01441907733644057
-0.015868815248467963
-0.014813871547767367
-0.014554251102252789
-0.014174978129058375
-0.0135648526624938
-0.01253978177364776
-0.011695351768902575
-0.011630569849002782
-0.010951436805669049
-0.011133678022510831
-0.012286988469963987
-0.010715863349640461
-0.01066455463357599
-0.012594038903669022
-0.012068195348763244
-0.012431022764422607
-0.011709676860577908
-0.012669101016303232
-0.01182803006984517
-0.012008544879885471
-0.010920083648277007
-0.012201001904176872
-0.011553961114276791
-0.011863859518422197
-0.010660885623013573
-0.009872995084818625
-0.008893362249150247
-0.009348828933254089
-0.010322959702495842
-0.008324798424206725
-0.00935321326274754
-0.010025336172005666
-0.011209708649868456
-0.010282725314674921
-0.009869553867215847
-0.010423466404732023
-0.010792211943529337
-0.010741534239472982
-0.010427810566491108
-0.008915661209533566
-0.007980738038040527
-0.0072513165481289206
-0.006512333571268153
-0.006127894376862603
-0.007468130687033506
-0.008288003682212148
-0.008633179660664547
-0.008907030093937058
-0.008284825265927524
-0.01009582804546372
-0.0101573965304227
-0.009407459173239614
-0.00864096068403361
-0.007130790729097902
-0.005997443209069814
-0.00363064712672624
-0.00223950912610026
-0.002830669975022985
-0.004168495384629827
-0.0062306850119650675
-0.007101844787764376
-0.007881816613033625
-0.007334263857891325
-0.009032931200703408
-0.00923480612253662
-0.008383324384875376
-0.00752313323678329
-0.00569565157966561
-0.003378426649771593
0.0010591438852273478
0.00655252277729634
0.004220120258735968
0.0026168105978232638
-0.0019775766441405204
-0.004561617035472574
-0.006570119254868915
-0.007128009416482947
-0.008865591711449041
-0.008817254425788415
-0.008827223507117411
-0.006736099941951216
-0.003931964256535371
-0.0008216846008924966
0.010571335796974243
0.025457399773507465
0.023359264674359198
0.010389460086200725
0.0027334470988337055
-0.004391058580388987
-0.006651461762209363
-0.0076738997695450315
-0.008588769174996045
-0.009485322308997528
-0.008395140176523506
-0.006851316193014136
-0.005151203644105356
0.0034216678217169633
0.023251202893107704
0.06650846057274805
0.0795572357947011
0.03262892878206707
0.006152757272064434
-0.0014528321060022333
-0.007955127082465924
-0.008245302227740543
-0.009185616934181401
-0.008827286176527
-0.00903327903936104
-0.007717768497675756
-0.005941781827456684
-0.002013911301333852
0.03808517422638073
0.09849998112323158
0.2784400304608943
0.03536879527071137
0.006498946889339931
-0.007414600334312143
-0.008207969151490994
-0.011533077191954755
-0.00947176754948698
-0.009803987955108636
-0.00904730467636891
-0.009745870893916908
-0.01600107289242496
-0.018853872037293634
-0.03407247079198818
-0.2863014023406002
0.7937710069453455
-0.15616049646251237
-0.02684850201930433
-0.01701166829111724
-0.014599562270073987
-0.013333178148220198
-0.011985083327314091
-0.010329244803412357
-0.010834852018943677
-0.012260622959865287
-0.016600618138093368
-0.025500891956129746
-0.027903640907710695
0.016813455766251206
0.9546966670500466
0.018637973133539265
-0.02360554477742919
-0.021602034445814804
-0.016013298778428407
-0.014530232712585184
-0.012090648357897549
-0.012292769482544222
-0.011573177982590232
-0.014298513400624142
-0.01785706684519352
-0.019697211964135975
-0.034134847106682166
-0.020207082104476002
-0.04822153084883524
-0.01699716939004233
-0.027727065904309706
-0.017854117630402875
-0.018130383234835845
-0.012722804206593006
-0.013191845378833177
-0.012626117571795614
-0.013935088896268153
-0.013566715601051254
-0.001499675867015481
-0.0015988821944806276
-0.0005207415289923529
-0.0010540386441192057
-0.0004667763085072792
-0.001634662333486551
-0.0012357592415371049
-0.0020279265077676
-0.0009530721012005576
-0.002669412730925383
-0.0023426308068973745
-0.0019614075878854596
-0.0018533739568639173
-0.0005914843300781882
-0.0019455142050433913
7.224683409160968e-5
0.00068038713096653
-0.0006189520977289681
-0.0015476260921234027
-0.00177048712382157
-0.001957751173670422
-0.002238183587060014
-0.0022641892251117866
-0.002691640347221068
-0.003467813461992362
-0.0026822624749928865
-0.004091008744566917
-0.0012001629326467119
0.0024194840422330412
0.0004603777385079543
0.002758867985266155
0.0006635945106948105
-9.254464195365867e-5
-0.001885542345595169
-0.0012794255580905276
-0.0035601736600217623
-0.002868731268709563
-0.004671748020850135
-0.004958866444400659
-0.005763306360136801
-0.0034870338790792574
-0.0019292757241873388
0.003453404459507107
0.0047105757634586425
0.0024084138272862693
0.0018146181207523279
-0.0006582430432483988
-0.0014365796134413692
-0.002716285844549979
-0.0029895628797049077
-0.00439492458777307
-0.00504655501508575
-0.009943345425428997
-0.008080074621171841
-0.008032952992836523
0.003969836988067627
0.018227437054263114
0.006626650191866671
0.005497344043162078
0.001632873121539902
0.0005192292947438713
-0.0021607822755369665
-0.0024480679534086424
-0.004643337697295627
-0.005309437743221431
-0.009917024994743551
-0.011200366847577263
-0.021657966620672292
-0.010232844934028167
0.014513131676208334
0.031086247582421542
0.018983824250288363
0.004523513017804642
0.00365561121492792
-0.0005227114958910289
-0.001087715599930303
-0.0033905651017135333
-0.002273872044538515
-0.007261807095490058
-0.007722373325680944
-0.025171048485877943
-0.03083119041163506
-0.08132690385030868
0.11548462367393707
0.06997097542835341
0.011063026696805176
0.006705549569178686
-0.0009949877733345116
-0.0007074385205032835
-0.002228068622673795
-0.0015461083409360305
-0.0033463544213296744
-0.003087725777002225
-0.010570050757340986
-0.006851951160874806
-0.0651488736737503
-0.2759087954465006
0.4589147554347281
-0.03658722604367544
0.0026165667996614793
-0.00421770066246122
-0.0005856079863340799
-0.002360736321016883
-0.00023336081247433477
-0.0022003127859290634
-0.0003694425047945198
-0.002266732276935961
0.002534503935359873
0.004345210349840741
0.0518003798066573
0.5381059199311359
-0.7196716120348238
0.0017413307868834964
-0.015595217246711725
-0.0009541633774149971
-0.00467600338900454
-0.0017625106986220512
-0.0017974905685843548
0.00024515157266250583
-0.0018443871217149973
0.0022307878781345864
0.0018864654336726587
0.021243752216940096
0.017901316558036087
0.12145110739133333
-0.0862219530007844
-0.00934340888850824
-0.0038064704108874635
-0.0070143654717338905
-0.001974620565076021
-0.0022051915338992594
-0.00040142054966669886
-0.0012416758495047264
0.0008230989582311331
-3.582369804948192e-5
0.0049496960836088325
0.006102404330309462
0.02407195152871578
0.019141064576389512
0.005725036669986557
-0.0013572555337985086
-0.005593379257008654
-0.002183146523056727
-0.003175151935449198
-0.0008265020458395511
-0.002017343887342733
-0.0011643351956977092
0.0004618919712054036
0.001553214248155033
0.0014985461279032918
0.0066602931538881395
0.005847449269372896
0.012322373651305321
-0.00432962367597766
-0.0022727477632373855
-0.0009377425008197441
-0.0027713826665726367
-0.0012872586839722487
-0.002438787020781702
-0.001271263930830758
-0.0006808477843940598
-0.00010983905690451601
-0.0017411053573241726
0.002487239085578389
0.002007686346569574
0.004152242417769581
0.00013798588460047322
-9.28917989104693e-5
-0.0012685970830049315
-0.0026115144115913544
-0.0006127293818270212
-0.0015947125121715442
-0.0013415742564148233
-0.0010692016578455652
-0.0007576706220344502
-0.001408115352924354
-0.0008132494542509056
0.0003352113732258888
0.0014251539535294466
-0.000608693817939458
0.0011146884093265227
-0.0016427873837743905
-0.001810362388498729
-0.00042275902918934363
-0.0016177605244677153
-0.0006558207737566194
-0.0016134596431573894
-0.00023824973720873677
-0.001567491343479392
-0.0008081256752293891
-0.0011218317784704485
-0.001069017748211405
-0.0007874223788669652
-9.45389757998498e-7
-0.0017714067264095795
0.0003241950079437458
-0.010427958313848067
0.0071089141257130745
0.02820532297483292
0.1072899459683782
0.2412909125807666
0.40404768985832246
1.0422570146792032
0.4089651675708835
0.18896404351507548
-0.001360660509554437
-0.021350609142003932
-0.027931568088247923
-0.026258340372590113
-0.019847064690287682
-0.020622923234123545
-0.010655986067591794
0.011055360630361794
0.03501192320810705
0.09421702718606294
0.18821348075325312
0.23438852792864234
0.2006535973570354
0.018667637666983178
-0.023848754453665997
-0.028310752653408194
-0.036136623653383625
-0.030277845273887726
-0.024632203341158402
-0.023550314153027194
-0.012598015806858601
-0.00849982538330452
0.01355236987801143
0.014638583003542776
0.06290809843225216
0.024892170423836693
0.024311174943212322
-0.039851009761820114
-0.04554506272865715
-0.04468157246154672
-0.036830266437671635
-0.039130111456942666
-0.027401385824149627
-0.029099613513098605
-0.021391907153498937
-0.014254273176847656
-0.013474965950155087
-0.004429096677000907
-0.012483657845888813
-0.014088057408026463
-0.028071893458765117
-0.03777327868143693
-0.04296292693413519
-0.03881969586468398
-0.04171653415805204
-0.04652955152516053
-0.030377766001966438
-0.03411825733064737
-0.023673494331243168
-0.027452250785257145
-0.020541711044426543
-0.02674773544258114
-0.024570368191170432
-0.02767403198646205
-0.03513287016843896
-0.04315269735658984
-0.04794942531137039
-0.04115414973073549
-0.04105432396277634
-0.040554391403686336
-0.03680935837737674
-0.03360450614412738
-0.030202897607259666
-0.029007835941982404
-0.033117735122115945
-0.037293148832347245
-0.02351597982777031
-0.030035492561308077
-0.040472568538754715
-0.03718487857700891
-0.04890611710909428
-0.04061822973799441
-0.03732494452140721
-0.042272060889539484
-0.03301532155495125
-0.04355489734904737
-0.03276616275326743
-0.0269882328020948
-0.026766737374970154
-0.035023903469059064
-0.023465069507930154
-0.02997994825081539
-0.0350871403076673
-0.034237557217672236
-0.04153211040592424
-0.04621574398388475
-0.04090713728125082
-0.03377408753188789
-0.03829794016809759
-0.03159309215759842
-0.03518399119923902
-0.03050708645415775
-0.01952981659939457
-0.025714697481444358
-0.016443482122513644
-0.021657033834966095
-0.03182151763049452
-0.023116878300296653
-0.031372331440813105
-0.03175315454397187
-0.035650114309595825
-0.04071035061935846
-0.04170085255813085
-0.03260826899936904
-0.027921249179193332
-0.030177487116555504
-0.011119447084130093
-0.012177178335938652
-0.002099816272815408
-0.012533378350480191
-0.00795518548329292
-0.015345915178588429
-0.025250335157903585
-0.029068564462522196
-0.03290373793454026
-0.03372240531261259
-0.03266325140031699
-0.019132537877821428
-0.02157868019520006
-0.017350720572160583
-0.003675072319926668
0.014421721019867209
0.024410659826645385
0.023791338136712442
0.013846603081953656
-0.0027563451464101022
-0.013745806095556987
-0.02530072230945232
-0.030164826482483323
-0.02937612105232659
-0.03540239296106333
-0.01764939309087301
-0.011281713405324047
0.00639853259406105
0.038137848767123984
0.07696517173119939
0.09809408043699279
0.07658045992147496
0.042217838319380786
0.02904828201277992
-0.001261395506863577
-0.010974692864552504
-0.02070767198311895
-0.0287064797960252
-0.02683397394704754
-0.013601511875034373
0.0032463734507328012
0.020248146737528703
0.07229222363733606
0.16179986943971528
0.20180035748832625
0.16389704311361822
0.1260961110091998
0.048812620770804484
0.01808129191666885
-0.006400206809945546
-0.013698455495299553
-0.018309131298017506
-0.021767768164194765
-0.007565479388378676
0.01376495212396415
0.04962870263048523
0.1251112209361357
0.2203659545448815
0.4013499979868706
0.4442457201043755
0.10955593951418519
0.029190757992995538
-0.005357254693147871
-0.002001130511448309
-0.0198365101881374
-0.018614999707262547
-0.016060331011869503
-0.006054702371739705
0.0016975150507984446
0.06297701809798371
0.1499707754865637
0.486163088930397
0.24173851170990435
-3.9791019273099075
0.5721144825168035
0.1350314718171747
-0.023357540240120822
-0.021136425633088752
-0.01451824446936276
-0.02168635133195351
-0.017488985449719652
-0.010897815343581295
-0.009019103650276151
-0.010371827512049998
-0.008908729285849444
-0.007295693446848546
-0.007483533687960807
-0.008550212970080321
-0.007478157187436419
-0.00920190770768883
-0.008851322385672293
-0.009302262319645618
-0.008530287929444349
-0.010104395841294168
-0.011437216354920506
-0.009540765717442735
-0.009730139001626953
-0.008641148495247435
-0.009140507081213762
-0.007750843182556424
-0.008427020779106476
-0.007488487520958319
-0.008967179086531588
-0.00890620803885604
-0.008950239795434982
-0.00947793882891864
-0.008853394836398805
-0.008401645651824668
-0.011498211434052675
-0.008847420683259012
-0.008175318033223852
-0.009661322078634117
-0.008251234042682827
-0.008583310644467506
-0.007930000288202909
-0.008293173159869927
-0.007897600081267357
-0.008428973252978584
-0.008139533866919388
-0.00986377266217406
-0.009317432326250916
-0.009650976276033917
-0.008805231237059527
-0.007301097395536612
-0.009880224903131918
-0.0074214698452298045
-0.008360972698158917
-0.007272460254577386
-0.00792314210984739
-0.007510587588333948
-0.007547092319850701
-0.007546848915355398
-0.009510770526554708
-0.009417040578092882
-0.010153492318265444
-0.008918190187259312
-0.009753535885098204
-0.008735735638755819
-0.006172083537170504
-0.007589400813195911
-0.00598450827011888
-0.00781752886240466
-0.0074939488828860085
-0.008496209451465783
-0.007089227463969405
-0.007903986309156015
-0.009773404284194601
-0.009398218869360583
-0.008679463373825984
-0.010906768900275154
-0.007536832377326316
0.0006722678170794322
-0.011494147821870663
-2.4991065788609944e-5
-0.007400039663813024
-0.004665474874705624
-0.007461370202381673
-0.0073619161010791585
-0.00879016774914468
-0.007625115549944677
-0.009556377798024903
-0.008774058794373554
-0.010759562076442386
-0.008694672003029405
-0.009273438950644315
-0.0051078603463425715
0.013578095676098682
-0.007473121164662378
0.003960359997128693
-0.0049746990582248875
-0.004840141603789635
-0.007663086005101705
-0.008169963976616143
-0.008772279593738936
-0.008449843679670405
-0.010598446732300482
-0.00914620955283393
-0.011140966767775862
-0.002840922671447427
0.06351223320126488
0.012344659133326753
0.031357799020382764
-0.0017879775392446013
0.0035820993872357513
-0.005619736212216424
-0.00502362632332074
-0.008012720975735686
-0.008216388064734785
-0.009222044887830502
-0.00911259705086757
-0.011480787464715824
-0.00434504793496592
-0.007174770318090978
0.6818610518690109
0.28762653872567717
0.5892191836288435
0.021469572931430928
0.0017361938698372678
-0.00204597786887097
-0.0075869279898931686
-0.007059638554183302
-0.009126516857173587
-0.009175541324221407
-0.012365121076412595
-0.012382553661069976
-0.02133213978701284
-0.007161213365335907
0.0025201830104381725
-0.17194896626722048
0.002158307609816218
0.0028560933413265726
0.0017898625936462534
-0.006361121618929435
-0.0057096345295222575
-0.0069437078184227145
-0.007780957632904034
-0.010067880848109874
-0.010111934327052112
-0.014308378382073786
-0.011484111857262764
-0.023552962298680147
-0.020092365534031917
-0.010969718088650686
-0.013135971828297425
-0.0023446819988705574
-0.005455152745872114
-0.005752673810584264
-0.0077229646953068404
-0.007163923019398818
-0.008816429318453913
-0.009441621507440988
-0.011115477259292204
-0.011898284095544338
-0.017445473293185094
-0.011507882915156904
-0.013234726974677355
-0.019933037760567925
-0.011589418551102118
-0.010710194428866943
-0.006610390943973168
-0.007465983340120646
-0.008571207136760949
-0.009551837966446715
-0.0086447734095375
-0.009601219551359945
-0.009094583654194873
-0.011941977195200274
-0.011838025424431083
-0.017137825674675065
-0.014009355765233952
-0.012250888894398087
-0.012473303642956655
-0.008846896998129683
-0.008204621627092875
-0.00703479710116416
-0.009636168248112911
-0.00911085470856693
-0.00955453029303684
-0.009502577823011806
-0.011262859573298268
-0.010507341793930982
-0.011832157883437899
-0.011771910082617687
-0.010206905320858337
-0.01124282989075729
-0.010165275539454134
-0.009831242354398301
-0.008124532335911783
-0.00821968031552805
-0.007151364927748199
-0.007557421583698568
-0.00869931388730951
-0.009265284109736508
-0.010503865055457683
-0.009546531210824074
-0.009291147761932154
-0.012047427540590079
-0.010181341570482698
-0.010263485122885762
-0.009113165775570174
-0.008557304580180664
-0.007674471414838225
-0.009605415720510855
-0.010527543178371564
-0.011475207659233832
-0.011860697021318216
-0.0152644266717028
-0.015110877426657007
-0.014258794521725566
-0.012289214189638869
-0.011877870049432603
-0.01084597185484954
-0.009115658099583129
-0.008989170171001499
-0.008248810225736671
-0.008227569730969636
-0.0068839238296850205
-0.008370810861215772
-0.0066977611960790835
-0.008726790192342654
-0.008795258807211666
-0.011864643366359166
-0.011510765970233459
-0.011630351189640216
-0.009548807329106651
-0.009175558556948977
-0.008573681367760074
-0.006719585395576127
-0.0066707114656074295
-0.0055505562822690865
-0.004849627650147296
-0.003613782337984867
-0.0045857811786688555
-0.00297487748833111
-0.006018683487865616
-0.006207399515651482
-0.007872133387296835
-0.007503825616182009
-0.008225259992946736
-0.008913940153051685
-0.006701487117451999
-0.007234206440159322
-0.004699251573748112
-0.005087457493768055
-0.001161505235219408
-0.0013676860899073918
0.0036372481634634776
-0.0007547898600780611
0.0022645543769062304
-0.003992716574369142
-0.004703426244927588
-0.007379220202242311
-0.0062669204940439815
-0.008068881238232763
-0.00665480203661679
-0.005401740856229653
-0.004210811774200462
-0.0008471329511665074
-0.0005198065186452067
0.007970703741002921
0.009883062343668253
0.014273424857032802
0.006875090914457462
0.0036217425809603027
-0.0033791994794625893
-0.005004698135358985
-0.00835466734724853
-0.008943259691610897
-0.006194442525527985
-0.00617536659093994
-0.0014948045440109764
-0.0002410371190871756
0.00869393219383888
0.01298620029789528
0.03980715264259263
0.02851408723161648
0.029154518352454663
0.004053032530086313
0.0008674961852227762
-0.006300143742025028
-0.0061490623274699854
-0.008193173473858877
-0.00828139649064654
-0.00488103386685558
-0.0037897900637426374
0.005376076277070342
0.007583811703375199
0.0427215459318877
0.05051643998563284
0.15324204041474154
0.03983996702963865
0.01968863738089675
-0.005212229444858887
-0.006679726614778694
-0.009861614063812217
-0.011633496865741102
-0.007479202302174782
-0.006770354609569365
-0.0005364043987694414
0.002905441869642329
0.02986049495189184
0.04715415540769943
0.12236949533051816
0.4983085913189791
0.09900119625012978
-0.010956812578623888
-0.0057037867213409294
-0.01534028789127001
-0.0112169334782983
-0.01222494913625942
-0.010889764299828101
-0.006215957511043711
-0.006545788535270652
0.004144705151837474
0.004748090547899109
0.07520645740369172
0.5553615960346985
0.8097241976833158
-0.22868189461427887
-0.049403084984014745
-0.03710289356043766
-0.019131904295233745
-0.01862122830035116
-0.014898067743277071
-0.010155477380708357
-0.009622165124740841
-0.006186245301188911
-0.007027208706668591
0.009999239579521405
0.006441286632243721
0.06078678935531935
-0.2800999696134558
-0.13291498466114623
-0.08337428012275835
-0.035876094557924884
-0.02905197184876946
-0.018447291329886675
-0.01337634707118496
-0.012979130054159897
-0.00932772812247782
-0.009640965953338562
-0.00603805347265358
-0.010989281731216223
0.00100472550202735
-0.015417370562909356
-0.04609307515846001
-0.08038227344591307
-0.05057847209264446
-0.04002279459071484
-0.025429065657610436
-0.019547732190504694
-0.014603359384209622
-0.011911928495700908
-0.010925163569720966
-0.008018771417004482
-0.011034872515528192
-0.008573882937090528
-0.018718508690362467
-0.01776667384069858
-0.04545393317822009
-0.0440845321730465
-0.04188768310706743
-0.028727641377398066
-0.025614405719600275
-0.01704717440666468
-0.01247436329165943
-0.01087935445885122
-0.009396652266889119
-0.011705864960793372
-0.009382152334937565
-0.011728481294371621
-0.013200617920780035
-0.021906587921140173
-0.025691833591685784
-0.032448852538176635
-0.02548097170605809
-0.024389053734742733
-0.019289524822017637
-0.016802865303068237
-0.01175771520459357
-0.009454782085339564
-0.009369934191619581
-0.009585309579621483
-0.01022153114601331
-0.00917033986884641
-0.013163159582474465
-0.012521048168602538
-0.019572027157096855
-0.01891125927267175
-0.020424334345744186
-0.016360636989777688
-0.01721074831677646
-0.012928904176419875
0.5277298277813859
-0.716795054302232
-0.2861037173984498
-0.07147225665781477
-0.017216923943318474
-0.011571760405111712
-0.001147587124250379
0.00025487688338959635
0.005117841075635376
0.006162021771908996
0.01405944095442859
0.017357919265694428
0.041572681933122226
0.05264222011239546
0.1616596916146117
0.2607255948308411
-0.00344835566294535
0.0005202933992073124
-0.010526737732438828
-0.00016385234209274443
-0.0004017671592299234
0.0038839719165462716
0.005697612677374347
0.010362876259395169
0.014225366581332652
0.028317920315839212
0.04139837232368603
0.1022129201843722
0.11203266537329698
0.07972436522912724
0.03767293256103609
0.006976249834466243
0.007221268530069799
0.002532757902347148
0.004540854089635653
0.003621501642949423
0.008716374388654982
0.01088702994886459
0.01647809374568927
0.0233276932504072
0.04624848239034711
0.05736965072927337
0.05233140305888774
0.060823835348941986
0.029784902729372936
0.02019419117750791
0.007781595528802435
0.006890725482799906
0.005261553352311228
0.007037164665034822
0.006684630048125305
0.01065245928437511
0.013700570094171543
0.022454120573076414
0.029020368580238785
0.048597145965601926
0.03528279193603461
0.02839911241866515
0.024015110778098328
0.013059983060256082
0.010050101648206593
0.005746979696541572
0.008002482589522747
0.006781505049196051
0.007658905990286402
0.009069962226613989
0.013220587908423787
0.01614475826601278
0.02314649052523909
0.02689733912611494
0.017292948281984452
0.019343284972577954
0.013931013552945612
0.011750486737440275
0.007284525502644537
0.006399285648631903
0.0050677352969521906
0.005417342007512981
0.0062783276443690115
0.008721127067352728
0.00928669599435236
0.012322032890299442
0.013850817173913652
0.01950509064188846
0.012892535404922889
0.009506951290932628
0.009936931806847914
0.006339412409929325
0.004633497279597152
0.0037218071123879684
0.004573980094805001
0.004258614906709217
0.005570069320582153
0.006141635014410465
0.0072754453218644675
0.007773858509736433
0.010363490296399344
0.012019633082618143
0.0054470767671164115
0.005040514321710572
0.0031677743034905534
0.0032417746535629934
0.0017051708695045337
0.0038907767410250806
0.002037385529775076
0.003940967652706813
0.00404247813106327
0.004260772673772974
0.004832638478512385
0.00673239713067367
0.004797791040142566
0.007490091540215132
0.0012114572172248757
-0.002257615688711699
-0.0013030955371914257
-0.002755254592737358
-0.0003881219912284302
-0.00014262613934810692
0.0008070260866824169
0.001649464097983143
0.0033175300148362624
0.002853618239909173
0.005078948169217551
0.003493731533279375
0.0030401922382804715
0.0007212149933462961
-0.007496606416866048
-0.0072473141369997504
-0.010399321281647571
-0.006045974560539045
-0.005672586101333583
-0.0021133790965255114
-0.0025837248353585206
-0.0003260122685919361
0.0005179549596725315
0.0017856629933839328
0.0016662285539071795
0.0024039246245706586
-0.0008377173738313348
-0.002072412246965253
-0.015475916336866704
-0.024797938488937844
-0.017585494672917187
-0.016594532223222155
-0.008965221922458315
-0.007616358029577908
-0.002990535127574066
-0.0016781073402967123
0.0002756077676239871
0.0011940727213595142
0.0014607752721757198
-0.0018181216453323345
-0.0015915540535923636
-0.01107554066133003
-0.04659248532806038
-0.037879470834487255
-0.04588554115672392
-0.02411513488236086
-0.01912677296387194
-0.008077435269096586
-0.005472027997564516
-0.0008547932459536228
-0.0004435982315440506
0.001813753829357067
0.000864997312890173
0.0004912808438055827
-0.008495377929438596
-0.014931939539420824
-0.06816985606750955
-0.136170761488231
-0.06752344639007495
-0.0541170800790934
-0.023302992852098647
-0.014552932783077604
-0.004449330540725769
-0.0019633365221782503
0.000622718930897941
0.0013326184511617204
0.003733871363601056
-0.0012657900143212444
-0.003679842682065206
-0.034680938944838376
-0.22320273397187734
-0.3159575241647928
-0.1527262223026726
-0.05236144940316794
-0.03525714510017327
-0.011934269642538436
-0.005998735925494378
-0.00047366679237040483
0.0009998659094591121
0.003935626873403339
0.004479203290231273
0.009303842314094752
-0.004981216538173229
-0.018160575901011597
0.004311495868935746
0.010493927012727002
0.013688417805336665
0.015280113133702188
0.013274587355223518
0.012971626148607189
0.009786010277265585
0.0075089445790139
0.005162271396345391
0.002599456350781227
0.0007685217611712765
0.0009316338887244945
1.5966516203724435e-5
0.0018171636355197819
0.004924333781166479
0.007916559703598811
0.010410382942981392
0.01263198397179051
0.011578937000601168
0.009977057823473804
0.008412993155421652
0.005760840675741777
0.004794581700619818
0.002605775044018156
0.0012899017406234874
0.00046064262109063263
0.0015066934765080478
0.0025460927648561613
0.0027217824468255356
0.00649036351990286
0.007991384835299573
0.011042124535000366
0.010991942598748814
0.010167469622602508
0.008441197244521935
0.0054498387129956125
0.004224550192666046
0.003152917172969352
0.0024186648823704745
0.0007780121538714117
-0.00016353317211795503
0.0016797446788676606
0.0008231920527691404
0.00419597084710002
0.007708237824970756
0.010249638502645339
0.010943297483237349
0.008289188325733927
0.007727727876384102
0.005972836053345579
0.003792888287512252
0.0008200605186978551
-0.0003062808129584092
-0.0018797341362600374
-0.0017041780462189846
-0.0006603424091021427
-0.0034271313621221443
0.004334739969647478
0.00946150636158992
0.011825283605373795
0.012314043699362173
0.01074897431241141
0.008021546549576998
0.0060028443374269755
0.0033948989325993007
0.0005773919559649712
-0.0028576848414492233
-0.0045103062825008755
-0.006987970610799368
-0.004466638624779256
-0.007895732454695145
0.004724877794797458
0.014766228439843725
0.015585451474520338
0.015814295199160684
0.013917448144850547
0.010073325041049182
0.006433034107578793
0.0028190337061319813
-0.0016375267753842195
-0.005582067639568483
-0.009474186534899814
-0.013193718567224441
-0.01375161188456364
-0.024496853491870266
0.014731125252317442
0.02475900254698971
0.02733726891278498
0.020956903654933752
0.017661410022844833
0.011104694083284005
0.0077689293151446195
0.0006470107424930428
-0.0028802196841191197
-0.010564579945509993
-0.017411085653144778
-0.02610006788801574
-0.03137550430634513
-0.07984429471099112
0.05238695809507185
0.06694221885642117
0.04359515743335489
0.034302391191506125
0.02173627052519269
0.01503386254184876
0.00848925897669314
0.0016933118245362256
-0.0049743238561619635
-0.013449772337145482
-0.026516029687194312
-0.046063697015430546
-0.08073300043694968
-0.2601364300964466
0.37644804203399623
0.14089427981492736
0.08900520650360257
0.04194247825932077
0.02819411367199471
0.015311886614738214
0.009788203896791475
0.0021659970598788404
-0.005916455723300345
-0.018380308173604414
-0.036809366284551955
-0.078197413788598
-0.1730557982073511
-0.5043842487055631
-0.990794625366164
0.25810047028846544
0.09126673388509554
0.05182486491595953
0.0285604597615318
0.018856085106868675
0.010136232954491712
0.003188715695572879
-0.005888460431844552
-0.016130938291476042
-0.03579102570527086
-0.0638153016688956
-0.15307513323036803
-0.0654799299269249
0.1123305654934706
0.13842171482299304
0.07915639494301549
0.042590168985959846
0.029586538000799117
0.016373810339376734
0.009986481296981964
0.002440622267537495
-0.002749947416838449
-0.012423810376547682
-0.02274117920857583
-0.04559896781707819
-0.06986077583774282
-0.01978984446235422
0.04963233939177976
0.07485578309592872
0.04656661941683412
0.03546348306402345
0.022872384892116515
0.01572195640945038
0.009390649348289563
0.0038738738280465995
-0.00189626659700478
-0.006310984078886168
-0.01467118719208289
-0.018701328157844307
-0.0296326496773526
-0.00030519947326075505
0.027887938184560947
0.03634364493492997
0.03342953135579604
0.0247786207230371
0.020102861886146225
0.014158563700693056
0.008747345420135248
0.004834506569554836
0.001003050891453171
-0.0036950536642172
-0.006321901362738809
-0.009814779075634925
-0.005986403056828186
0.006332327462922143
0.014679281210032738
0.022262360772863542
0.021607978169434477
0.019009087273198815
0.014641552409052764
0.011752285863127147
0.00734270211374737
0.005774373165441904
0.0018740080918979063
-0.00046791523989985054
-0.001971227750458741
-0.0011465331599263208
-0.0006203548743424871
-0.0063860936150008955
-0.017992512261211527
-0.028524266139522678
-0.10353238241076014
-0.3615596660310053
-0.1327181955839136
-0.07615387888212369
-0.041377750702702824
-0.023605173192549227
-0.014611327982847633
-0.00928837468744788
-0.007169723956544733
-0.003567676857226338
-0.005579526371962407
-0.009375601153288546
-0.014403928318140573
-0.03303080360682939
-0.04606284034173118
-0.057276555079382896
-0.06972276156110827
-0.05219700359167906
-0.03140007162554002
-0.02265831607986803
-0.013134190306312936
-0.010289865010459157
-0.007366281428797701
-0.0067899459445526925
-0.005873368891529123
-0.007520274292129863
-0.013248009056068773
-0.020713443335424235
-0.031142445379551895
-0.035344079771773215
-0.040039034656503415
-0.03203331099621039
-0.024451152364788297
-0.017606257458155732
-0.011993594885144844
-0.008516903576166896
-0.006767592924662171
-0.006651705240677761
-0.006928618751411497
-0.006942056594972804
-0.00962388088631106
-0.014454227557170084
-0.017683119323313564
-0.021500797479138353
-0.023171272005857887
-0.02015169457737704
-0.01630037102573683
-0.013479591035281797
-0.008716402868978387
-0.00641945192242249
-0.005886906455729732
-0.004910651132434677
-0.005791774648410979
-0.005119156327531115
-0.006766087679440473
-0.008187634250371853
-0.010055667125782949
-0.011600218405649017
-0.01199708664768756
-0.012431947018125486
-0.010937838873516053
-0.010053203860297897
-0.00725223023065415
-0.0060729369962501814
-0.0037880719834105956
-0.003325058470124304
-0.0038680505975767963
-0.002511408057110738
-0.0029310005727058433
-0.004109334436180874
-0.003394754108737315
-0.0061013346484544775
-0.005668415916955154
-0.007146190553746011
-0.007283256094009481
-0.0060893900100316796
-0.004389917941581688
-0.0051744169771003445
-0.0029039101449288745
-0.003112429087849296
-0.0024652884593462424
-0.00010723279719574555
0.0011631096151624265
0.0010513300659289574
0.0014606765128463647
0.0007669324162946315
0.00047224061672389295
-0.002940420515605755
-0.004369376201571412
-0.0037025860636889364
-0.002695281028587409
-0.0033755144679778557
-0.002059716920954979
-0.0016646447437841166
-0.0016178543758776113
0.0027443421031055674
0.0049579737538163905
0.006569010194643478
0.008600829347598989
0.006825681872692941
0.005027194213107096
0.001809296211214078
-0.00010014165351147507
-0.0002215514201363458
-4.550905123291869e-5
-0.00201680332576851
-0.0015698695651475058
-0.0001216954750984412
0.002357341165612376
0.006609823280730784
0.010052158542360055
0.014243454197745127
0.0181194139588802
0.014939317919195498
0.01185383962714928
0.005847027629999629
0.0022807351871763195
0.0005633465636696695
0.0005848506847353814
-0.001208213054511525
-0.0005014884089732228
0.001733912110941069
0.004374983494522471
0.00988972895621454
0.017269910994646635
0.025559241627018572
0.035166702753571887
0.03048779423122507
0.021508739261617872
0.01096011624730207
0.005590385073257879
0.001952715181780845
0.000587682757398991
-0.0009316862541646475
0.0007081581974244345
0.0029928632192955324
0.006212396832105897
0.01428572840682544
0.02449215823267693
0.04474457235575261
0.06845798882907493
0.06222603726313222
0.03503489946478726
0.015918127896837653
0.004337136503270218
0.00042618557608339625
-0.00047676458068122014
-0.0002858546722692791
0.0002181139127520505
0.0033140498996617985
0.007296722615285667
0.014496350623718693
0.03193653333537479
0.07275117351793897
0.14456994935237727
0.16921932723791902
0.05779729153381693
0.013807167774189834
0.0008309667689727863
-0.00425712555991453
-0.0022512899983614656
-0.001717794759673791
-1.8848411272583555e-5
0.0015310815835163616
0.006631203111484348
0.013298407835928942
0.025651464406367362
0.09769038422028131
0.19920174501023685
0.49528422006337375
0.028862878950709773
-0.009799298307627775
-0.0131194676058252
-0.00975011265788744
-0.008105008373542711
-0.003881682262178646
-0.0017893500526676282
0.0002742384243984525
0.0041125720436677535
-1.4887921592370121e-5
-0.0007784507370762555
-0.02031233759209088
-0.5065312764425602
0.9439422344497411
-0.29050774013646036
-0.09107966444397324
-0.03784251921037412
-0.02038009462445459
-0.012080542901102971
-0.007890467525998753
-0.003977838690256843
-0.0016201033855310905
-0.00034512605574897224
