-0.01110901247379644
-8.284413020158963e-5
0.0003186642152143358
0.0018082902743020916
0.011080118856394715
0.002654710249760012
0.0031980547683909664
-0.005796968421942149
-0.01414440445213263
-0.018564652354459383
-0.020476113191192892
-0.022225511473960596
-0.02253242079592129
-0.022865275161076944
-0.018111048838008306
-0.014427607031549827
-0.009909161038249256
-0.007192032759795005
0.009943051964235495
-0.005970170758714106
-0.010870663599474056
0.00592650153620922
-0.007508717820134585
-0.012220012612376645
-0.0237986639100072
-0.016238470544973668
-0.017622910184862353
-0.018031127354560778
-0.02524259353229251
-0.01994409383445072
-0.023297184371246164
-0.023447977896911654
-0.013369647271574187
-0.010449594558543647
-0.0027679080687797297
-0.021128982597438412
-0.011927121431885325
-0.00950264085730014
-0.007442487356466411
-0.020453020428599204
-0.013280314819975297
-0.025732981152957343
-0.013433769313301758
-0.028862104150702613
-0.02413793249877647
-0.015045877458867896
-0.0194877018198809
-0.017332660767258746
-0.014254879810100136
-0.015993402158176642
-0.013326719854271675
-0.0068279300870402095
0.0010063850903828135
-0.010615231264201996
-0.017770297582945828
-0.01730832214121709
-0.020827151944859394
-0.018331077923057125
-0.02955854629168543
-0.021181591212640388
-0.033421959701220624
-0.016623266577111082
-0.029580172906653657
-0.018902482858079703
-0.021455147415525306
-0.012840738873811812
-0.01659056370693373
-0.018538673226903096
-0.012417810267267232
-0.010510072123603827
-0.01321364860008609
-0.021152239951804618
-0.021927516200465024
-0.020336206720040582
-0.030544828279424778
-0.025897301940288497
-0.02416071130597054
-0.02366170183137907
-0.014653874183716747
-0.021626710611123673
-0.017085945789490617
-0.01674423912635027
-0.016093488199892057
-0.013556349476226357
-0.025229288285016326
-0.015379125968680072
-0.010748679381782167
-0.018918146692108975
-0.018596726844554323
-0.022625090611660983
-0.016508199787298915
-0.03097423607439068
-0.0163364232365589
-0.025837968226139516
-0.018326877065823314
-0.023474284908456596
-0.020273734633673584
-0.01451805535283908
-0.015261432240304663
-0.008709216560207525
0.00026015648664140783
0.003963371238545244
-0.004961011145892222
-0.012466474797870353
-0.018484327972828216
-0.021826062311974093
-0.022283117568402528
-0.03259962062596239
-0.02362664206956067
-0.017573625428429416
-0.029496729893909283
-0.013842534252388834
-0.01849189085741515
-0.008392316763690622
-0.01111334178754519
0.0005660518282663914
0.014039868341262626
0.014225262772758452
-0.004421083168914153
-0.0016112115844760127
-0.012217170095259224
-0.007243580519673096
-0.017308396533230217
-0.02211092852017096
-0.019915137923298278
-0.02379781343881678
-0.022578266254308324
-0.015502163564484348
-0.0027462494092390034
-0.0008434411340969554
-0.0008655681157621515
0.02672130194312212
0.04356461734370652
0.027143828098183796
0.01585970889867965
0.004747099923025489
0.001190114940985558
-0.011342788470727278
-0.012451354289106617
-0.016550853399319578
-0.014447392657803156
-0.018294220019959097
-0.010399523601240098
-0.008412293084113901
0.004853396444917255
0.004264837426735112
0.022523131537000505
0.07395036504159393
0.06928266892354905
0.07869785439773014
0.04189192385371669
0.029207666154842864
-1.1433893948557903e-5
-0.00022343399719068234
-0.005122164056290327
-0.012743197285432672
-0.014923576083669298
-0.02245825827961412
-0.013952318703799486
-0.00664810767131744
0.007308848471935362
0.018608683174907558
0.02019618194580147
0.0014974116251424373
0.2777938918480739
0.1309222045851924
0.09481323053463207
0.042454202342943365
0.013804492281873202
0.0037716657304574116
-0.004031033311614616
-0.009013757504902018
-0.019617719823736175
-0.017060287912618866
-0.0031336314104611503
0.002566601899832563
0.021733682531432638
0.02357633196462735
0.07930866723532023
0.44707255174158417
0.5137360141419507
0.3568722490276351
0.10654210153855424
0.07237557235995551
0.01944229278685673
0.015114572857765388
-0.0017164010512444295
-0.009218525988231604
-0.010517669861291512
-0.014659382488671685
0.0019129597599036397
0.006604860089918011
0.014853539080761527
0.06334527155938868
-0.028624764678277594
0.39456416461712496
-4.083614048792755
0.8662948081687548
0.16605404804684232
0.07855913296510335
0.029253305244487958
0.0019901647415230205
-0.007569416983664794
-0.003791298715665127
-0.013667006087714931
-0.020965943354402557
-0.0038479925698263534
0.00013112891306801345
0.027049825174279923
0.019101246387030497
0.2080516188559601
0.17937717985746932
0.7432369256595561
0.1002990430632212
0.1991637402868283
0.054440034607596936
0.015621428530931201
-0.0002946510440239563
-0.020694901205359426
-0.009889816385895185
-0.018878616556215585
-0.015178554161055667
-0.0163661510554672
-0.007784631971106811
0.011583328106970724
0.04498498657272494
0.059832651948829384
0.035151911792792256
0.09160328066181259
0.17099621990528663
0.06450045760757367
0.029027039933657423
0.005677584693467843
-0.011819170079230546
-0.016151515739736902
-0.012512642409767226
-0.009824299061476747
-0.021595800968374306
-0.013400249028796336
-0.011810046748526832
0.013586411601840443
0.00892732974922687
0.04933253531439364
0.035909962049984395
0.028067365126992698
0.04106081445447213
0.03083135589110182
0.015519282678860803
-0.006814019314799576
-0.006706597329563333
-0.013857513931456452
-0.009960469018889348
-0.021103160180757856
-0.01859860449139515
-0.02215527386024337
-0.010329535425671863
-0.00026890649624916694
0.006416845129304587
0.008188873059588386
-0.011985222151046639
-0.012982792416517975
-0.01183607770611602
-0.012304253490031426
-0.011637881515861169
-0.012287323179478928
-0.010275010395967989
-0.010180731186905588
-0.0096498367952156
-0.010911233123725024
-0.009164874296056624
-0.01124467240079588
-0.009998608052199653
-0.010913854423117743
-0.011452225181389792
-0.012043328522276272
-0.011148345709375368
-0.010377887221247191
-0.010485046631483589
-0.00972726928051833
-0.010440305666912418
-0.007741900913721467
-0.008227561983171027
-0.004690354179451818
-0.0035002216234388504
-0.0029051353937785828
-0.004503979145507258
-0.006064620772006737
-0.008111116814669195
-0.009659614368993104
-0.010701449134146248
-0.010993368533894144
-0.010724026380588638
-0.010786096303699722
-0.009803634072865344
-0.0075152435888888635
-0.005151023843784623
-0.0034745198386744777
0.000529141899470356
0.0019242615665594413
0.005351244855697524
0.002508636800283135
0.0008208296320772232
-0.0033130979368664374
-0.005032836621092408
-0.007233019926719451
-0.008390589290437457
-0.010363770700009
-0.01057900371365817
-0.009672612076408368
-0.008770866006669011
-0.005889126868916877
-0.0038811034564608816
0.0022130441143646926
0.0059832073529814365
0.013901006096562274
0.014857479946288945
0.014817998231519419
0.006459389424812726
0.00222044980917761
-0.0030449192670203525
-0.004506760571741515
-0.009230205068980455
-0.009439258929943274
-0.00841679319284884
-0.010033844383655073
-0.0075432532966501886
-0.005988599457314348
0.00038569126046905585
0.004773015547282884
0.0193355715539529
0.028212068386474224
0.04470564650524055
0.027536487689562596
0.019932755661812112
0.005038994327400598
0.0017404645297348965
-0.004963600261924746
-0.006817368600626478
-0.009415164721314671
-0.009967961625034789
-0.00928678106795304
-0.00791857320651859
-0.004645560460434771
-0.0012165890013813505
0.01236763768896757
0.026793744977243024
0.07015016390911451
0.08053923471498613
0.06982196449362622
0.026323038675835155
0.012651219588152213
0.0005012757558181746
-0.00376483807662999
-0.0077467060276139475
-0.007786445419520066
-0.010773751970180765
-0.01119460002218998
-0.008848745867415481
-0.008342212469304732
0.0005718655566323497
0.008498521633859196
0.047959237563810486
0.0958667669707713
0.2713461187729762
0.09131592739768478
0.04945388395005543
0.0077588228054378565
0.0011317818516290608
-0.006604627885842966
-0.00843423352794437
-0.010771719377875952
-0.01248161440903216
-0.011505172266388952
-0.011872274021390917
-0.009061842718468362
-0.009279010477816119
0.0057711409119184515
0.014048486094790725
0.19426926012702112
1.2047985733098496
0.19151189790146111
0.011949679817426982
0.00639669642318921
-0.009083383496498947
-0.009977526240439112
-0.011685915990373613
-0.011256240106917378
-0.013126258065737847
-0.013918842902309183
-0.013966092158131934
-0.016675664461762732
-0.015114987403698224
-0.03120715471393625
-0.03758091629937687
-0.2244176680912154
2.172580863251784
-0.2257147827147292
-0.03662118590408882
-0.03113808142727585
-0.015735576150270485
-0.01680819824274422
-0.013340044785255162
-0.01300265276223964
-0.015083552578870122
-0.01473737763848379
-0.017383820388595015
-0.018922541481950245
-0.026461779937143486
-0.034781464494786564
-0.07523765878402357
-0.12016903962922228
-0.3019198666904436
-0.11928261306203057
-0.07583153752408975
-0.033159930673187704
-0.025974792542018663
-0.019286616245378013
-0.01865473985983377
-0.015746749180699016
-0.015543710145962323
-0.017609621788458513
-0.017791143161293
-0.021508816661066438
-0.024678099192011596
-0.03846977433042361
-0.053245041199189075
-0.09700519305780737
-0.10664304123359898
-0.09616578009074551
-0.05277483161052619
-0.03899287672340254
-0.024849573667471748
-0.022282160649363177
-0.018233202895507297
-0.016026988204394303
-0.016537997360137106
-0.01722825646108659
-0.019072959073224614
-0.019965952942256844
-0.026589352350349253
-0.0305743972886445
-0.044670359110973286
-0.053374864027537106
-0.07044399871954604
-0.054821258955391
-0.04654733054641733
-0.03148705727725165
-0.025534901119951513
-0.020816083417258192
-0.01763467681355301
-0.01694934355867376
-0.015088272051536636
-0.016678531323541284
-0.017281848697477654
-0.020401913033203
-0.022922268334096534
-0.028349163795235836
-0.03160190036069321
-0.039948620106707404
-0.04005030320580939
-0.04052230912618362
-0.03251163326316801
-0.027873563911934057
-0.022292973136073622
-0.020544877411043147
-0.016502835636420483
-0.017868619554065424
-0.015659026560958682
-0.016030007385364576
-0.0170092736881453
-0.01806727710026093
-0.020344292025500546
-0.02219898123813067
-0.026249102568141593
-0.027058089831696268
-0.029667858217302584
-0.027907462269683325
-0.02618448522623142
-0.022824900490379402
-0.02076835999250885
-0.016900062611076735
-0.016389501062987238
-0.01569730688560334
-0.014805209109290604
-0.01583146894650287
-0.014977269654427758
-0.017153051101734776
-0.018134223955403844
-0.01874329218925249
-0.017994569887969613
-0.020694566484594622
-0.0201456604637678
-0.022025516080202444
-0.019533770056138745
-0.019446149271524535
-0.017680166011488904
-0.016380703378873606
-0.015784335137728523
-0.015187957042041813
-0.014164674634901342
-0.01402667558609357
-0.013482296201850865
-0.014129694443959022
-0.014697063326735713
-0.014589173580402083
-0.013877125715488903
-0.014267720414631745
-0.016116969476560272
-0.015706368312611723
-0.015571948653149084
-0.013537984563090018
-0.014174479141455304
-0.012991654399363952
-0.014168325477592506
-0.01320590309271697
0.00487548094214249
0.010917534397301526
0.016931886684376615
0.022424359230303146
0.031921768969361906
0.041336747546559305
0.07076058916951489
0.10733469962116565
0.30167207715953687
-2.1866220166783306
-1.2078916138970013
-0.2731543042546435
-0.07696036022465522
-0.04304541261521752
-0.014420530708714796
-0.004411702610584955
0.004254596513938767
0.011078127266305849
0.016004794555488557
0.022784216366999167
0.027796649448376228
0.04083694274119797
0.05395124506645374
0.09718607042818665
0.12093327218444612
0.2266809399558205
-0.19966024892964743
-0.09292756387021069
-0.06955752716911243
-0.02642695726544288
-0.01412793652759486
-0.0013705554854967878
0.006797791793854497
0.011024698565638954
0.01636221123293496
0.019340133928283747
0.028344649713495044
0.03360915163758101
0.04516851982482554
0.05358055126344078
0.0758819089024421
0.03784415268750555
-0.012865337890351127
-0.048255812628948395
-0.025807476633336986
-0.018904201625526567
-0.005677266984710006
-0.00047551567683934735
0.00825046341148165
0.011258104383686005
0.015399993582093036
0.0195208991922032
0.022310004309438893
0.029028902534049012
0.0314481600093891
0.04055279850242884
0.036922151379179514
0.033652248547503316
-0.004593725547478156
-0.007463897768809121
-0.012072436609991877
-0.005599578507069683
-0.0013626561661094917
0.004833354002117722
0.009261429498819071
0.010910376111587615
0.015424169487831289
0.018254822519780077
0.02127009009325336
0.02292963323588163
0.027846508522979
0.026714688366438904
0.027833564326591346
0.016763199092146654
0.010045287674003112
-0.0005328046796261781
0.001793289250075569
-0.0004046320332119931
0.003783928807282373
0.005882406122126625
0.009867160171867994
0.013241435164185893
0.014381594599532803
0.016980594148222367
0.01852686598229097
0.020088924182521246
0.02120938929662299
0.022664684509613786
0.019309321196630636
0.017054716630650158
0.009826859862311787
0.007943233743171973
0.0039622117322526285
0.005415298341532623
0.006741060408657181
0.009196015113135224
0.01053459027998263
0.013072122289236127
0.014472676588082406
0.014879784684703676
0.01706257000353376
0.018028417943430648
0.02027588758800805
0.01902450610046143
0.018228167178295555
0.014992515720618249
0.011736533256026882
0.008898276420252762
0.008434406140561294
0.007157995753648709
0.008708870701530673
0.009471724337563185
0.010733148954576173
0.013165540645216104
0.013011698594208558
0.015111110734330739
0.015365018021796888
0.018195142823451655
0.018079712461276213
0.017958810825351914
0.015368976228449295
0.014821852664763744
0.011587315024980276
0.01151291476727773
0.009046204353713085
0.009830487916232948
0.008866738324581694
0.010612442013771201
0.011557039621993307
0.012438588702487818
0.014316149098595753
0.015142979499367689
0.015751978666579628
0.018029243358932447
0.01775526993462
0.01721134550873703
0.016456729610358278
0.013386712052433223
0.012078049693869143
0.010685465826118302
0.010884772880191027
0.009867877904621195
0.008929006208434453
0.010065791226394486
0.01203652703689797
0.012834154393417412
0.014489875978117713
0.01696987280176508
0.01775969330350107
0.018575452175368157
0.01724718674875626
0.018521016730530495
0.015522757163261807
0.014060918825790815
0.01246254088624225
0.011334892927031626
0.008902264528633057
0.011056999263599454
0.00953708003063738
0.011293648596044472
0.01196924278091108
0.013269896477491654
0.014655007518399604
0.015516264513247491
0.018343147591056187
0.01808053732532329
0.019698377575941586
0.018334373251754067
0.01848207601260596
0.015928217962934102
0.013125075823011747
0.010223357030703331
0.008536310580731331
0.008143181485517955
0.00863037657867183
0.010631976596675561
0.010180046901495963
0.012611072797027242
0.014401882837694523
0.017543262459339806
0.018966691605200904
0.020967861406912883
0.02191287648852747
0.022783515824566114
0.018685481816938684
0.017994623411233302
0.009576805209884916
0.007380237876215379
0.0039043279428851935
0.006387330893639664
0.006635939731471413
0.008885509934627627
0.008981872492839141
0.012423043303914354
0.015506133305687779
0.017624455280270283
0.021232531504061968
0.023435798975195328
0.027108982005974638
0.026004143478818444
0.02729101208406926
0.017767915874256673
0.010349803824669726
0.0008253353406263747
0.001366914051861447
4.2214827452499754e-5
0.004326271559495925
0.004459715061155506
0.006616417636266159
0.012415987213535491
0.014256690107665905
0.019671345596539103
0.022504683508441665
0.028713486899230627
0.03133309425535575
0.038820369295280356
0.03465623837197518
0.03230359560071712
-0.005264464200474164
-0.007128380286435199
-0.013159094097357184
-0.00430601901424554
-0.0018671057167148747
0.003260187491976272
0.0066321787271701555
0.009744348347674889
0.015556619991185947
0.020536464917034074
0.02725540301008862
0.032524954130004606
0.04522095106372664
0.05308342060644929
0.07558088793886997
0.03950993017213968
-0.011021969705111543
-0.04745293093897373
-0.025202117297474767
-0.018946239486517354
-0.005564885089181589
-0.00025839260357808386
0.005625994781248289
0.010842050055232257
0.016042701112878338
0.02238447690127595
0.02905745156138378
0.04092995251568987
0.05440921910339915
0.0965974913895031
0.12133808652759288
0.22227648693077992
-0.19057433134988647
-0.09013540877405622
-0.06920302160277732
-0.02680167855298618
-0.014168073273639606
-0.0012296613422471065
