-0.0004771298198110816
-0.0001524760060859555
0.000249207551889384
-0.002882276938557349
-0.014912256616432609
-0.012475421799761516
-0.013493480170472218
-0.010919275059475025
-0.010554908030885709
-0.010109908252700755
-0.009477783159872072
-0.00940191958889604
-0.009677159704281376
-0.010269265479855622
-0.009060679033777106
-0.010787312536133385
-0.010880937657656532
-0.012428213977437205
-0.014287359089482867
-0.014714016785542067
-0.014752279139493283
-0.01532349234910312
-0.009905562584450852
-0.01012874724855661
-0.01134666127833179
-0.009383653475873806
-0.01030834092553162
-0.009029826284444053
-0.009021479949395804
-0.009459692303097756
-0.009344290304482741
-0.010017918078139804
-0.008855939393357411
-0.00940117371317623
-0.008147263487232385
-0.010258645924340297
-0.009669735625785622
-0.01099941434058793
-0.010054599816534025
-0.010246851398548225
-0.007958815108079298
-0.00812752803156542
-0.008891307061794418
-0.008321635553120968
-0.009294124684561905
-0.008908866953958372
-0.007685891631572389
-0.007845125566334217
-0.00874475407666558
-0.008281793654564086
-0.007422528233502462
-0.007754823105090097
-0.007058005283807161
-0.007299357011636544
-0.006861512188039302
-0.0063419547592136576
-0.007062858971453742
-0.005791779251127875
-0.0036659994150145254
-0.005147923994453612
-0.005565046541316525
-0.006521153752071771
-0.007305616889206448
-0.0075714513341401425
-0.008055424313376004
-0.007137731914061974
-0.006713403163134501
-0.0069685729177321725
-0.005725388964402657
-0.006285600984382389
-0.004842942596523122
-0.004305897911076728
-0.0032166451998375894
-0.004153023075568928
-0.0027542432304472914
-0.0035124486898249346
-0.00010059181763350815
-0.0013958694722548625
-0.002457170538968929
-0.0036057627063851272
-0.005474088972741788
-0.005920055599207356
-0.006682967674987868
-0.006199239817504714
-0.006725934868636097
-0.0054145743249338595
-0.0039684683388357955
-0.0033777787649049416
-0.002787998423690371
-0.000929856781636371
-3.691391481335936e-5
0.002673809923527308
0.0017975825630077752
0.001307564685526712
0.005622452611419874
0.0016724318682998422
-0.0001790225790922947
-0.0027203658117948876
-0.0033079646393875707
-0.004909410618401093
-0.006313503770453023
-0.006326791672069271
-0.006041654160352056
-0.005464563004905832
-0.0024418136998142384
-0.0014407383383616991
0.001641754709192119
0.0024836982483262496
0.006803389817019308
0.007620939181293524
0.00995137627744223
0.0071449906194339064
0.010541135056996444
0.006636355574737708
0.0010300544693113132
-0.0008611383596918107
-0.004045925448479388
-0.004499151400590263
-0.00603956717821072
-0.0055459018844839485
-0.0059716228476032465
-0.0044751154563058455
-0.0026202597875029047
-0.0014635514131803873
0.0024322585753986303
0.008449274599735547
0.013269109950199821
0.019417646630006412
0.018350309397915893
0.019702639161722924
0.022916670428172834
0.009375485205867692
0.004496819614747632
-0.0009500471444040366
-0.0034832618810882524
-0.004748944918663933
-0.005564431630864194
-0.006852086785985709
-0.005381508981387416
-0.004586940074483051
-0.002143149583934632
0.0005890196411230016
0.006869381276586463
0.01285518233183633
0.026304327791851146
0.03296444357696666
0.04804965988760201
0.031036014026911096
0.02898891504605899
0.015921067466858542
0.002269533810685294
-0.0014407275582988565
-0.005241459873941728
-0.006335482348945701
-0.006105029231807896
-0.006134093272315082
-0.006240120632495773
-0.004669745933076354
-0.0026898005363199967
0.0015899094333164036
0.006344694351430911
0.02042277286469936
0.034734155580715784
0.07821917103863388
0.08530055598824995
0.06910806595781038
0.049258641564078186
0.00848295597754268
0.0019433743285974735
-0.005660233125528806
-0.005896138703641671
-0.008371041027715747
-0.0064641162530658
-0.008211674194032053
-0.00641409488823065
-0.005593717803109507
-0.0030180744581697685
-0.0022395769566538183
0.006372711331151019
0.015207749904485429
0.06163633872964231
0.11065690362460766
0.29121250638408347
0.07635075400444923
-0.003998058881076626
0.0006607640361009714
-0.008667448288617877
-0.008550488027090419
-0.009623393395491734
-0.008479277017550597
-0.009301551073713001
-0.009470923269695211
-0.00791400568419332
-0.0069962172067993605
-0.0069313637414873
-0.0033782104818161018
-0.001939637197042207
0.012709382298085712
0.02638399883853798
0.17999487809942596
0.9970610454804919
0.18480316513826003
-0.05478665131587194
-0.034461889077012656
-0.015222204143463902
-0.014515884787850188
-0.011822430076206631
-0.011530285709219094
-0.010925965818176057
-0.010460168346469578
-0.008304853670226568
-0.008991509704830581
-0.008720329259993647
-0.010702756832941588
-0.010385415641101561
-0.022076093150972743
-0.03046684311605799
-0.2151446617527629
1.9669703826960525
-0.21636692990017936
-0.08001011834662815
-0.03442310063353449
-0.025255072012831267
-0.015854263084225162
-0.013750825176438972
-0.011980755625415191
-0.010804054013592048
-0.010307850902234806
-0.01052633149494847
-0.011420501640797345
-0.01282335556176855
-0.013600894683451025
-0.02060654263282237
-0.028928479421637992
-0.06645452369417176
-0.09554391780031776
-0.2770069089667295
-0.11868119900590456
-0.05109526248392241
-0.035368538365799396
-0.02314186342709585
-0.018935117844691852
-0.014098429030727454
-0.013303992201892852
-0.011194526483686098
-0.010850676368799364
-0.010373386202086186
-0.01315262880207279
-0.012641190844150288
-0.016847595988543154
-0.021156991989571192
-0.03146446134924757
-0.04472316923762972
-0.08167880772118802
-0.0960155139160625
-0.09004968265564199
-0.042548714811197055
-0.028330931286731267
-0.022524715960711896
-0.017248973986367714
-0.015125472414767293
-0.014038061259287126
-0.012984657408053206
-0.01117558442270056
-0.011973203817635714
-0.012612281379542414
-0.013824258311503171
-0.015076547621173686
-0.02054916610716596
-0.026767511307602566
-0.03880930431783916
-0.048399395424889656
-0.062408934060020536
-0.05143994414088546
-0.029005220551173275
-0.025929133759955415
-0.020558866782141718
-0.018189010537537083
-0.013397858468324992
-0.01340547581423045
-0.011426205511256267
-0.012175752983744436
-0.011438179446645708
-0.012443909652608635
-0.01320030543066204
-0.01582205998183197
-0.017432077696224665
-0.02362319303297327
-0.02780647989546858
-0.03553355169006802
-0.03649722989570822
-0.03723764530636223
-0.022645865340747685
-0.020148348157437587
-0.01761900387230065
-0.014743561451230932
-0.012771647086768064
-0.011981047720294057
-0.011274599571049973
-0.01164844251404033
-0.011326176374844314
-0.011392196826430235
-0.012729215907723922
-0.013395570949182619
-0.016390311073075273
-0.01915591417926296
-0.022730710903956175
-0.024378800107243484
-0.02748765711990769
-0.024961316082835024
-0.018287777335959772
-0.016749785376773525
-0.013228980412245689
-0.013668528086557821
-0.011927531911711706
-0.010682127765203258
-0.01135355599013531
-0.010684564309842503
-0.010395155139098307
-0.01039865734381442
-0.009879632729054212
-0.012090550100598323
-0.013505384568036469
-0.0155083791610178
-0.01797428930042009
-0.02099892695620683
-0.01963838877410097
-0.01970430089452707
-0.0033560486370383864
-0.002670901112709134
-0.0028048226986716563
-0.002954008712593061
-0.0021558455315964175
-0.0015397938564071598
-0.0020074188083189274
-0.002299668829882839
-0.0010581822488340256
0.0006905136179858213
0.0013957898889532419
0.0004147556885447115
0.00020823352442986536
6.21197844120942e-5
-0.0018949354454550066
-0.00122697426975517
-0.001708707061553644
-0.002305796145019545
-0.005295136329060978
-0.004259587840265795
-0.004080248800080665
-0.0017833862162891314
-0.00382256115706655
-0.003164825449465179
-0.0031515800270362888
-0.002276749437928155
-0.00010081310326265098
-0.00040964846682133905
0.00023753692750159462
-0.000860508195216004
-0.0013850790156060156
-0.0016021595378749023
-0.0024733700993869357
-0.0009172520682118929
-0.004826955310446748
-0.0038954944510109714
-0.006116599821494025
-0.003718855320742663
-0.0033627316456518687
-0.002526750955844536
-0.004224531745888239
-0.003714955633064154
-0.003426312384377253
-0.004082257752134178
-0.0023330267481495347
-0.002249510243587622
-0.0013106998186112485
-0.0011786780851546672
-0.0028302963011298875
-0.003535294406783061
-0.0027933301401814547
-0.0038553014174735807
-0.006578726449188227
-0.005122049917487641
-0.005809469506997946
-0.004084604424219543
-0.006069415824080475
-0.00451337264115712
-0.003870191811832881
-0.003092487636870206
-0.0048818824912953505
-0.00415874825758571
-0.002574337888195259
-0.002522356035761418
-0.0026501919471479513
-0.0024534211855111268
-0.0034260628479564795
-0.003943101495764438
-0.00351016757996434
-0.0063010226949165755
-0.009188202560040696
-0.006242491009825841
-0.008547997914657069
-0.0064286559207670435
-0.005668422536517475
-0.005754364384266596
-0.0030466575548608213
-0.0032284128382136833
-0.00440144410682175
-0.002382312589014183
-0.0019837979002253654
-0.0019537341780308196
-0.0026039414706192734
-0.005340343816997527
-0.005952742267207
-0.005848755167194947
-0.005600717156668223
-0.009916810902594612
-0.009343869218188583
-0.008759185548037797
-0.011973769704402492
-0.006839501180692857
-0.007138730739868531
-0.004415035973818668
-0.004397144073907252
-0.003243931173288075
-0.004088899137093978
-0.0023731810958527964
-0.0014956662282668066
-0.0009328994762021672
-0.001772889193531519
-0.002797564508592178
-0.0036229731576256892
-0.006885340172237055
-0.010230379414587718
-0.011156989022035562
-0.013618163204399084
-0.012036676370309456
-0.013786374349137688
-0.009973770538533799
-0.006035445443266859
-0.0034959395044740675
-0.0032481284401071234
-0.003812014218906079
-0.0031459627298415505
-0.002642629797008038
-0.0015873547488838638
-0.0018842066568781901
0.0006027568915441359
-0.0019357081439837498
-0.001479284090578488
-0.008866864341308917
-0.011511766866406307
-0.02038647009333026
-0.016989338878486346
-0.018394398412393573
-0.019000669262286076
-0.011185581516179719
-0.008462803564500972
-0.004529243972323754
-0.005598923357966539
-0.005548986598619459
-0.0011262915299852046
2.035360608271681e-7
-0.00040139512712255654
0.0007362631312636336
0.00071710944884289
0.0009204640569722561
-0.001992838789082282
-0.006108652203029993
-0.022200297978102267
-0.03280727572222714
-0.034558526391212555
-0.022229306835856395
-0.022317974501408624
-0.015896021107058837
-0.009920793991390717
-0.006540308141165704
-0.003370440765291264
-0.004579268191072024
-0.001368327653019009
-0.0010706259588342847
0.0018915996206190623
0.001636574269971531
0.003168809218640417
0.003470590358841997
0.006852222410340095
-0.00636793852398067
-0.026279598484946865
-0.09107853219476189
-0.05235557238072446
-0.04195562457209509
-0.03592186585018
-0.016784793547343944
-0.012501068713174725
-0.0082893859604198
-0.005920349984499062
-0.004770107022392682
-0.001635814502766742
-8.467800239974265e-5
0.000520941316722813
0.003126532241817083
0.005864261191565277
0.013794872101498658
0.01750970225851246
0.02755370688508494
-0.03492957563460827
-0.17651794489891087
-0.10495607137296944
-0.061951147930045206
-0.03251989061138068
-0.02182595120652534
-0.011787725828122974
-0.007749763232598522
-0.006091040509551887
-0.004883618106089196
-0.0011264502018251698
0.0014766697988115743
0.002692964077418048
0.0033373173939110776
0.01353954340967489
0.022093457469114144
0.0591989008904244
0.09819122155332922
0.2925415381229537
-0.3564802419533286
-0.19511935442665385
-0.09415463962153962
-0.027814080806928963
-0.014267777285784496
-0.012046596925076865
-0.006420318960069463
-0.006226908326141821
-0.004118724243467893
-0.0009113166072070284
0.0015864628858280761
0.0017302128615539194
0.008189606996339098
0.013903882799603324
0.03156820537166284
0.053945045932934914
0.15313149256146133
0.29861627244707156
0.3613962405984674
-0.07304678199272174
-0.041485933872979795
-0.00713051491298012
-0.010649908011500476
-0.008367008277995351
-0.0068368390125107415
-0.004074986921989743
-0.003128387263224343
-0.0008456240202212364
0.001075023522773406
0.0027515738818780066
0.0075733715766525605
0.015407734939903897
0.022653365216110676
0.05718004008040568
0.08791827118352293
0.15757513000312745
0.11339950341940482
0.022028077954855216
-0.009861789442664798
-0.0051444456464982595
-0.006259759251262432
-0.008232736513822012
-0.005695165273208926
-0.004211940245493007
-0.0026850974555911455
-0.0009599877809243404
0.002050500426743869
0.004812868044829047
0.0068231062096077225
0.011796548067283382
0.023269400523887596
0.029233403801974783
0.05733372035168249
0.05935118735663924
0.07005274910710081
0.016844345251202535
0.006260815950046191
0.0004300317101865286
-0.005241755326736208
-0.005336001159045331
-0.004109006287695853
-0.0023196328509040814
-0.0013716174894069107
0.00105362714046718
0.002977149885063456
0.004741285562211099
0.005641499979416404
0.008377507160561067
0.011643809605221449
0.019860761361443532
0.023420598934948234
0.034484167332350615
0.023229092999418697
0.015666442462087374
0.00236328630647574
-0.0009580385097574357
-0.0013236740584851713
-0.0016046191893855167
-0.0017376768177410475
-0.0023686354388391144
-0.001482059609213021
0.001037346266228412
0.0013954380855128942
0.0018588452868900725
0.003622894566852538
0.004956322877096403
0.007133149648392669
0.008116897554530015
0.014373097629812783
0.012026150458483396
0.013567238662373604
0.007101760926757457
0.0034001499554584154
0.0005592996841617097
-0.0015676807080540025
-0.000693137140957235
-0.0009289972402986052
-0.0018279386607418335
-0.0009970678764110656
0.0012924411972246796
0.0011505370427193377
0.0010411254325470279
0.0030937638156524005
0.004152939369594174
0.002765814318639609
0.0055431947000196425
0.006585312324281771
0.0057221712420258124
0.00436161933542806
0.0035864167085616337
0.0002954305803393701
-0.0024036644390100534
-0.0023948655432583944
-0.002937946182920848
-0.002531303751930121
-0.0025564485576508684
-0.0013096277620515111
-0.0010124131787058658
-0.000701025474851341
-0.0015986315122230072
-0.0001709331603659871
0.0008549960220228337
0.0009326528124773065
0.0012671901040343162
0.0033655449230427094
0.0008830553913838346
0.00041863258972471524
-0.0012657703484791282
-0.0002324740209297866
0.012801343100346071
0.014813093895455279
0.015611781705807837
0.01492137325908636
0.012110220660192706
0.011663173513694801
0.009383490086283619
0.00814342526016043
0.007154536358916919
0.007083217522891069
0.006747178836912964
0.007988551620396099
0.008101564879934185
0.008444750649681764
0.009226994374623855
0.011397645584753008
0.010767094147771127
0.012640951394829824
0.014505348254048088
0.014877817007066677
0.018422219280510934
0.01669775266532392
0.015242287964198877
0.011431526760317534
0.008774999995713273
0.006320899541615465
0.006754073121214772
0.005064239763630581
0.004822609854753159
0.005993915875748189
0.006627373815102533
0.008440050930745123
0.010418849040967475
0.011699033211074825
0.012567084109005972
0.014173478423965876
0.016143209131421872
0.018214882071336216
0.018414526982433125
0.020911354129495397
0.017490089663949493
0.01498374037777396
0.008715897204264867
0.0059247473000209345
0.0019450857798510679
0.0030245956019838227
0.002832667533171869
0.004967809326081596
0.00465392320036779
0.007127106395460745
0.009626247300035579
0.011212007460254804
0.013391011197580403
0.015698655717761818
0.0182755238359752
0.02127336966754605
0.024353910160099836
0.02384387166620845
0.02574952289796364
0.01646726376663773
0.011080737849639475
-0.0009023409511907403
-0.0020639044471500233
-0.0026389097660554413
0.00013893269415323525
0.0014934123516106544
0.0035956909749312502
0.007503548358797112
0.010011428473022343
0.010757337448687673
0.014138460777249994
0.015297119234772475
0.021690705958198025
0.02744441133623978
0.029464565041806768
0.03805276200876776
0.03472624561708902
0.03630164957692601
0.004527703184792587
-0.004747895116082154
-0.01366428874484954
-0.008186333376328701
-0.006138919363773637
-0.0021260721897834777
0.0008689398805501315
0.005178903040906935
0.007745324224795119
0.011356669677326011
0.013589869382609589
0.01752129808436616
0.02579051324150364
0.030504949557142478
0.04456274875852801
0.05247582639329299
0.07924921304501976
0.05635270749871198
0.013788988015518864
-0.045056896267236884
-0.025157321813040864
-0.02183383799435971
-0.009724770422853083
-0.0046515478653952665
0.0011803332276169591
0.005548036508235909
0.008802220077906866
0.012521201337725038
0.01577827319480365
0.019400385095624393
0.026933541288961152
0.03818677275470303
0.0514440657914507
0.09303836318436942
0.11897200427679104
0.22277490834811617
-0.1739304262549319
-0.06424622820883444
-0.06711871268765297
-0.02974664265878297
-0.018915109168677172
-0.006853147457226434
-0.0015919458573298109
0.00451117256857637
0.007676791886443789
0.011525591550740979
0.01599161538386068
0.02225124843272517
0.028190667424045548
0.03661563360642994
0.06336610593446808
0.09465792112461138
0.2721026400926756
-2.0260163593672997
-0.9854701870931997
-0.2900262683255013
-0.08109983724104664
-0.04640488017482593
-0.019338305945317113
-0.009941665427872108
0.00014501663390549784
0.003914739404649122
0.007944330101595355
0.010790582421274786
0.017043294586066026
0.02263530532404388
0.02572090621168223
0.03748572165336746
0.048374488250329854
0.08054773407704478
0.08669391759316837
0.20676496654284227
-0.1908365899704881
-0.11516923046791971
-0.08078656365743105
-0.033516484911144964
-0.02114226016258067
-0.0076851910188744975
-0.0003708930893264261
0.004852833276737525
0.009120781637100714
0.013683975195123115
0.015409431745900011
0.021412598390941416
0.02394609198715387
0.029235407149392944
0.038496095065175026
0.043805287711246234
0.06362608662241735
0.024378644517775182
-0.027830179065168752
-0.06466040766822
-0.03468142222784671
-0.025317475819618646
-0.011089718991724952
-0.005237817856033797
0.0014994705731391491
0.005502901691687999
0.008926563367647368
0.011971522852008545
0.016045683375091078
0.018483755015489076
0.01910603560605893
0.02411577904242763
0.027431924721590176
0.031887191233078364
0.026614721885978247
0.021295916824422723
-0.014253778102860888
-0.016954187833276065
-0.01946970801916157
-0.01125459472394146
-0.007304184103602579
-0.0014650426070039397
0.0013793070950855932
0.006135199573103635
0.008110054496108682
0.011136175793487794
0.012733492667893986
0.01705521535694109
0.018277393983794608
0.018223870241572966
0.022666279209289424
0.02088039123675885
0.021360793809229797
0.011157086592053321
0.002456357320935288
-0.007822724898617415
-0.005710938905471274
-0.0059568529655059195
-0.001166754989230296
-7.225150715235844e-5
0.003239391789468361
0.005901792767992105
0.009462001474361466
0.010450022567184773
0.011345373283976124
0.01589604185305586
0.0153847181468696
0.017443490582104506
0.019073909911645
0.01756280325263661
0.01404170156864735
0.011961767595053999
0.003964373722345278
0.002602301129907393
0.0007707902910589737
0.0007940433131462314
0.000593560407660817
0.0029885246624732696
0.00474964151916632
0.006823703404181637
0.009049825192908683
0.010423339370409563
0.012314103600502425
0.01430897923083062
0.015635780337091242
0.014842912274909338
0.016681223718192445
0.014375951650556097
0.014219043619444038
0.010304929565907544
0.008553116810221357
0.006212189293706384
0.004053690260258045
0.003965435512183622
0.004126290365721234
0.004681435490976173
0.007374725721356874
0.0082742523717944
0.008666764410458662
0.010890099196375144
0.013968183714854962
0.013501482224960087
0.01234433742820368
0.012790894882765438
0.014256317506722065
0.012093577853936463
0.01101112866541046
0.011774878202557034
0.008866682498670356
0.0073817757877336805
0.006478266065308211
0.006284042247060753
0.004590211950854109
0.005614617643931832
0.006736886644510161
0.008598462068401251
0.009201939904489293
0.01153480226154126
0.01298905943278789
0.012384011498860868
0.011636991512233364
0.013070118777785727
0.013985017625627916
0.011727769883842826
0.011317578767866458
0.010072703906760764
0.008806105091089882
0.008528264004282363
0.008871139280156032
0.006732434541027672
0.006945480870058291
0.006937406235631612
0.0067398173109797736
0.009157925175293912
0.00998490040769739
0.011125909695604867
0.011898268668038881
0.011517231117552216
0.012065046391598016
0.012056970561802213
0.012529481040109956
0.013373936465376251
0.01086795512419334
0.010058679157168534
0.009197179325070784
0.00966928186238353
0.007877716515169629
0.006992903319640287
0.007109375183431259
0.007714473267823343
0.007353765282262306
0.008170714745511473
0.009691320920679548
0.011770864000030825
0.012084648479184905
0.012457073762029602
0.012624938813542624
0.013026452210006112
0.014364970718426975
0.013599277621978406
0.012539917257171643
0.01004344616147595
0.00980545904464832
0.00812643183210884
0.00830291741597581
0.005892173619509283
0.006857220614998345
0.007088389500798119
0.008289256091984172
0.008934099414168365
0.009484713263885357
0.011553466420229645
0.011335036438718249
0.012041357200708942
-0.08237554393801413
-0.14467012820554526
-0.14667328160959303
-0.017279034736657192
0.07062967339429926
-0.011642929938421087
0.014939385024423381
0.010906257860438971
0.011591162916317881
0.016001757515857928
0.019098418658759865
0.01490151272968972
0.007908706488862539
0.007658935880909918
0.008144919742733797
-0.0007680559659145234
-0.01896258208340045
-0.04460652618363113
-0.1396867496289984
-0.2027311264013212
-0.44228560931563676
0.17618559376198
0.18040517737813888
0.07303285981202806
-0.003745116988010331
0.002269434554217334
0.00985450598012769
0.010711613373533864
0.009618084625373715
0.01149816980845747
0.012486263570242651
0.008190057118225466
0.006010339909842947
-0.010343075973993306
-0.03318747814512543
-0.060616607644008794
-0.13353392557862157
-0.4641952960551143
-1.4809060157439307
5.631468434519312
0.1878423811780394
-0.003003135569772876
0.0111554488928445
-0.01421825718587327
0.01005095510221953
0.012062980219210113
0.020564626893071362
0.02430932293419385
0.0138587959903488
-0.0031307589912949094
-0.0024429398865439406
-0.01093361258355541
-0.025716949697100137
-0.06007465362529971
-0.0963424692290893
-0.19478646119085477
-0.7702123135706926
-1.444935842250357
-0.3940633113040633
-0.12771978828478073
-0.0579554092994403
-0.009708001153199496
-0.0019075176518859997
0.01200364826911525
0.006480850639886759
0.01348699885673537
0.01480136271373084
0.014923340898708082
0.007381292291397496
0.0018883025328572918
-0.020003346009900537
-0.024706862067373138
-0.035619351949532974
-0.1052077214492643
-0.1909543284989426
-0.44393421851665976
-0.18996789498519848
-0.13674269150245744
-0.046485164382297134
-0.03215223673694902
-0.003362935960922793
-0.0027246935470363067
0.007995865755690541
0.01447206367798336
0.020422636308794557
0.009207605741611669
0.0065772084896422375
-0.0012199342521287326
-0.00029800351521733475
-0.025083240773318128
-0.021751010440353775
-0.032948033356091484
-0.09995397352741892
-0.1368844419342423
-0.12661768832945847
-0.07042621263434468
-0.049867243245661975
-0.025993690809616363
-0.004308306062144046
0.01079566704054995
0.011175356978964894
0.012446993669906972
0.021484864351748997
0.00739610340011893
0.002388994359158053
0.001295471921518234
-0.0043276619231514026
-0.006723396825716654
-0.009752202028204081
-0.020821251456385574
-0.028835114089519418
-0.06272013434958965
-0.05613089731561936
-0.05078493655463555
-0.026375580593364124
-0.02021740990318199
0.004621919515758331
0.001884730796056902
0.009785456727161898
0.012620556419388966
0.01804025506078966
0.009630917710481132
0.008435056101244155
0.0033930791696205925
0.0037615001651780523
-0.002778209732266063
-0.006588732950154825
-0.007427497616772112
-0.019787483321081403
-0.02230478806760669
-0.03266877765319877
-0.020766172487321467
-0.01536605898433824
-0.00805665126031751
-0.001453719572636773
0.008435473876792745
0.015192976972995447
0.015252733693829365
0.01775712082576039
0.009727302036811864
0.012007749598987389
0.0035464014220166614
-0.002429920948475838
0.0012415552585088605
0.00560007275990042
-0.006340808420639252
-0.0038649730139468474
-0.0066849114783723886
-0.010991298064565946
-0.006515201103644017
-0.0014716256245453523
0.0013430052407435718
0.011703461583494477
0.0163919295958959
0.008660512361148526
0.016396540161190118
0.023221570704585078
0.01389411048756227
0.018941000977426875
0.006786355677743263
0.010473881363809674
0.006222193159915187
0.008492172858943318
0.004747804474216641
0.0012314555040646407
0.00423218012641893
0.003985445108469424
0.007272479808617391
0.006464285924464977
0.0068321376770064685
0.007006958365763645
0.017997219762532348
0.019758682826082237
0.017591631392496303
0.018281373598219162
0.019551395471559926
0.02314089318295271
0.016692670197826096
0.012834994474000846
0.016707079672785622
0.009254334025599423
0.003944091235011951
0.011467057013082014
0.01742208127386317
0.006612949205139089
0.008862928356979261
0.013580555438128897
0.018031313171306337
0.013786336970050241
0.015648934297081647
0.01807956009329154
0.02426552489631046
0.018149209902284153
0.024579036207256197
0.02552124838778977
0.013694530427041652
0.009490139169427196
0.017201349840321407
0.010906486354256548
0.010878609352550729
0.004500923517023229
0.010984112992749697
0.015423633519934376
0.017364359204885535
0.016850470215138937
0.013235394454095214
0.020976512189670737
0.020632948190253804
0.018546352393575275
0.017130244599277072
0.020344170343535656
0.02449382814396014
0.021090389205364393
0.017027012643938695
0.012384280904458093
0.01680779346836637
0.012871679838274083
0.013031736771311662
0.014757139700002642
0.0005513306507959972
0.011610588755681724
0.020243122360192156
0.02118995761366407
0.011851384676798395
0.024366842118590172
0.0227721608790676
0.014329242803572284
0.016169843605988405
0.022416098737918506
0.015863110898416372
0.018360869432287968
0.017447704447221414
0.01760783796525175
0.010337140355835356
0.01029524057254546
0.009213047541296397
0.007777361196966583
0.012170207699466053
0.015999736546815822
0.019834598764388936
0.019223125134188633
0.012679552967061811
0.018188810937529887
0.019124787908444855
0.015235478426598474
0.019374354938907386
0.018183754456622483
0.01950645445166623
0.011773658670832667
0.009128054778240056
0.014670928018799734
0.016046524131741777
0.006134254913495829
0.004314266877046991
0.012476520743096447
0.006293764590953067
0.016863501570207808
0.022900933897508163
0.0221252891273986
0.02085864710900277
0.021359630192274964
0.025244281624930462
0.017725964195981925
0.02259092720756708
0.013254807254539931
0.018885129848356805
0.021107861222863247
0.004488687268336658
0.0035036044995805176
0.0027154731526397684
-0.007468044461712821
-0.00658992391057852
-0.0011917641857051705
0.009539205225733228
0.009575822197279843
0.01949090586868626
0.023799343864436637
0.025540259883378935
0.02679635718566175
0.027265897071741558
0.017267134169289385
0.022806795590309556
0.014521890836679265
0.014730335593383447
0.008005750010003372
0.006064429175293165
0.003932051578875647
0.0009022930389833502
-0.02189593466399514
-0.03153095001716283
-0.014455346408617085
-0.00792825667374044
0.010252980786751003
0.007563526034373923
0.022664230199290283
0.016184446003866454
0.020461220835115198
0.02181984030860539
0.01829205108007958
0.020475632188293496
0.013954794626609333
0.011294884595982697
0.009707405044128977
0.0019128163944855331
-0.01083690542423164
-0.012004708446905099
-0.05245903507293684
-0.06143676328328994
-0.0741050344420341
0.01611500069355147
0.005011488424153545
0.013753713039301955
0.007831037244201543
0.018448376638455815
0.016732274171739638
0.019992409520491795
0.01929328374471549
0.018889327334229357
0.003884675849490066
0.012172746477769805
0.0024332204993074316
-0.00839932288418379
-0.017534047480048946
-0.0210710764395556
