0.0018303671951121067
0.00011290299304853388
0.007777096792094467
0.00832646532013204
0.012363657226050612
0.013951830237981497
0.012626664669632973
0.012696988438428525
0.014442012774521458
0.012989239527754048
0.006925446233697219
0.011515738634293234
0.006897725397129231
0.009037186188193698
0.01079234877958046
0.01068397006819521
0.008161052494150027
0.00476503516176814
0.002055264754682472
0.005707268270700288
0.011158238453855867
0.01120284027582407
0.014645055163655087
0.015672074252565407
0.013246102760217478
0.0156271647553489
0.011710350405140083
0.011377689626486791
0.015017246994993945
0.01099081265677301
0.011592406884122695
0.008628694107655767
0.007196020367979979
0.00805311164695996
0.0029607096534019274
0.004844052237525166
0.007067861761781359
0.008106382780425215
0.01351870345436369
0.012955169766689072
0.015759528824303023
0.014217911462469776
0.016174357195114973
0.01756839102533077
0.01570849475031335
0.018306215298974235
0.014034410619226565
0.009998173988512367
0.01211372131243975
0.008796267766773485
0.007314757716218796
0.008231127599972566
0.005237540201460409
0.00597548844641913
0.005730688365686329
0.009834941710949308
0.01317925536640786
0.01504681179925948
0.01697715808634631
0.017036409139846016
0.016859281195948112
0.015016465924440631
0.014601705469576377
0.015431447849215406
0.013250778104051621
0.015774168643070043
0.01397493511032743
0.012091953340797835
0.01147602038043035
0.012280558104395056
0.009296224528686786
0.00890232692979234
0.008322068603163153
0.006019218475508323
0.016583812137758766
0.017388404953026904
0.015909264332249262
0.017921163858604084
0.01739837328956984
0.01385811815425255
0.016384848835816812
0.015084301860897879
0.013757170191269007
0.017110775546100757
0.012773041972757176
0.012594842387136462
0.012009899294020066
0.010767428095017788
0.009994035366326544
0.011183311524400264
0.008669893911180823
0.010174952007415434
0.014125587217706514
0.01548028011426952
0.01745300812115062
0.01861855064069665
0.017046789416294946
0.013350629615391895
0.015037161123274224
0.015654194701912857
0.01367833826006562
0.010908005039054272
0.012486773609116979
0.01141758660095155
0.009613927326349105
0.0068606337141216825
0.00597790010360493
0.004659450684697651
0.006793387249013679
0.012317736689309394
0.011450028520518466
0.013810136993796634
0.015271549211848569
0.019130761703776412
0.015570949895552497
0.012835519969317402
0.014601698036107207
0.01287090882422281
0.010414064370347082
0.012362477833581376
0.007836693362787759
0.0030674940929044893
0.001907099262209572
0.0014299206385678944
0.0017676712105275513
0.0036132793605407236
0.00540953860823304
0.004891808918816457
0.010206402602488548
0.011769646944936195
0.015860812697701503
0.017015298790037457
0.014225462245807022
0.013298370018660069
0.010459299926029883
0.011181651660665728
0.009964457111678674
0.010961327938348255
0.004222853478615463
-8.13599482896144e-5
-0.0016568292989410083
-0.005316602355900068
-0.004779547083211071
-0.002028306450767966
0.0017713025353540278
0.0048508752279716235
0.004983401251924894
0.0070506254794268156
0.012266817540253546
0.012804864828064729
0.01305221471630305
0.012763097018829994
0.010361289701902511
0.008856863326874891
0.0031359281575585977
0.00027616067644116536
-0.0034230238284952783
-0.009183152310657363
-0.011234957520052194
-0.012845149738022652
-0.00901307620338003
-0.007168429877561655
-0.004761323435935354
0.003412925824296946
0.000616789711593169
0.008955328855503585
0.011904458406059413
0.011242375118422214
0.014295980173064236
0.009156385298172696
0.007923270459746579
0.0043488506980835645
-0.001521278659024319
-0.006374799599086291
-0.014535405382182807
-0.02471532795022005
-0.026753861002212526
-0.031194792579370974
-0.023173405369903585
-0.01889776321078943
-0.012711624335933086
-0.004603919088845616
0.0010117056762462846
0.002303208736384939
0.006031256083714136
0.009325350733289571
0.010202417971263474
0.008019549026740711
0.004217235733457163
0.0014911883052136097
-0.009190763137112307
-0.017566526086401326
-0.030615030066314712
-0.04581610885675225
-0.06384485412287
-0.05962234843279342
-0.052853593018465095
-0.03524437322291655
-0.02201631753832214
-0.013479320461108418
-0.007005548961363065
-0.002552441594991582
0.0047406180675327305
0.006432892478330295
0.011376743286148416
0.0073709976244111025
0.0028383065905354106
0.000889183815058417
-0.012698301085957122
-0.025510653750466454
-0.04749508701477996
-0.0824764978230415
-0.13079633594074663
-0.12420256696809073
-0.09971914590927147
-0.06805785900667305
-0.035200737686527685
-0.01907000612285322
-0.010100111744248123
-0.0020748911786787425
0.003464753565650883
0.004693343493238966
0.006087600807853087
0.004650747914168359
0.0064623586531693065
0.000743535107101057
-0.013720602706966897
-0.03383995765023726
-0.07709981595570439
-0.14454493532381205
-0.32556607320003855
-0.18853068082402152
-0.20760722214537808
-0.10915374309788847
-0.06037865266271303
-0.0263980223570345
-0.01374742326406134
-0.005634007473165489
0.004076315005516842
0.0068690148556725256
0.007680773905194617
0.006886115505154563
0.004504884033875264
-0.0019279443643553744
-0.013939011250785263
-0.039595964181938954
-0.07801193468221473
-0.23414057118764736
-2.2701275261284364
-0.1177024633124211
-0.3472524870777933
-0.17925905648578616
-0.07157960721089489
-0.03500308409683616
-0.012171272174372623
-0.002032233836440247
0.007222731877915514
0.01026490943900622
0.0078013165139777544
0.004940755075373828
0.0011713115119166145
-0.0012026386728056747
-0.014370816553104236
-0.03028669069931995
-0.06354642874200749
-0.12816976058187984
-0.4940387139431115
4.222522468901614
-0.23573687585576858
-0.1141902520821121
-0.067842741122792
-0.026955804216118536
-0.009904120047479146
-0.0027888274061418842
0.005705139125157185
0.008012448854160444
0.009384109895216234
0.007978120911341367
0.004760022031164492
0.0034963265785254815
-0.0037208730708829358
-0.013787554056790665
-0.014253910928285277
0.012526278399251696
0.13497312107213139
0.32487008946366563
0.06374398437486875
-0.01883140428256991
-0.03282925919639478
-0.021293663178724786
-0.004919285062456537
-0.0004331556909395197
0.004482702572283363
0.011873543021049308
0.011314171270950359
0.012019861956613897
0.00804952884178989
0.005337087443494603
0.0005863317082815235
-0.0016228807248811336
0.003261850167280656
0.02281863908030256
0.06913059140642293
0.0733980960938348
0.04869517306333692
0.006931737262003219
-0.012158819415742443
-0.009143014488374328
0.003907945316922609
0.0024656169725634828
0.010616001320463515
0.011505314201807375
0.009295625019805402
0.013245547518851755
0.012791696516987205
0.01319583652344004
0.006809884859224229
0.0038446104170922484
0.004809643360685221
0.012916029601043714
0.027598804468796798
0.02847180216927046
0.01736018204854906
-0.0016081445840928855
-0.0034921310234377416
-0.004306723732945862
0.016667141332940328
0.01636010266850959
0.01508715832632378
0.01496399532078443
0.012261372939254861
0.011522481251570443
0.011812444570152373
0.011165212759387732
0.009317064156720919
0.008921074926706157
0.00827391012347714
0.00896368010730428
0.011127362093381145
0.014773324621767486
0.01709651295061282
0.018843133314836336
0.019036691867260147
0.018645370328929437
0.01693360834264444
0.015554895993425376
0.015272249521571786
0.014015337704848804
0.01413255549382928
0.012587425547847005
0.011575400540393195
0.012798137563561914
0.011712042573817371
0.010057161766254064
0.010307878651499198
0.01051447949764957
0.012632748001117253
0.015213168464771682
0.015445849875320772
0.016284975285486974
0.018039636265154476
0.0183973995192617
0.01610234012985516
0.015180955935496803
0.01487624474935644
0.012795426275952355
0.013362609119909379
0.0133800668352543
0.011925046361592232
0.012860244258138486
0.011688526603459886
0.01149186031675393
0.010937279790545082
0.012513816173028432
0.014694525621557012
0.015463830271613124
0.014704802102114231
0.015819485897521357
0.015395104132719674
0.015551503634630103
0.016343972761350422
0.014950315585013665
0.01271300619980032
0.013307407001788167
0.01364270002460012
0.01359632436543083
0.012861040705775227
0.012928879237088957
0.011685466355878535
0.013019837970347758
0.012121205563683318
0.012590517539273505
0.013217816797240578
0.015721924306234217
0.015617120544201672
0.015730501919747196
0.016042082029532757
0.015810413899876793
0.01742063641818314
0.015417380343585328
0.014432614706533538
0.012681398729652476
0.013611325615737647
0.01330144170399371
0.013153764889235794
0.01237253266981124
0.011658140584350428
0.012429496320182443
0.012566832270564234
0.013314672025451647
0.015133414374408313
0.014477729816899727
0.013933352631638097
0.015598995784549837
0.015479399291644267
0.016215106924789106
0.015791220332785686
0.015813298258867327
0.014519295269902317
0.014045453882145564
0.014522791355178356
0.01223941038567376
0.013890960951829987
0.013686070378503673
0.013824345192946228
0.012657261383990948
0.012506028116861754
0.01277899390259229
0.014136698794986418
0.014255010567314293
0.015951989636361952
0.01563347701808827
0.015569206080332503
0.015990491624436113
0.01546504516816135
0.015364170258876084
0.014615600975631676
0.014415818521880773
0.014126743416744443
0.012727711644212058
0.012714976124108688
0.014034112430448725
0.013048042325025879
0.013039547424567416
0.011305613869100657
0.012544067393951168
0.01465454827430415
0.015274266251946517
0.015509480307307937
0.01701327691475859
0.015791939946958287
0.016162461726782745
0.01622056819002395
0.015031108713922407
0.014653432020079647
0.01429349476211783
0.013086290423059503
0.013259266926106844
0.013309371266506376
0.013188470463326232
0.012569788342464644
0.011443793657632739
0.01123596721818818
0.01293798555068765
0.01500335836444215
0.015615274893439935
0.016783329411828436
0.01752078974962686
0.018510167628558043
0.017646030493502423
0.015994053308889863
0.016607745029472903
0.01554423493557191
0.014768868853035232
0.013207154384123617
0.012501066088778183
0.012848255357094503
0.011723525884760038
0.010571845400435913
0.010963606922681076
0.009807345552068346
0.010177921311840175
0.013406988950818613
0.01578657272952489
0.018192411685232328
0.01788410327393037
0.018901143062932047
0.01680330325956611
0.018195112583088445
0.015694678426847825
0.014982029292530173
0.014508031339755588
0.012404901464003887
0.011711645428040741
0.01199009780166027
0.00946075553360807
0.008938645566903547
0.008660933247311521
0.008694234426374207
0.007603112766946595
0.01267404778343548
0.01748129363288402
0.023278271824679276
0.02204436885668627
0.02134168369389704
0.019144217239142888
0.020014120747122048
0.016434326387560715
0.015292224228121614
0.013603037910618185
0.011931391571151846
0.010706016426536333
0.010206965236196392
0.008210320057974743
0.00620375532693378
0.005847003121995803
0.003083622091664154
0.00519783254828824
0.008816537182961963
0.024298239868595105
0.027713694546117187
0.027720231294077226
0.02465077252077419
0.021988620013886805
0.021334211084946954
0.018111211756182
0.016089180255958572
0.013273710173531785
0.012876360081621201
0.011379548773734573
0.01044391747250692
0.006956063850742953
0.004655486921210332
-0.0003695759264076096
-0.0033780239893890962
-0.009586037344874414
-0.009880052571645067
0.04609818175179259
0.044336264044463745
0.03580690535753292
0.029764729573632773
0.025064254427315306
0.02255049169464315
0.017833277247887087
0.015884783043368426
0.013792817017109731
0.011567834230959242
0.010896487780729769
0.009410327986049023
0.007433718905467421
0.001751676313356045
-0.004346678679809332
-0.020745773412977675
-0.029605479845372807
-0.10275304156411379
0.16636605348404793
0.07647574424558681
0.055055242963621485
0.0375363888899927
0.028790532878015716
0.023461485031295998
0.01842590915545145
0.01626585084610272
0.014017394616473788
0.012911390012578685
0.010691171894773983
0.009175732804720197
0.004720639108327987
0.0001368385923005495
-0.013461764982464921
-0.02799866018523979
-0.0932768402930312
-1.993590255813583
1.0028918567644451
0.1549739315165961
0.07111632914333046
0.04359554888945312
0.02895989670062053
0.02227664685655157
0.019307029456275857
0.017415842040924372
0.014879646288149992
0.01249215264645256
0.011511288187253752
0.00877242837968821
0.005640155057888479
-0.0015255993057241874
-0.009879441507533983
-0.03733311193067976
-0.07707075450530439
-0.267332948719489
-3.432743711911786
0.09012698107840406
0.07131677366116017
0.0420056633782434
0.029861472475487705
0.020639464434290686
0.018518974725782688
0.0186830265084807
0.01506667437612879
0.012982790418947468
0.011588576074019866
0.009018622596708119
0.006114973338024049
0.002473980893956323
-0.006002893049936299
-0.013840327169126823
-0.036012291707354635
-0.0505255899325405
0.0007285474392799208
0.06019805830001077
0.04496426371970884
0.03530427974512945
0.026577023871080647
0.019223305130562366
0.01786018039523868
0.017474513119334168
0.014635267371056254
0.01305979074046443
0.011341237869513816
0.009318355488647193
0.007991038357484251
0.005483518223911249
0.0014802241334533057
-0.0025834388967273924
-0.004974865131307354
-0.0038933018972076077
0.02559950465381248
0.03388429815254808
0.031175364266078174
0.026133291054343928
0.023280227447810675
0.018754730455837275
0.016878905252898674
0.01586354718528177
0.014236566384629652
0.012543556200994531
0.012564720275274404
0.011606634592254285
0.010220487255168607
0.007609248025331185
0.005038993978654966
0.006469602583415675
0.004210273399669338
0.009267352924141678
0.016022071505561047
0.022359560703518116
0.02286984168569198
0.02213683670326665
0.019972453280812076
