-0.0001293664607762461
-0.0012084408127726687
-3.228690368192444e-5
0.005696220554095897
0.0036928112420338975
0.004408704066512492
0.0027176044649134656
0.005989774023264432
0.009032790517104535
0.014521472882518859
0.015887159974638722
0.018493907194265847
0.01715271253066223
0.016758241927652667
0.014567158182430954
0.013744083264265591
0.011789998070312366
0.010261383980914003
0.010501547545755654
0.008401670825958385
0.0064310397088886235
0.007207412601681803
0.006154529289152902
0.004963265587981905
0.005866737669553217
0.007878489613510132
0.010138903224573618
0.011709147204309074
0.014091197715757084
0.014957357703883059
0.01589523832636863
0.014262017533061317
0.013912091295788374
0.012560488373147109
0.01182492996866327
0.0105655902356366
0.010062754594448869
0.007894730161183815
0.008182153179833233
0.007123269376024548
0.007034341426788863
0.007501004137567904
0.00731565113235028
0.00902776370018039
0.009637762572342433
0.01283502802579812
0.012930587805226934
0.013583678136347596
0.01334964274428892
0.014074795593977193
0.013617681181100103
0.011329707913658756
0.011464223422179079
0.009734625474282903
0.008987051521624378
0.008604667956069595
0.007597701910206093
0.00725133647652309
0.0073796484085132405
0.00803168783385771
0.009031674222781082
0.008470345498198502
0.010301322072010798
0.011358728387415891
0.012276038206295246
0.011940090441207071
0.012532740549282259
0.01113141185682787
0.012323745920864533
0.01230749111413673
0.011131339184699317
0.010102535582158406
0.008852463608237285
0.008707752349028035
0.007660812169728824
0.007077382515221967
0.007779711592485166
0.008481797861040287
0.008338721518525449
0.009361111731345378
0.010090522701901299
0.011430914820832357
0.01134926118815477
0.012216146274643442
0.012075573193988819
0.011284122856344921
0.011161410555883492
0.011393626471516299
0.011447061572138928
0.011346284620277265
0.009221708591930165
0.009331001536404095
0.007205806338998352
0.007055757971289323
0.00819225100703764
0.007728084130872205
0.0071827702076364235
0.007951944392399162
0.010543187828089792
0.011271070411720093
0.012024066917631176
0.012181462567614255
0.012110408906402982
0.012513118643051683
0.012429105591956088
0.011192943279705023
0.010611662879075348
0.010359568314854973
0.01019084129773451
0.008640274325031212
0.007255105018127015
0.008132729665839408
0.00782069910618761
0.007143627863556869
0.006883120595838568
0.009266139517049144
0.009619292439222563
0.011795932106045341
0.011860979274248418
0.014275672135425865
0.013147045008278612
0.013341216182323454
0.013586397086775968
0.013130347300280325
0.010743889179545496
0.010192996306617321
0.009045058821949144
0.008297689769681368
0.008762156786936329
0.005052291280832424
0.006142484935779622
0.004965169434050573
0.007521553207354374
0.0077419615915462515
0.009543811073609701
0.01241159741126502
0.014347526250932227
0.015315244611701412
0.014643280279895568
0.014120349804672727
0.014696543735890114
0.013021669607964659
0.012023407024168068
0.009862964814015718
0.009288720479777106
0.008446289310851071
0.007577646971628769
0.005318758083568878
0.0045658177795116104
0.0036792454300457753
0.0035626819912950598
0.005116713644960456
0.008234316356650916
0.01565191353720116
0.016435930678911435
0.019356383553098495
0.017075558770435543
0.01706124243165264
0.01626068603093522
0.01507852235305212
0.012364084819344296
0.01051953463028894
0.009789958848769188
0.008634496988998276
0.006349169085956409
0.0036954068619639967
0.0023785827509724988
-0.0009914406729962608
0.001074830523719319
-0.0010111551323819582
0.008411446090295654
0.015042842894460985
0.025176679633195576
0.02234216252396932
0.023157521269986568
0.02032643084566732
0.01951125300641118
0.015476558023125732
0.014363125069481102
0.010252921562662247
0.008598380032786818
0.0072422553620599016
0.005803435719278911
0.001677997124589127
-0.002949199448998248
-0.0043222967385236925
-0.01060240653347077
-0.007521498347281776
-0.00590996133177864
0.03082204361983759
0.032935407588996865
0.036042159338392006
0.028042148270841068
0.02539786659085995
0.020660832575439884
0.0174689457278489
0.014400017997949316
0.011521614090288663
0.009254079100624577
0.007619767102566322
0.005085951899440073
-0.0019273755476714447
-0.006533345018970614
-0.015282333547906294
-0.022705481732475684
-0.044742992509718624
-0.015719324382422
0.04105308703070728
0.07101808929252004
0.049527522929699565
0.0426102080526687
0.029904652208857727
0.023817053272034632
0.017933385463208138
0.014896501408711873
0.010772796822324574
0.008266463918211741
0.006026090726559772
0.004628945511603265
-0.0021192517666474594
-0.013188098493982862
-0.02340855142769816
-0.05506787024759637
-0.07155396702435085
-0.14985438544896895
0.26498312505824856
0.11289683670254069
0.09090949480169208
0.05199337808013793
0.03738546040352241
0.02519571260047904
0.020552260713233822
0.015188385950093596
0.011466734843662374
0.006945995492107569
0.0060874413650811735
0.0023304545323849023
-0.005217750863239816
-0.01151701204202617
-0.03609650930949386
-0.06316881577837417
-0.20511028540033616
-1.606712042532336
-2.288712049334202
0.2822584205807173
0.10287024728558446
0.06535138919077146
0.03664234449243142
0.026750024234977868
0.019486989816899565
0.014998582706531026
0.010380514796170677
0.008760164251305146
0.005321174699685285
0.0021893809293070405
-0.0028972398408326685
-0.01261155253650809
-0.021825019138516037
-0.05468242607882581
-0.06292293791709262
-0.09961555308025247
0.2458267194210687
0.10380968497908344
0.08883982699023835
0.04900858859591237
0.03656512383389868
0.02465134511530378
0.01978917830020208
0.01456791635460609
0.011330749945556584
0.008207011934588684
0.006488582909776574
0.0017297586547264333
-0.001011326209035625
-0.006119383365622462
-0.015331887952702893
-0.021296917363831058
-0.04483357377470525
-0.014305835596816618
0.03894548761167235
0.0732034092183609
0.04937448927113436
0.04084262960543374
0.028899128235567517
0.022864809183146786
0.01676675641459671
0.014289970650901119
0.01109172989712074
0.008293339262150088
0.005458738434301314
0.0034240500311251043
0.0017858088786343444
-0.002351759015325694
-0.004160245037990861
-0.010592767695584987
-0.004659394807563653
-0.0034589123660907386
0.03214740046545485
0.03274749343048423
0.035579869508158404
0.028573209662037382
0.024971188873865947
0.019870666889537578
0.016913757080369594
0.012771999645651684
0.011463104516865446
0.008935073779264112
0.006435903242302499
0.0036082009427998284
0.003087234747524333
0.0024018782388141586
-0.0005140191972640922
0.0007067065029319882
-0.00015060527029440508
0.009563202674732065
0.014820994816311495
0.02285365825706019
0.02208741293260583
0.022525576233145744
0.018692448397057807
0.017853255493413694
0.014736318483261955
0.01229890775625322
0.01114259991060697
0.010101545317115235
0.007815324336848192
0.005781054874589138
-0.01074067619460409
-0.012999471694784675
-0.015072700751912764
-0.011268706992534737
-0.004140227007180328
-0.0035213407611478457
-0.0032776447022853372
-0.004148631370920628
-0.008058125419657213
-0.011250875687712417
-0.01254715868883075
-0.014637394666615188
-0.016299991677363124
-0.01348950619178562
-0.013305822046969826
-0.012148600421293492
-0.010652169287423508
-0.008593471414748297
-0.015430893305713171
-0.02636804838687974
-0.02568761219182376
-0.002478355602872337
-0.000989977688904157
0.007808946450685324
-0.00012799971746794265
-0.0016579664194985005
-0.006898156213133478
-0.011353405413119426
-0.012371866976614949
-0.014594024931304347
-0.015286992132259276
-0.013559975449365274
-0.01241492357627592
-0.011480235055612738
-0.009634927741667148
-0.012650086620941872
-0.02227352058806321
-0.04121195989571286
-0.036755666931156034
-0.02882134511084803
0.012863384703449719
0.014279371109260575
0.009160175438319743
0.0037013104115528697
-0.0017944881665933222
-0.008623587185493704
-0.010604541853415122
-0.01136532325281433
-0.012839353622609219
-0.015843509655889446
-0.01064478918758933
-0.005790066615567349
-0.005905088071280388
-0.003417241054039194
0.010025566202441733
-0.0976288975881384
0.003231485189257133
-0.03182321065431845
0.034344530530550574
0.03684965418550339
0.019267934992362176
0.009542500802178869
-0.0010862917274496162
-0.005213552408556654
-0.00929303575752128
-0.011586750594025603
-0.00946156699091104
-0.011956234000538635
-0.008289604571824958
-0.0001451516446015575
0.009068078400406366
0.0017558639190622255
0.020205493752105987
-0.6697065351964203
-4.655334054676105
0.05980961397969755
0.1195485156294448
0.042396940097413294
0.028323754701022007
0.014116540162561093
0.002561339201681946
-0.00417981243589028
-0.00723451152847081
-0.009940727274542286
-0.011583259075705695
-0.009792518685578965
-0.004705571335291368
0.005200824802510661
0.01924909821499739
0.07173526275391433
0.34111366780652047
2.0359372727981815
0.5941910896049369
0.2670252842430066
0.1387323142568763
0.06697699708368898
0.028590434636937223
0.011282645496510145
0.0032129917010854463
-0.003352660471324936
-0.009011044943791744
-0.008654785464794276
-0.008711422545759021
-0.008536572016307234
0.0027162091377850007
0.013195107972724222
0.04695675405949355
0.10142654615857143
0.21363760503063528
0.45838179227020187
0.3280466844066969
0.21670121321688485
0.11476989244380377
0.05920693095078882
0.02788190769002636
0.010043435219604359
0.0014215320997643384
-0.001973971907448831
-0.00886528391646654
-0.00936800158920834
-0.00927618108082978
-0.0042085769118292
0.0021986830437212205
0.0182212083925433
0.04464743013501003
0.11454268919219486
0.14247096486868854
0.18379972106990597
0.19955556228500723
0.13054334254588004
0.08097288709417648
0.045001053818927585
0.022444849137713163
0.008618219650149356
-0.001523842117413609
-0.006642286827503277
-0.008690179996736736
-0.00902055286072482
-0.007501176548058841
-0.003660993430339623
0.0011260119742691904
0.015092023212828818
0.04166596978962127
0.06984574849735363
0.07673943736453384
0.10983075095455679
0.09944773623741604
0.07811832625010563
0.048547665545716254
0.02774647822704894
0.015182407700325744
0.004111406374764415
-0.004856937827162185
-0.00820927005787729
-0.010266119117170687
-0.0119118987458607
-0.010712614660150875
-0.005790727371524911
-0.0013192369563679832
0.009848059569137759
0.026602442124173342
0.05274135327050305
0.045921005519727234
0.051517514871536836
0.05311810670811656
0.03905664094647252
0.027957262629881578
0.015216144128412037
0.008470996614968553
0.0003033047269537306
-0.0048664031058575875
-0.011387780004711906
-0.014466918969634772
-0.01222981267980919
-0.012069388630922306
-0.008889347563800443
-0.00396877950109578
0.0019194359091567767
0.016043350882728288
0.031283120580568334
0.024088886552296594
0.02691004682345802
0.023675152636475447
0.021547741880412793
0.01379660357121297
0.0081160492959095
0.0018171310647129085
-0.0023037236214159817
-0.0060716065871757405
-0.011781370918939413
-0.013018850934465682
-0.012223035079909291
-0.012092800590142228
-0.008140959906042765
-0.005637956426063333
-0.00033203630510215943
0.008837877281203665
0.017800167354662992
0.008018954460695555
0.00971095913747304
0.013236224673481598
0.005180829184854888
0.004988131941783385
0.0021624649542999926
-0.0020130742060302602
-0.008360817773566454
-0.008717517966381826
-0.01143817776710843
-0.01125190051070188
-0.012622122349347446
-0.013633989485329708
-0.012114494730148247
-0.008444274033732317
-0.003342365333752971
0.0006056688893963987
0.003514518310988843
0.001116476062497343
0.0036604831323649952
0.005861846624873438
0.001012542213172286
-0.001031191915741927
0.0003397030465751731
-0.004928793099655258
-0.012339461193263023
-0.013015314503873018
-0.010222291126995723
-0.012519213977386687
-0.015167496218583064
-0.014669965481640962
-0.013331444728763561
-0.010993743390479588
-0.005871103738696425
-0.007430471520066889
-0.003021984692987427
-0.004364486311521877
-0.0042467665314820414
-0.003515563879647132
-0.004689631185417489
-0.005467316200661023
-0.0074864130007123875
-0.010055611169274035
-0.014763175862107316
-0.015627651211553285
-0.01381347208149519
-0.0144196760381122
-0.017697680251997003
-0.02055357299154722
-0.017237084561369152
-0.010121922170666745
-0.007590550595958383
-0.006202787850320549
-0.0077253742837228
-0.0077096804513800965
-0.009505188017792994
-0.011467870317583994
-0.009399990073215403
-0.008710970437602402
-0.009764015543645857
-0.010131543389011335
-0.015556153108398323
-0.01475310359947931
-0.015773140193683696
-0.018792141727529455
-0.019144810386644718
-0.020566606374125992
-0.01945773375945644
-0.01275964577126988
-0.012758579857467315
-0.013696578753284751
-0.012532880151587437
-0.008541987488634318
-0.0055525723752123755
-0.01057598641118709
-0.007333567668901513
-0.009181953848898685
-0.00977053733171242
-0.0130735427654663
-0.015210562935198747
-0.016285206805040076
-0.01666544131248416
-0.017911100335164413
-0.019668907385470065
-0.02074905880490042
-0.01865542212268156
-0.01765252365128353
-0.015444860737507829
-0.014788556056969321
-0.01103369531299122
-0.008672913859605662
-0.008702493398793879
-0.006345506917652587
-0.008623456213488008
-0.010249771197468423
-0.011466118726818408
-0.011174577218372353
-0.010084937264624033
-0.01437301700522997
-0.017332113665954392
-0.01549422202107574
-0.017533652641479505
-0.017472730122631185
-0.01847415595672561
-0.01914345675755565
-0.014793211751560398
-0.012923248139379987
-0.011320241076332255
-0.007319530014964944
-0.007609667456067188
-0.010927565195416586
-0.007423751208375024
-0.008102953154407701
-0.008755754373497888
-0.00657243237755827
-0.00781807503505767
-0.010765869863633436
-0.013254760024418971
-0.013823534097825753
-0.017314948587897026
-0.014550964205987208
-0.01596372438637746
-0.016025004063150845
-0.014879122401697805
-0.01238203213023697
-0.009221841737045577
0.013287319715176426
0.014012923170837348
0.014569384052869762
0.01361850584611869
0.01166333499464341
0.009356453900706944
0.008537796887683267
0.0015365487840775318
-0.0031204022239687684
-0.016686103922938504
-0.02551870601224547
-0.04642608265043761
-0.029294990493868495
-0.020578429721481644
-0.004017403070086904
0.0012075091513985242
0.007402912857130907
0.009974529079322959
0.012538474429389983
0.01462637988552219
0.015300472880318805
0.013893206303342244
0.01167969514441461
0.011612931713081986
0.008378961132530985
0.007737883639572348
0.00030955648655520726
-0.003913499419908841
-0.013339048863181076
-0.014779854792342577
-0.013968564332251012
-0.005677466585331101
-0.0018889791322575162
0.005517607268316203
0.008401691601984134
0.012588732098002159
0.013585345793270514
0.01490375063303198
0.013911187288092923
0.01318800010948313
0.013171999897670124
0.011029890806433967
0.010238601450184303
0.00683569883558093
0.005149860126618011
0.0018719389740862362
-0.0015084443117381894
-0.0033704443716285073
-0.0003590379970061673
0.0010766952143108658
0.004412982831208934
0.006433603697703766
0.010076721581102985
0.01038813312689859
0.014223442480997191
0.01391767350426769
0.014721878756794267
0.014953045151646907
0.014312814199340723
0.012663252113808312
0.012669888164315943
0.01145171920838925
0.009051862570812802
0.00817171487814735
0.005452957954614807
0.0052020138412907455
0.0039033609857025585
0.006837701958227497
0.007473105258831092
0.009644821608235885
0.012026564878516612
0.01324988696446065
0.013987314410137237
0.014489441786865117
0.015208130672832602
0.016005464894359864
0.0159320613535621
0.01449297840956408
0.013960636954614367
0.0133368288919854
0.013317996681658584
0.011316455362479532
0.011045859987070028
0.009856327535955065
0.0108957663549768
0.011726912722741394
0.011894088667322318
0.011911589136128154
0.014468327540497327
0.015715706475562485
0.015544754005340933
0.015752758665399175
0.015526760028987828
0.016765525467123312
0.016912339140412493
0.016406360289563007
0.015165870361794443
0.015086310250011687
0.013674928952482141
0.014814211556816254
0.01365862491153941
0.013892676372959153
0.013474209754513217
0.015186199876019144
0.013740269213476403
0.015041646008123612
0.013903730589175878
0.01579505415149116
0.017077712839165142
0.016491681749875347
0.016843902959371125
0.016748189722685197
0.01716431472055172
0.016732460858094673
0.016189381676933297
0.01740003726294132
0.01716048714141137
0.017153106144986736
0.018227205477143328
0.018460563995707686
0.017647955168911777
0.017774058707193827
0.01720617114194708
0.01775951069578644
0.016907504017695012
0.016768813249020114
0.017779552553134917
0.019550908945585622
0.01820991329504214
0.01854333715746415
0.0189570017642648
0.01809559283582992
0.017355358256518495
0.01899707848602677
0.01884422304971452
0.020350498255453278
0.020459435666137032
0.021904983008040252
0.02214274748169465
0.022336810221591476
0.020600126775229197
0.019521576302912055
0.019173337308968263
0.01792241555092881
0.01841764544000349
0.018604464833765707
0.017828079848272962
0.01825216532704478
0.019518908896889686
0.02037552307865347
0.021940210752978164
0.021390151604300942
0.02321679862735912
0.023528433341835228
0.025304028698692384
0.02623786077556792
0.025573677428300415
0.02482501540938436
0.023436030413751686
0.021681203265645013
0.020786278605886534
0.018318449591067595
0.01882902730276345
0.01872906673849418
0.018818424384631167
0.01892812119782418
0.01898713598971421
0.02128452804877832
0.021641069643520167
0.02336874664904393
0.02495171878082086
0.029599548089648528
0.031659948939273826
0.03489262825601634
0.03205612877382536
0.031099622043960367
0.02651403416152695
0.024798494683918842
0.02114558903955137
0.02009917273812849
0.01949710540295938
0.017510903367339174
0.018725436602927446
0.01918109359411207
0.02016905771737052
0.019431189824293215
0.02264411916813453
0.02449490464484266
0.030154856426752703
0.034270773506617114
0.042525043942206554
0.04312129029806655
0.04442610945242251
0.03457239129772845
0.031214055170583774
0.024538632239602086
0.02288526389006119
0.019779878718703056
0.020691095243466528
0.019461139666010856
0.018313916928956633
0.01918348012790819
0.01967426780267115
0.02066019385345555
0.022675621542906234
0.028335519720205253
0.033627161632838826
0.04771618030560484
0.054178006804627636
0.0738484140667025
0.055755461402620096
0.047035013126502385
0.033430176334932386
0.028571976028480255
0.023005168250505324
0.021852600210028824
0.019309906621829544
0.017469703896941264
0.018856141713522415
0.018408805088702376
0.019786499787064205
0.020204524931031396
0.023978700849019485
0.028031117597313894
0.04017006538845616
0.05080244216382135
0.09597971320332337
0.10813522273523687
0.10218252944300248
0.054581932365713695
0.03969525091093743
0.026030678636165618
0.023970094337774358
0.020636570467768088
0.017796175000075815
0.017872565770820567
0.01687938283757804
0.018091888474576465
0.017637243037851937
0.020169864605745734
0.020681985796106982
0.027535931281396704
0.03407680947173214
0.07301524644657374
0.09600657231538118
0.3047344596787679
0.11549028400602737
0.07498511743799054
0.03434439251218
0.02673325826898833
0.0197781426913032
0.01842384095120224
0.01729101349474114
0.01650007773760925
0.017784977846970407
0.0163563990340925
0.017233786340015964
0.017976289571880143
0.019470370286005668
0.01735836306892425
0.03192908482147858
0.031109971279565912
0.21339774248372867
2.6762839019100064
-5.446628581439223
0.00915643043002125
0.031024532015974795
0.016568383657098378
0.018787802434662354
0.01623655333281414
0.014123619183928193
0.015206968907363312
0.015006814563857085
0.01629597662703898
0.014501347161823821
0.01598970870743553
0.011489134102448024
0.012432672029161231
-0.003984216084593215
-0.012914300455712794
-0.18188298391604052
-1.6877341410613353
-0.3465419717163398
-0.022586237977083534
-0.011038495677764212
0.010148928373004119
0.011173606805673048
0.01455333329705814
0.014674897115408921
0.01457591023345609
0.015411341448160091
0.014345711684125484
0.015010637078621936
0.013457962954198948
0.009756389503344768
0.002287278684801772
-0.004390945683789206
-0.0482794309488442
-0.08600106655610659
-0.25789698680122336
-0.11223069601598504
-0.06147167677180041
-0.01205562000617551
-0.0014707579775638956
0.009194079858514751
0.011787659426982794
0.013101025671176707
0.01440215660069172
0.014047392577122396
0.013009542673753045
0.011587537702686071
0.01127709930723332
0.008589171089025297
0.0027691371275813917
-0.009532513744156219
-0.021858249585364767
-0.06861580531101065
-0.08173031254359307
-0.08306443856646523
-0.03155526385928671
-0.013919818349137861
-0.00015009044851701828
0.005422027192310362
0.01089182289906296
