-0.01866301229329548
-0.0019280010666718086
0.0011203430183174888
0.000660975063114224
0.03301037327396413
0.03023792839597766
0.03139052011042237
0.02960935931041334
0.022274611203926258
0.009059627812470869
0.013318044745695352
0.009647801178352766
0.015614451923467559
0.003345110161065918
-0.0070753757816914235
-0.001054799569226534
-0.003265012905736719
-0.005870828318036876
-0.006754648972918991
0.017174713987343396
0.025041901320035743
0.015555830475687054
0.025270292234315244
0.031519272556004854
0.03245181202955058
0.02957942445808779
0.024531991481935196
0.021497947430669646
0.03260430036903803
0.014323779099970721
0.011272001016381806
0.01656102937590182
0.022643940923684023
0.007865522733047702
0.007738737500725235
0.004423447758307442
0.01434942667638704
0.014572902796270906
0.021897146050494667
0.015169508244194139
0.02135652949029139
0.027674803230277472
0.022899578230859814
0.018018283952867278
0.035104795425198815
0.024646853478452135
0.028986647807228753
0.019529125225715385
0.019750984494500266
0.023587589535735025
0.013744873133963907
0.022127126097540587
0.011387882197426463
0.008306761198225703
0.0016207571283267212
0.010069312615335276
0.01674494315839586
0.0023701573720249594
0.025626371742065394
0.024981189688908476
0.010737205052517686
0.021475707666928724
0.03354867947218843
0.03282821553989758
0.03658319596370229
0.023568108560520398
0.034534209053118596
0.024855521968395414
0.03381246140879907
0.02717905164938013
0.016830869267360306
0.02108802234073319
0.012678901048038507
0.010141338579605782
0.013248828710674806
0.017972375734555887
0.012267977449187005
0.0038131958028746757
0.007613694674293913
0.013598701759205488
0.01989671570507319
0.018190477204775214
0.03177758417683217
0.025136384561642102
0.017058433762162983
0.01761774999084396
0.02018374425934608
0.024683860883841332
0.022275691012728742
0.018389314369387143
0.0216816363381908
0.02360310499682246
0.021298132038350324
0.012460412941417684
0.010609751000532281
0.02019783090658288
0.013339297878802094
0.009752598805535195
0.01282773535120873
0.0182638324444231
0.013895412197680666
0.009797798044623315
0.02375730900927224
0.024043173927096352
0.024325966172079442
0.021237748669568825
0.023719995355892802
0.014646244623329845
0.010967343029816466
0.022066770064352093
0.011631374573624865
0.01799837972369211
0.00572216912460217
0.011592185205501754
0.002198244934566221
0.011132606330449001
0.008826630235124436
0.013488842401769868
0.01990823103371675
0.018563310334257548
0.012809697636791505
0.008254642146419452
0.017390996913790587
0.023602714503937933
0.02214648293811
0.015265810989319985
0.026514632134992652
0.019517135524109833
0.024669144652291263
0.027696045198577015
0.01608125827842812
0.020177209397771755
0.009464289233176474
0.008510148423854688
-0.0003395763723806136
0.011313115733167959
0.01730200648633604
0.0014958295454668327
-0.0065491644434943486
0.01617107423909442
0.0010193265952877393
0.012483511610513101
0.021401173839029175
0.021161940056885795
0.0055729972219469535
0.016303544148175673
0.027270744943300382
0.02898591276481985
0.012429346462187768
0.024182425149549176
0.021613171069121462
0.015462859023886803
0.01378026395793314
0.02060788431915436
0.011938891526716336
0.002490484332841391
0.004985429535045366
0.0047131292332982305
-0.008708821061989712
-0.007316975126140093
-0.005304199066408237
0.006705912577314762
0.010069092860089543
0.012850521587486315
0.00880589979045304
0.021359695462316686
0.02390238907985348
0.03153423818720077
0.018471173189928924
0.013683811621816725
0.013447574496318608
0.01738391063188175
0.011802135762407214
0.008408298196398978
0.006180339168354623
0.012078990042081083
-0.009206736028216578
-0.004576688329534666
0.0030988868226357923
0.0001832881353129893
-0.006143562922105777
-0.0015795619034026502
0.01181695619524134
0.013316390800467977
0.002387478252254654
0.012512576059259806
0.018729214371547176
0.020386139253231926
0.02085984915634209
0.015005916498010535
0.01571403813699208
0.01927770767301505
0.021931241136676764
0.0062807119465580095
0.00933401451620515
-0.0009291033103604325
-0.00253809896687213
-0.013344084215404745
-0.014700454516940199
-0.015254686626242563
-0.018855743327150634
-0.003915176395304168
0.004415786942976828
0.010792666838131747
0.004110134403066649
0.01193897917999067
0.010887379475681816
0.011506278482258275
-0.0012694738633611756
0.015799451334450418
0.010692978847648266
0.012127730374215547
0.013742322279201016
0.0016569522696558059
-0.005261899164369367
-0.005113747790718475
-0.0241193726928842
-0.02104472202825588
-0.033827770525129995
-0.026515998774393104
-0.04597748437103747
-0.015025984548594641
-0.011470702224112691
0.0036033311205768428
0.008918913710106597
0.013445848365515656
0.007156179281974437
0.01649676956105008
0.01393760901647889
0.0015109653806149894
0.020056773593596207
0.015046495422289488
0.011009811430018543
-0.0018609337631630466
-0.009642106049954661
-0.03004787390403715
-0.034413615537546044
-0.0875393468500481
-0.04245570734336055
-0.07792564795500515
-0.0488117719835824
-0.045992241410343845
-0.022089822656858698
0.00497054406962316
0.0068714325007378976
0.0037206605876722977
0.012271296250228112
0.004666838369446667
0.02374545180769669
0.0143999186832445
0.01885300924698543
0.008564987475893102
-0.0023116857413230394
-0.010475465174746573
-0.028433399724817395
-0.042413342900310534
-0.09732794191902476
-0.09998291106721263
-0.2177752844236408
-0.09730953003916931
-0.09861955293554732
-0.030408003870011087
-0.022067136570786853
0.000853439766006942
0.004767899365823786
0.008257844088017954
0.0193901013869662
0.01216651969607705
0.016432630118287307
0.007771851722622252
0.012891256576103207
0.005879470265265577
-0.007110790171994375
-0.016251323927531217
-0.03710965162098766
-0.07877481980369228
-0.06751700866461423
-0.415404473429658
-0.4911933985013303
-0.19321605982245757
-0.14336059655343175
-0.05164993904313847
-0.02455262119698627
-0.004461738599356053
0.005519081479649313
0.010012991116915162
0.011816697851473778
0.013906872135332267
0.012790198480492558
0.01222507173438645
0.007522111527860418
0.002593521050860645
-0.013497799942166397
-0.023309069890230287
-0.06318599405083948
-0.07935322529120845
-0.43205135319182697
-0.5329969456337033
4.278910859662085
-0.8986256102597177
-0.03813215881533364
-0.05991427677121649
-0.01598933153447509
-0.0014209361438057943
0.01503961290206061
0.009987892452152796
0.011992473516556293
0.020996197670408452
0.012505376389258563
0.01259840267181265
0.00016656968214288134
-0.0001606395308969607
-0.007933468957466642
-0.03450054611134848
-0.04830848905027001
-0.14494952889959153
-0.1794589237526296
-0.6109470148876219
-0.8050503972763788
-0.1778665807778071
-0.08501846615783246
-0.03544320358755817
0.005050911986085817
0.00029129498378677697
0.017027209089791735
0.018905472724734765
0.006685451393139981
0.01783503912571694
0.007365313131294712
0.02310486779388536
0.008003327580090001
0.009592719404308624
-0.01226317493480292
-0.02436708033482411
-0.055695100070177306
-0.09575202409278222
-0.16677388025259626
-0.2080143760554131
-0.19541222728311325
-0.03818328350367718
-0.02931210490137524
0.009918500498462414
0.00924349952311995
0.019421626610114467
0.018771565930865264
0.014683076861221046
0.014172660649283702
0.032489385314073346
0.022510702880985452
0.015637264216504805
0.01939825430041823
0.0006330226566624785
-0.00428592212302687
-0.02580631492113518
-0.0230755522423654
-0.05183934391176709
-0.08077241524670141
-0.11459759787910836
-0.07563342808971614
-0.014048772713337697
0.010220968211599905
0.015723846209638764
0.023693375719969722
0.017075013796782938
0.018516472220395055
0.024586188864926473
0.026559990053257623
0.023768522194128127
0.039004421145972655
0.023655039768792296
0.017022031076259915
0.00909648926870544
0.003448570291534205
-0.007208495059177844
-0.01913377154243737
-0.03259050218057563
-0.034460446304293235
-0.04380082687596212
-0.03932512689910377
-0.00469459195184991
0.010939030481868542
0.01669644504962888
0.02418292983081102
0.027852272194002842
0.017456684897927455
0.022119685483556993
0.02690567918800725
0.026243774957515287
0.020151691903621045
0.017006293342465447
0.01569797724418296
0.01477257012796463
0.014523333798807004
-0.007623424262419061
-0.011681011924093461
-0.021302950450855576
-0.008378424820559604
-0.020148982587164792
-0.0029389841049974196
0.0021324950996629627
0.014509161348705078
0.0180960191630336
0.01933493839813922
0.028473513653879373
0.00013196656982640694
-0.00017612604612532662
-0.0014623427289712488
-0.0023104632921902056
0.0005742677975132619
0.0007280626390838306
-0.00032760867985738253
0.0012009341814046932
0.0017096063996035256
0.0031732754137606435
0.003918236476958001
0.0023432376325124055
0.002325259168038236
0.0028269138992207867
0.004190188211478687
0.0041932556003461885
0.0020687425320517084
0.001102351840440266
0.001206933962550407
0.0017479645569899492
0.002208222344345224
-0.0013773413820161269
-0.0018809452161383385
-0.0012227116772145703
-0.0006046111699482305
-0.0022145809632041023
-0.0014268367572273873
0.0006812616935743144
0.001310794666759976
0.0012044054920118611
0.0010806231356486184
0.002254116923193535
0.002903395562762027
0.0025204886031898713
0.0033337274360133056
0.003988243543068087
0.0038790060278540137
0.0004183825423755864
0.0010564813413956047
0.0022421743947679466
0.0032440505215293076
0.0008811303024054858
-0.001249408852456774
-0.0002336552762053705
-0.0009267170895761869
-0.0008405264749159163
-0.001994666712023009
-0.0005656726103849144
-0.0016876866854135745
-0.0011475857981138747
0.00014206911610684407
0.0010749479644856954
0.002631877196947235
0.0020405683412855697
0.0006796955243423841
0.0006171728108882633
0.0012644600202289518
0.001273161446592399
0.0010877748392899272
0.0020715013589678545
0.0010481342762864675
0.0020799741809167695
0.001289375019074566
0.0012712375671068152
-0.0009846675380580663
-0.0021391691452228695
-0.0014780846140161328
-0.0027338161207588847
-0.0036189477794445254
-0.0020145490622372857
-0.0014749778607935108
-0.0007561962814600757
0.0010874067596164188
0.0014530024581851698
0.0006686033194080725
0.000799372088237865
-0.0010438648675009275
-0.0001618906661421991
0.002449334133160141
0.0017183783890942848
0.0017781481592649261
-0.00012369613713757751
0.001215419622439848
-5.9793340608289066e-5
-0.0043920284311606385
-0.004662783881268635
-0.0028857523762868148
-0.003920925205583923
-0.005451128616686117
-0.003098857768740631
-0.004120758776572664
-0.0009379780963939948
-0.0018915230696900083
0.001958992154984002
0.0003108470223925072
3.2101304850852335e-5
0.0004771581272586846
0.0006010052493148879
0.0007073268429005677
0.0006596317714515511
-0.0011668071504633087
-0.001763128098353761
-0.00025120152328218944
-0.0028703633840929796
-0.004108436908943214
-0.005821051659277556
-0.005358719570033836
-0.007547751474251549
-0.008078597392661105
-0.005418275274010964
-0.004125357422227391
-0.0021781246473203133
-0.0003420278723709451
0.0012831125017317118
0.0005264345618762493
0.0015208056198369748
0.002199565707193835
0.0023642383720987896
0.0008023155821553638
0.0005438122903648476
-0.0005297521425324334
-0.000888727065589354
-0.0037919507982894563
-0.00545594972948337
-0.0078083124918642745
-0.007424965215373639
-0.00857672420896221
-0.010812159148517509
-0.01352233209690722
-0.011226290218233306
-0.008921034359488279
-0.0036854324840777143
-0.0015707523742782771
0.0015350596998072005
0.0010040263627709215
0.0018197275875836447
0.0014604595313721612
0.0018825184110994762
0.0006472281454825053
-0.0011135749249790445
-0.0014338789330844528
-0.004256679529538898
-0.004572492701756377
-0.006296131358124534
-0.00859890190883739
-0.010959538069444507
-0.013555556779960194
-0.020092165742244296
-0.019601098711538888
-0.020766162414231192
-0.013543539747302057
-0.008268549706410028
-0.0012689922870053653
0.000950864033916012
0.0018861531683965148
0.0014543686374278307
0.002581205021305933
0.0013440267828644839
0.0010377970120280492
-0.0011915959178028558
-0.0023209907870445526
-0.002730428221933893
-0.004195054753117791
-0.006252124623696615
-0.010778415702173264
-0.013759329191678722
-0.022493683915573843
-0.026872395722485194
-0.04295919140672289
-0.03629864863830647
-0.027813629944336313
-0.007345675320879733
-0.000744864721953083
0.0037489028910229092
0.002468082463707515
0.000629892527975661
0.0042982930512810835
0.00013582084810822128
0.0002694737670830709
-0.0003619044689832829
-0.002388354452673536
-0.002147588639278512
-0.003567432677317331
-0.007884273131255552
-0.013084368438611287
-0.020004931159017577
-0.026333004204990174
-0.04897721903203764
-0.06631681033778296
-0.10247719834840285
-0.03615030296089511
-0.011986548105507748
0.006410188307570041
0.0053179960067429866
0.006188260586001022
0.002379197010453668
0.004442465730741047
0.001793545226516058
-0.00043770879635679743
-0.0011694484480423662
-0.003085189803929565
-0.0015320690741110253
-0.004840233361795911
-0.007940222487661222
-0.01460874916720782
-0.01991220946302874
-0.04045727024642435
-0.067213886310754
-0.11410552539082768
-0.21318748901816256
-0.04720190708442952
0.015256963304471483
0.014463916569463933
0.014714313429072578
0.00844418832768267
0.003950736067392693
0.0038222312731621333
0.004719611250136702
0.001074749453205331
-0.0011905247406511041
0.0002863807328153051
-0.0014536663203737496
-0.004529004159276033
-0.007146997183017975
-0.012449798401747949
-0.022885376962264267
-0.03605997050504103
-0.10271107662236165
-0.20786556720354643
-0.4216272882582743
0.27669063842694835
0.07304254514350048
0.05087619280532514
0.02349255288482209
0.015807722477115482
0.008285906673102443
0.005663022114012029
0.003956627908277561
0.003125158070885477
0.000507303565529862
0.0012723829840433664
0.0005872949962852761
-0.0027041292477613735
-0.004731768949597419
-0.007634832667256584
-0.012897406018359927
-0.03145104913076913
-0.044088242545708874
-0.07276998614231432
0.3250813600660509
0.24352355962463154
0.11745521862521911
0.05489007771950892
0.031466739894947644
0.01620102481554657
0.012631526236770173
0.008793619128418124
0.005631945162000223
0.003427648356298785
0.0024384473940741265
0.0004958161482099172
0.0010693210543422829
-0.00047590513517693414
-0.004713187318282593
-0.0048639651248965155
-0.011095158802499337
-0.010045209837692469
-0.015971680567840072
0.008573520007944571
0.07934332529542243
0.12284069349982187
0.08164944568210253
0.05424683241521289
0.027079747090111062
0.01713878478736667
0.012056988610356117
0.008627203047973177
0.006039064525134362
0.0038469229012304883
0.0016103830804742006
0.0014984964275851589
0.002128300151497999
0.0004480557835837122
-0.003361863498734574
-0.006158927287382064
-0.004262963065020875
-0.004517966069059869
0.0027884443038903813
0.012415363680772278
0.055724811179166736
0.056452347884880114
0.05566452571214677
0.03500755056904435
0.02552831265213182
0.01472894689480351
0.011151653861795622
0.008414950733584479
0.005227079756502764
0.004133088614217241
0.001541672922004521
0.00037916054700366683
0.0005195260527166121
0.00032480888775391703
-0.0010863618250158908
-0.0027772979808421716
-0.0025332633908374683
0.000748581495307479
0.003121673337412186
0.01568991751337339
0.025197829736713525
0.03466596956725611
0.02996510447552628
0.026095968599242875
0.0167224660611514
0.015572053612916754
0.009364117991980022
0.007270389266419901
0.004513213972986756
0.002757911763260757
0.0007947778242631783
0.0006507747201302864
0.0009880798232068486
0.00039157277238549353
0.0005506704110805635
-0.0016609250318400976
-0.0004714086187361424
0.0013079182059738484
0.0036493561017279805
0.008911144040618647
0.015512150444259853
0.018532263630857675
0.018034911383758494
0.01607602259616399
0.014899280192726396
0.012477907662642057
0.00792590923921697
0.006249777339672354
0.005582015756718753
0.0030560649484805357
0.0018238753459473103
0.0018643065779343378
-0.0009249867895642068
-0.0010417974204163154
-8.986267168054204e-5
-0.00011936257598202027
-0.0013982097070206114
0.002582045245095515
0.0024879555945542817
0.0065253319044119625
0.008089986819034379
0.012452522765075845
0.011605076489020056
0.01175497467392633
0.008539300380563018
0.008577940273754255
0.006681535369234038
0.005197836981365848
0.0030438925155956208
0.0038512879093825065
0.0009602964635542125
0.0026587543352851475
0.00047237161596499073
-0.00121657881661011
-0.0006784206922355595
-0.0004917210616316851
-0.0006323807766985513
0.0013527899463644892
0.002090185406149662
0.0050810156826314005
0.006662946520228188
0.007178070229383389
0.007251039080820363
0.009430441754616914
0.007829048258111072
0.0057729384696618416
0.007425312515865551
0.002903372467941371
0.002301006960202205
0.003621554770009003
0.0023471077609806107
0.0005758214116296024
0.00032433325917031216
0.001356831771080355
-0.0010656434510644313
9.141707100525332e-5
-0.0007380711760124011
0.0006577063731803691
0.0008396769667850957
0.003211843810661427
0.004429878208282561
0.005488894665316499
0.002911283590063759
0.004777784613759724
0.004765797199734114
0.004269098299025973
0.005129728953638899
0.0036854574577612743
0.003888503661919883
0.0019348592751181606
0.0016202484090869168
0.008982687785179225
0.008943733766382316
0.008232940645525953
0.008719710795768306
0.007022230251198619
0.005580822049593857
0.006394317984232415
0.0053494337099886545
0.004398153970756659
0.004818055214109279
0.0065563082024484905
0.006084450323944604
0.007229167718898169
0.006547184717346893
0.0068221418695474986
0.008260787742943808
0.008521465087101663
0.009235276042222415
0.009974834740912236
0.009219600059438827
0.009941616534282176
0.009548158230723972
0.007225990172948492
0.007690523310867973
0.007553896103697475
0.0062664949388156225
0.0064694817040969535
0.004774457408833655
0.005932170192271033
0.004655052174375409
0.0052606685607147615
0.005466384364857589
0.006907382517509529
0.006811043717938917
0.008462835077079409
0.008461869370887309
0.00906450620630553
0.008428100409902328
0.009578836749388153
0.009828190368819753
0.009753021855887323
0.009604560338712933
0.009189474574870262
0.007788619616088377
0.006980637703933092
0.006269510766086843
0.005270784615134413
0.004701160157581055
0.004905453530389753
0.004712047177775063
0.004046116466289238
0.00505535258468719
0.0063246226661038615
0.007683895428148048
0.007267690216633118
0.009545723390553623
0.010839304388319352
0.010489654586193154
0.010992355683579732
0.010355586376220405
0.011544239274392682
0.010122152310075756
0.010004707722301606
0.008293851143516467
0.007611147588156164
0.005598019796803547
0.0053508734620651595
0.00485315557477311
0.0043944363032430885
0.00393823320921815
0.0038177627711971193
0.004337517040038737
0.006387447824101354
0.008100638172700363
0.008799421091435328
0.01074155185202227
0.011601219200517307
0.011957945026267847
0.01258201613168128
0.011089434697566963
0.012397448114697953
0.010495011445080044
0.009598049508979804
0.008616475500926772
0.005948937513209289
0.005101258215248788
0.004901054689196106
0.005152883710359114
0.0049010780188259535
0.0032720026262416154
0.0025253452021590326
0.0043230552953521205
0.00494864654222918
0.008765549108494327
0.009938944574225742
0.012931445010336492
0.012636543378412333
0.013208568703133047
0.013141207588586959
0.013396561084630906
0.013061694860849214
0.011648448444402095
0.009231192127619255
0.009198728502370397
0.007728524332525343
0.006135245954755655
0.004113670142630683
0.0021261823631763487
0.0020894696700831765
0.001039487926622892
0.0009196455883754478
0.00041526640968049853
0.0042217611657518386
0.00680829486736261
0.014716974257742002
0.016202751440156173
0.019057429598950508
0.016298724874248324
0.015799330092283407
0.01395586122771119
0.014352053313089677
0.012848989132351114
0.008990930266301036
0.007747755840648711
0.006645224708054677
0.005538554906788507
0.0030993122753731474
0.0008429353183635566
-0.0012430504736220993
-0.0019454658061523993
-0.003687852442419126
-0.003053820025823333
-0.0006722644423645571
0.010433687541717198
0.01694586836029494
0.025660164189011524
0.022497234578700814
0.021906324279024468
0.01916362638687045
0.017218585394370878
0.01713459197214825
0.011736370961733024
0.010973817714764382
0.008819211250024552
0.007154381938984442
0.004202746071868576
0.0026065441466586728
-0.0006291549274699466
-0.002341753808064811
-0.007371729599931735
-0.007930555321999636
-0.012991277207079183
-0.005313997772366125
0.004318879403451152
0.03740522673699036
0.03616536814148799
0.036883159939502086
0.028297510630119517
0.02502497420537906
0.019783408904816346
0.017577566309884798
0.014083562341574011
0.010713434662197808
0.008743828638052866
0.006555619254423215
0.0042038823849316325
0.0008550212542715079
-0.0014813924013954418
-0.007584182522077746
-0.011608136831054773
-0.021794465157849698
-0.026302476066365106
-0.04394280190040666
0.011285805901249191
0.059598727826281256
0.0802617159954754
0.05199323052117866
0.042344885375631254
0.028817788307256575
0.023631639768958296
0.019860778017631937
0.01444159608618453
0.011300696811526895
0.007838459599474832
0.007020645884697388
0.0043917791091510365
0.0005357346429158908
-0.003911268631380591
-0.008788940416125162
-0.019796540812360618
-0.030921673929701153
-0.06390952727524439
-0.06713979586219337
-0.1713991483815313
0.24941422738749214
0.11956388848764968
0.09122566866632525
0.04983294300595055
0.03693279173303481
0.02369481396200195
0.01793193298181569
0.01483896204660929
0.011294736565474589
0.008628882565193719
0.005868027508182078
0.0035286362699086236
-0.0007871801450118469
-0.004101228831564958
-0.012868651751545545
-0.021275059085067115
-0.04684662812015148
-0.08236410663834565
-0.2721916985852433
-1.1379244983603212
-2.1618410259018965
0.2778907767054234
0.09510249431868119
0.062436136860950384
0.0355838973178329
0.025555348168203505
0.018201470726852843
0.012702910367355543
0.011542851648782564
0.009288001758285345
0.005781192884343615
0.0030955184430984744
-0.0005252521029112396
-0.004231570684634582
-0.009033911243353579
-0.02098571847489722
-0.033371122458521994
-0.0769396943621209
-0.10675204771936914
-0.17358879074607123
0.21578973518973543
0.08818435842136656
0.08133410418582224
0.0458296593197575
0.03538425567220486
0.02345067817653653
0.016098967982326677
0.013222370941967836
0.010301312598430142
0.008909132734422537
0.005953520673174552
0.0034469521247677687
0.00034709838901829956
-0.002092603249806314
-0.007647148023805337
-0.013140408593343225
-0.026272136548097194
-0.03390348610133889
-0.06027674956749755
-0.0261715312752345
0.023820658264212664
0.06267373085754677
0.04189726617693447
0.03611945967017232
0.02528356882862295
0.021563215761981475
0.016580489000161173
0.01227651502266109
0.011234901541002191
0.00885076640279345
0.006650800136625764
0.004088118209459224
0.0016135074988678389
-0.001389046797581321
-0.003289455804301945
-0.008851394248184083
-0.012123945919154866
-0.020458898851206993
-0.017712174966734145
-0.015012392731449409
0.020164737066865824
0.02432931179139351
0.03033434484232324
0.024522135350834993
0.022997286527583583
0.01887156991990671
0.014315252232577512
0.012414111119086938
0.010674885621517501
0.009398264888541194
0.006557006334515578
0.005158055201728704
0.0017283825734727414
-2.7095119593549237e-5
-0.0018996718611059647
-0.0025635354516788653
-0.006429033893228619
-0.005776076222701599
-0.007878303535633062
0.00244099899231923
0.007614652290020866
0.017406320170801026
0.017149205868694187
0.01857668500789258
0.017493772756388654
0.016605281162376702
0.013262187460559854
0.012207566314283137
0.009209228578200205
0.008666824046001756
0.006262232321604106
0.004967281714739118
0.004150322575609904
0.002587939688012629
0.0010494265449783645
-0.000585667905594905
-0.0007556558134154061
-0.0017649029372119802
0.001110187506628523
0.0029525941948900913
0.009331415104565026
0.01176374926369508
0.015230659234539893
0.014361428531380673
0.014674671570875033
0.013637717872824274
0.011393559454912381
0.011124415015039213
0.009560250353821386
0.007888548104015763
0.005128118758497227
0.0053372928409498544
0.0052537245598726365
0.004607565262384864
0.0032617663925796096
0.0026738240088057456
0.0019495834056114827
0.0026204128447646874
0.002622553587125817
0.005014518345861934
0.0071741780965032574
0.010877413071826098
0.010831638002200949
0.01174289276295934
0.012690182351346231
0.012834714048214776
0.010481019096696924
0.00923990271548363
0.008048526605035569
0.006958625250597892
0.006985285814192564
0.00665354457735016
0.00548533103800648
0.004716308532229162
0.0032020361483539365
0.0017787391637449975
0.0036061574195321295
0.0044198064378056226
0.005345964032868292
0.006180546358503347
0.00789692477617766
0.00961084055471597
0.01072855662278506
0.009970051699555137
0.01071644423523242
0.010598694421485767
0.00976183791306813
0.009609165097329014
0.0077486729375904175
0.007929407312320514
0.006275307041867447
0.006044187711361753
0.0056919118505640905
0.004504526542218755
0.004733949870716464
0.003660004411638577
0.0039018690315775467
0.005016294359300605
0.005018710799341521
0.005941764056400453
0.00767727348854109
0.008783242388834092
0.010260698456979007
0.011262180410887319
0.010184235778738343
0.010705790742125722
0.009223696009438585
0.008759804165369567
0.00894343286678123
0.009056529579557538
0.0063634781900497065
0.006356423432750314
0.005962321522582201
0.006216888112410556
0.005699481608667601
0.004994505450950601
0.005226865420069558
0.0050485497559674
0.006351672729434372
0.005464741814746237
0.008385249934201202
0.007798220411124874
0.008389631755803045
0.00908204175665555
0.009668126450623465
0.009533779697851281
-0.01841456609768033
-0.024649719173927786
-0.06481803090082822
-0.0874291457578108
-0.30239891678116493
-0.12350678316419297
-0.07829805644431842
-0.034703724611246316
-0.023097066812177717
-0.013887559513302434
-0.013998352899475711
-0.010708421117697813
-0.00917707144193139
-0.009794191956957706
-0.009548259699609827
-0.010290071397416278
-0.00926998330998286
-0.010211830172745944
-0.011127098088814225
-0.011876584580522898
-0.00835922114534818
-0.015766476118884733
-0.014471003619673857
-0.19518607778752478
2.1056715737245657
-0.1952476887922593
-0.04252427171082829
-0.030010039680625888
-0.01431959481430592
-0.012233462824156523
-0.01007960537023895
-0.009933809669538524
-0.00849937898066999
-0.00903142424235005
-0.008950305959630625
-0.00925126464705197
-0.00835089455806029
-0.008554033819637728
-0.006904849163703883
-0.008953465256857938
0.0005939734249324633
0.018474397423495464
0.04029791020180472
0.2104106641681819
1.1167323799032631
0.20234691055650222
0.011115466652696238
0.005928771763427929
-0.0069264039339086425
-0.006051609413947417
-0.007762402157323995
-0.006988990445020034
-0.008044699870498875
-0.008363126397599452
-0.008174891015613006
-0.0074264431362891315
-0.00717258578916578
-0.005769415463247707
-0.005535598932453206
-0.001410661799169565
0.008652967549745347
0.018846910885130026
0.06243419350446204
0.10225147169021269
0.2555575055352096
0.07926698402660685
0.0488554780860594
0.010936270131387685
0.0028831182647786656
-0.0058314661517684906
-0.005009837671459516
-0.007504138138986182
-0.005791040088628661
-0.0077122030592588625
-0.00756388982160875
-0.007565384801947247
-0.006974467102221437
-0.004868264329004085
-0.0021570163885309655
-0.0008967442336379408
0.006817571068291783
0.02067300378644354
0.03531151526720967
0.07363115420973157
0.07942473189550237
0.06592639203454359
0.026837700859261442
0.014709078496469295
0.002807659250598281
-0.000591031142062566
-0.004841471610721227
-0.00534212663069774
-0.005830180415038678
-0.005619784718076358
-0.0066058218912043625
-0.006229425872918969
-0.0057362693837850805
-0.0036147551070108805
-0.0021614991199091103
0.0013982243737338381
0.007125069549506842
0.012806162055675967
0.026536793170441227
0.03312210791184437
0.046423370352526874
0.03163518604457059
0.0213422730044817
0.009342046217719393
0.0032013676945940664
-0.0010840519421031953
-0.003955034572997369
-0.005110377988484944
-0.005734240046638302
-0.005240560470561032
-0.00629150023778235
-0.006249313616657664
-0.005054977493238478
-0.003991840285408451
-0.0012401984451034338
-4.8526041068632506e-5
0.003078727572302388
0.009627371305056255
0.012994072575126548
0.020284872135292658
0.01993633345395509
0.019725907461143184
0.011309231379253304
0.00728493481854907
0.002399775302032473
-0.001351873920455079
-0.0033541590272680682
-0.004223361552431485
-0.004470273443841405
-0.005008521247878337
-0.005714836940081674
-0.005745577311848728
-0.005657616279922648
-0.004849931336284003
-0.0024623758503808913
-0.00022662404921460505
0.0012388100598270816
0.003919289818999787
0.0072775863707089826
0.00879054288800397
0.010652169905680516
0.007926693621467876
0.0070485441356331726
0.002609216216828834
-0.0005310141783544401
-0.002586534354008418
-0.0038202129860126365
-0.004572532905364255
-0.005374863723147908
-0.0053706815682629345
-0.006735255400562695
-0.005819179390985855
-0.005930583681803255
-0.004929082190450376
-0.003806058784103946
-0.0012022424114657016
-0.0026461764485740153
0.0008507149713692411
0.002051178292748476
0.003801403749668364
0.003723461221279648
0.003417989593587086
0.001591413778041604
-0.000269930797733378
-0.0022380344558063335
-0.004183641699146854
-0.0049963059941660875
-0.005965973272140676
-0.007311100424104147
-0.006690260118991321
-0.006899339810555467
-0.005473100903717814
-0.004472914624552861
-0.0044710900761948825
-0.0035575043439504974
-0.0024405511860860645
-0.0032809599193143416
-0.0026496435247729063
-0.0006644999939383201
-0.00032314606528248164
-5.334117212071448e-5
-0.0013533032661027543
-0.0014306038296124871
-0.002223377061338316
-0.0019341431992877787
-0.006050928522049382
-0.00633537718816808
-0.005779490125073541
-0.006494304948616138
-0.007284899331033472
-0.006282142047008448
-0.006499518950820081
-0.006104923809714046
-0.005604482432302563
-0.005687919648248189
-0.00427359142038808
-0.004026493228877753
-0.0053472827610747
-0.003993872381019619
-0.0027538564291549428
-0.004077781797547453
-0.0033390587877181704
-0.0032962208183643753
-0.0030984884439448626
-0.004515108336430604
-0.005938316029528835
-0.006505816286901775
-0.006942832100601869
-0.007906177490216737
-0.00826578991678506
-0.007223452841995593
-0.006544958474482918
-0.006372113606667066
-0.006475335745882874
-0.006570465076372983
-0.005472753404953466
-0.006867511926445065
-0.0070618576728541564
-0.005884180508826568
-0.0058699792042543695
-0.005885723320039172
-0.007068536932789835
-0.0058159999750701874
-0.006402278188913729
-0.007150060513392644
-0.007855339492896095
-0.007957493061752235
-0.007954793460115682
-0.007092314482893609
-0.007713194296649207
-0.008250067890989332
-0.007180946438307259
-0.006979810217722565
-0.006042790262627792
-0.00706730762464616
-0.0065267848448572995
-0.008758905726521434
-0.009449214932238966
-0.008828682566992634
-0.00871253064769433
-0.009461409155095328
-0.00950730234462675
-0.009768621948647242
-0.009081280215504809
-0.009830792596164968
-0.008718482958883963
-0.008188163637597038
-0.009217880921657887
-0.008009632512251431
-0.008679280808835326
-0.009459370834856656
-0.00856749396790477
-0.008533654198239884
-0.008412228269772445
-0.009387667622785896
-0.007699786508263551
-0.010119600680643387
-0.010876134292493903
-0.010404079659163188
-0.01216895120945274
-0.012128015970912707
-0.013019079769200352
-0.012880916512640853
-0.012324978563714888
-0.0106017139693173
-0.011499167792649027
-0.009091844058797486
-0.009686318187478398
-0.00965479048216904
-0.009463903379574782
-0.010178476298991226
-0.010674455118818645
-0.009197299306567335
-0.01040316357665043
-0.01002964558231743
-0.00950584923503504
-0.012786543149245082
-0.014057100230891201
-0.01402426871208529
-0.01616254979206285
-0.016276372581930043
-0.015348527908384353
-0.015184072680307607
-0.014914359996481727
-0.01241363535431355
-0.012048907532366097
-0.01147840986047314
-0.010967439242464145
-0.010934252447320734
-0.010777905972391694
-0.010138442802561558
-0.010472466405351884
-0.011009982078940345
-0.010245593092257138
-0.011024736481469288
-0.01029431562437807
-0.013831939162983337
-0.01704945066346484
-0.017343276799361363
-0.02069316338395323
-0.019530545196677976
-0.020339941143435597
-0.01888407886514217
-0.016395380968588866
-0.014760029606544671
-0.014399865641071537
-0.01258551413556021
-0.011740706514876575
-0.011521993397228453
-0.011403962007595785
-0.010379454085008672
-0.011110756771068535
-0.01147916569099779
-0.011590293827874666
-0.012776315396085732
-0.012587765534377291
-0.0172668514273327
-0.018911583089736773
-0.023074362359726146
-0.02528572555826679
-0.028135902784171954
-0.026474421521310333
-0.024527042101507388
-0.020091931861124478
-0.01741062008971132
-0.014311406527687705
-0.013090916027257534
-0.012824576208531049
-0.011949022716652958
-0.010527740014794578
-0.010807789810943222
-0.00994069914498119
-0.011321088241075479
-0.011684488311829682
-0.012699640921928221
-0.015007385568974614
-0.01984613457400718
-0.0234229956893476
-0.02828404130414907
-0.03691989465251535
-0.0369134221089146
-0.038065284043551424
-0.02985323498909274
-0.026183582899992952
-0.01926481671898924
-0.01677153897767022
-0.014026812472872074
-0.012937254379329698
-0.01196523197050458
-0.011392573751842444
-0.011259318099657425
-0.010209500073306772
-0.010123019328632259
-0.012020320612423406
-0.012776088050709455
-0.01668353489472284
-0.022025690618417273
-0.026833711158640347
-0.03915718593955332
-0.04880273528579847
-0.0659880784026898
-0.0508996729093421
-0.04257338111514849
-0.029813628121822595
-0.02324105370769613
-0.01606002018429914
-0.015844061159616337
-0.011993686721372743
-0.01223689102259235
-0.01184306098389845
-0.01151161814156849
-0.009875782839417686
-0.010898233938658328
-0.01115415044557313
-0.01355396153466336
-0.014892568919391997
-0.020398650068150018
-0.03157384923468166
-0.04522263477057304
-0.08384132210195165
-0.10153553254891629
-0.09435361787718091
-0.05189129372855467
-0.037333795397621126
-0.02243097560199058
-0.0178097765834711
-0.014117935775647772
-0.012015117711926268
-0.010076715005120503
-0.010186572582249696
-0.009814354597314444
-0.010329714288568078
-0.009184749933769417
-0.011888009634373045
-0.012374174778999244
-0.016114966594020824
