0.0001500007802151416
-0.0004678679314731947
-0.00438420013344491
0.009003911597080088
0.010215292720359759
0.011994343710331954
0.013117976009735468
0.012960199033118128
0.014137448685223515
0.012340482492730964
0.012373184344314838
0.01051144509863261
0.008088083530347156
0.004619067505908731
0.004280048930879313
0.0026269902645550567
0.004206942137287508
0.0036180633532632584
0.004734368193668617
0.005813197550593894
0.007106841433381165
0.008820989782568487
0.009442152900834161
0.010189019998602519
0.011166041029619713
0.012951419646494308
0.013851080447369664
0.015442497663282906
0.01658482295842404
0.016845642320995946
0.013780287266290384
0.012712935912073276
0.00549137818972691
0.0034101053686936907
0.00010066527266816859
0.000502571444852108
0.0010371751876141703
0.002786212002966448
0.002185183379579688
0.0042506821735184275
0.006414260147626922
0.008290546911475096
0.009000555942265513
0.010621143144659461
0.012273965194383871
0.014532072807100851
0.017529281056014655
0.018113315766245863
0.02134443180902877
0.020763131321864286
0.021996127196899386
0.01083321159638973
0.005660261689116041
-0.004644322094399662
-0.004628281644642104
-0.005025578477165552
-0.002876383527938782
-0.0015061404275278965
0.0015853160994951624
0.0038169541170275387
0.005073904230021609
0.007942244038707793
0.009653727962678743
0.011036490492143277
0.013499037319411204
0.016722905292448024
0.01913229954649913
0.02478110073865301
0.026411785557835347
0.03457371502782841
0.0301455136666718
0.027225951405545377
-0.008686476579296666
-0.013365388968215026
-0.0181596120184015
-0.010743952336147125
-0.008424220696457737
-0.0020964030502952885
0.0009439985579508647
0.0027233210280335016
0.004729563730453075
0.008292084215271148
0.008940545370787159
0.011288652443037022
0.014674857564598107
0.017345162931751448
0.023145294008372584
0.0289202665969666
0.04189769504773004
0.04783287053454912
0.07028192162536427
0.03323451819616274
-0.016350088769385956
-0.051347396140289624
-0.03159269009681981
-0.0240508127828257
-0.011045000357324376
-0.007529925936511284
-0.0018202622071652086
0.0012999146082408677
0.00548303556220186
0.007135937383099503
0.009168467386793321
0.011901943199614497
0.014772071336969523
0.01988077929334968
0.025866323367676483
0.03802823916790609
0.0502906760990063
0.09209593901667265
0.11320505362622205
0.21612737258173445
-0.196446986278082
-0.09712889005616542
-0.07277838216060462
-0.03241841533953308
-0.020812330427320048
-0.008952017855923446
-0.003729877192329364
0.0009138103486160833
0.0030348107176571036
0.006517134681593269
0.009843884749299203
0.01023723635791314
0.014745058923640272
0.01974552747275219
0.027722299019395852
0.037483570908151756
0.06575966348113159
0.10286778799481425
0.29625101892938543
-2.0865931504722086
-1.1209168925385662
-0.2746501433744206
-0.0840008926172632
-0.048397224993745845
-0.019920429497496516
-0.011274803614912015
-0.00407419462574793
-0.001229559371294358
0.0033816895641906462
0.007119994850242255
0.00920287835319088
0.012135271261944539
0.014988611731823094
0.01940034079310733
0.02468691399636733
0.03773986223827432
0.049681694127321964
0.09172931275853227
0.11551001222737681
0.22142518450341503
-0.200940588333311
-0.09783885158046693
-0.0732678376123927
-0.03214292604118388
-0.020754525652140147
-0.008881618939048225
-0.0029820619796660074
0.0025224014661210546
0.004128193063969717
0.007331452430700809
0.009578340912505598
0.010516173869518851
0.01490645195714899
0.01725110660888979
0.02429218876649849
0.029298380178528177
0.041108769176668045
0.04831344405275097
0.07157089298694183
0.03182957608174983
-0.016835940734847926
-0.0533013104919411
-0.031152710055903948
-0.023577287562170528
-0.011620188209010606
-0.007937257095357399
-0.0019299073056376632
0.002071593593375029
0.00423641504568673
0.006608740673700513
0.010380378382505646
0.012445828204198376
0.013154872068492597
0.017099163372247095
0.02131843353043677
0.024764037372948477
0.028205547628893393
0.03584301841033283
0.03073945530880793
0.02730966065716065
-0.009836268947041886
-0.012570316498306072
-0.01759996147096145
-0.010617745333613123
-0.007353608048923974
-0.003783984207736785
-0.000905380894163043
0.003449905091364549
0.0050756432172328675
0.0070492450606330324
0.009697050759919404
0.011776324521729132
0.013600501163054073
0.014009010780667637
0.017684678332367688
0.01867827020354578
0.022351847854836997
0.02141275676760619
0.02156928200263832
0.011862252237910154
0.005142528794197873
-0.006177293359219171
-0.004814902926078939
-0.005096452195105093
-0.0014457080270721162
-0.0010348083740837483
0.001361266594393698
0.003860864155482914
0.005113198805604145
0.006871831449298032
0.009726407107595753
0.010978390518294164
0.011727452815899101
0.014274342547566128
0.015132226004478161
0.016068656943797752
0.01586279945282406
0.016761856322457424
0.014195921672846903
0.012774021152316082
0.005017738157175853
0.0028096203369432095
8.712891283749273e-5
0.0003658000066350541
-0.00042081722958992106
0.002465896087869834
0.0031494590165412717
0.0054442187642142655
0.00568385118064336
0.007878710087807307
0.008767935568357574
0.010212542876013789
0.01170043216181858
0.012912053011869293
0.012854275314974609
0.012881867802985978
0.014220337332317324
0.012498580783186369
0.012123894537442835
0.008493047563018491
0.007000929575574467
0.005244582733395015
0.0035384775421530147
0.002371041215986058
0.0032204197822045485
0.0036564136320104915
0.004480740626566438
0.006494828944192296
0.007961932451295735
0.008968715412727314
0.008559728236822418
0.009876340805846933
0.011581686635884218
0.01201570590637928
0.012321597595648607
0.011717301571505117
0.012183432347809437
0.011689380901696387
0.00970742485668248
0.009699458028049439
0.006633109214810409
0.006960413182922225
0.004575722973304335
0.005106396902458227
0.004653375784169721
0.0053300376099165315
0.005815342739729738
0.007417813338100374
0.006863446768552954
0.00816782788429319
0.007968438613441476
0.010498399280368914
0.010460357916136531
0.010492300078474445
0.011320162540501976
0.011477092825825376
0.011326280705914894
0.0111638750314687
0.010418368034879869
0.00788597912214288
0.007610062600511216
0.0072787815638307085
0.00615224913933744
0.005707820609985862
0.004734003025170646
0.005855274252714222
0.005790710889066699
0.006424579018841016
0.007072744453559173
0.008109894648867145
0.010080543721053126
0.009932967746710552
0.010101645944651204
0.009413618171061787
0.010713978801038441
0.012143757934264279
0.010641214573244781
0.010332684910866273
0.009337980358662205
0.009309619321905039
0.0073180038406343885
0.006942129585220388
0.006869494968381862
0.0069668204287374694
0.006305699780618328
0.006176289149080319
0.005809361166249271
0.006776743819780819
0.008531586485530067
0.009217657388793451
0.009085349075764977
0.009872107656943581
0.009148040709140643
0.00965199841762031
0.009996059329948678
0.010337796754101632
0.010954245226820243
0.010519257720894156
0.00932784910046586
0.008660136419001839
0.007945625525808716
0.007106074012167216
0.007116243862440923
0.0063131585245133435
0.005734068526880361
0.007352581702689351
0.006616842285452632
0.007683673579305826
0.008619919295861079
0.008031522347616766
0.009196171393785382
0.009289481667544938
0.009349137127697001
0.009389323836496722
0.010107150302456538
0.011696526305351434
0.010061991629897604
0.00988121624329892
0.009344570180514374
0.00932288163872724
0.0073147653368307594
0.0063763523298457254
0.006053312482025933
0.005782323161218005
0.0052114196792817915
0.0056715488241046354
0.005312673022531901
0.007292398499621329
0.008098788826409749
0.008796511701572522
0.008980827830994801
0.00871042258609602
0.00944063066499118
0.011056580937167259
0.010549111305292225
0.011481782774464544
0.010945456090086207
0.009647633916239943
0.009886019381079879
0.009293652026625417
0.007947461408262873
0.006099486850480929
0.006800052303556487
0.004605984579321704
0.00477260059054567
0.006305074653127292
0.006465454746989501
0.006229136696726992
0.008171559425896773
0.008854056648365598
0.008535455335891748
0.008914956070030296
0.00935389455550629
0.010374978957036004
0.011089847951940438
0.011829336661021506
0.012582453864464722
0.011737484199497413
0.010060315033418149
0.009788742455920369
0.007101565165260007
0.005921908161644911
0.004650444484014359
0.004572202761301471
0.0045446343308121195
0.004787665012848001
0.005036248964984849
0.006412949450522061
0.007699586102706826
0.008498703230178898
0.008534633486740202
0.006866982648944463
0.007973550482600834
0.007266963466311054
0.006964740216963085
0.007131315803082099
0.005930020562232332
0.0058433145475675925
0.004752719710809238
0.004557890711146683
0.0030339157614887287
0.001014976074358004
-0.0014354188768489035
-0.0013178875971467262
-0.002154491421198007
-0.00010005067940523641
0.0010690401591854203
0.0032024540926633314
0.003358851518013222
0.005467765162413056
0.005639311800115707
0.0070161940316404965
0.007327135634853917
0.006994764115654595
0.007210633164095864
0.007157329638116205
0.006197485849050968
0.00453430917596284
0.00400445552393298
0.0004897365913934548
-0.0016362589796065417
-0.005492198737544462
-0.006780730546631981
-0.00968060084201592
-0.007102073765736423
-0.004628861501192294
-0.001408585980589031
0.000161279258484678
0.002609660176626501
0.00468044603966885
0.006391103003587077
0.00609768638050168
0.0077853247803626085
0.00744973591168639
0.007008709352801751
0.007058934821388289
0.005877404039388577
0.0045343578082297446
0.0021580073401274756
-0.00223332593031977
-0.006327376254649813
-0.011223173370699467
-0.018728162902874757
-0.017832080110404953
-0.01899542241223902
-0.010298947495500983
-0.006293031258908463
-0.0016991837686796238
0.001265679540600399
0.004554965195467053
0.0048608215863529475
0.005937273365584819
0.007074412878024341
0.00814564996997082
0.006684876790839418
0.006719556826490763
0.005258984130373016
0.003574705477356357
0.0016197600261660373
-0.005063750801515018
-0.009044745833005779
-0.023536226693335084
-0.03229526113275598
-0.047356075683438914
-0.02967621461456185
-0.023202776910112233
-0.009370335964130741
-0.004330802879302822
-6.033585813966852e-5
0.00315555576004024
0.005109738911289248
0.007813642538586813
0.00712894874448823
0.008248383190253799
0.0074494879616730176
0.006722957902297439
0.006624354704540437
0.005579183059623698
0.0010475331510747961
-0.0034370320673768103
-0.017286183951922614
-0.029631538026029483
-0.07241927954439278
-0.08218451508813936
-0.07069358291105944
-0.030491071105544807
-0.016636709640392284
-0.0029100926782495208
-0.001827072953612901
0.00382550515665554
0.005535396052224886
0.0084229789876493
0.008027226709214588
0.007554859543141643
0.008095346683792515
0.0077728092509081245
0.007382357087314332
0.005808312971103425
0.004176828696930661
-0.0037799688061118573
-0.011163067966351251
-0.05318866263521359
-0.09604614696818552
-0.27437338646853093
-0.0951818075893524
-0.0512814923477652
-0.01174224543174099
-0.003950363054689814
0.002998098757138635
0.005869808584617566
0.008092466001954637
0.009135140492580534
0.009227055121928252
0.010334270313138782
0.008980114518786669
0.008993550530214313
0.008668528866123494
0.008806918080382954
0.006372356708130476
0.006283099686272406
-0.008463903743858962
-0.015847477462706063
-0.200406045820167
-1.3184196211368227
-0.19797095796238592
-0.016011499316053147
-0.008479998383812267
0.0064700265428357905
0.005148104515954923
0.008679404523093485
0.00820565300740982
0.009421182296923618
0.010383641579404614
0.010609016833720562
0.01105255356772205
0.00972087200144388
0.011667114864946412
0.01123066425992769
0.012865258015679048
0.012052338973436983
0.02751894120411612
0.034405113172105026
0.2234685811233058
-2.2971226302329857
0.21537838498932182
0.033345060794830315
0.02708278371113268
0.012528906448820099
0.012233870882741037
0.010117882489938536
0.010944406724146713
0.011316094876087921
0.010062863790634058
0.009891268618730983
0.011193092534830676
0.011489906510425127
0.012648511355475208
0.0138006609311999
0.015032590849104983
0.022823974520260165
0.029884829945344287
0.071143626645053
0.11493035785300698
0.29554749708525835
0.11202873664693266
0.07004486972912241
0.03104318726403252
0.022686017623023032
0.014704209552959506
0.013591793904944553
0.011752586758934749
0.010874256909679964
0.010137417751590811
0.01008528181286212
0.011947873342049003
0.011607244139880117
0.013345696825553173
0.01467524960833564
0.01825433691180135
0.0226262988472864
0.03586496143934114
0.04828016812464655
0.09247508873453951
0.10129116067486638
0.09139218412787013
0.049522299591209636
0.036012379392975406
0.02093940264789661
0.017365827332676703
0.014801816595154374
0.01273801038768995
0.01219341192667902
0.011622016276006075
0.011115901124760285
0.01231879928239327
0.011535142993074681
0.011772448187252036
0.015135611523428247
0.017864250250604074
0.024324032050065617
0.029243943929187843
0.0424016133218746
0.0499445380208652
0.06726329819199
0.05019029190430746
0.04251756346978793
0.02852742875993134
0.022630709189835035
0.015795469223783488
0.015425993790184226
0.013228340444658952
0.011489580698714367
0.012044076414838865
0.011044756397811455
0.01212455557499771
0.012709295128651526
0.013917384414523686
0.014330346521234652
0.017565371507182213
0.01918095246438073
0.026259143488711927
0.03040331902705533
0.037859882098412574
0.03902062823452205
0.03875679817892702
0.030249303139782937
0.024993958047669147
0.019597490860439565
0.01687659527694923
0.013536720080674169
0.012482966883837342
0.011073102867846239
0.01129745544410483
0.010524141774529544
0.012724869403794371
0.012774144688787658
0.012931699533820088
0.013939549874292296
0.01533766429841022
0.018428936846903873
0.020354079259176584
0.025282844764596187
0.026594915621460234
0.028752049498078466
0.026585686667285446
0.025012747113474745
0.020774567096076134
0.018442826443876664
0.014549276028490366
0.013808641405740646
0.012842893808641799
0.01076621267789666
0.012641264901379286
0.010675162173759642
0.011439787886115372
0.011089218503821633
0.011357522216336364
0.013081440129214571
0.014503367922430968
0.015520646142616518
0.017357690303467736
0.01893860149834994
0.020991215770787483
0.021342327309271332
0.021453085970851812
0.019830769223119573
0.017923025532747643
0.01519859034685414
0.013728762251990306
0.01194543635924465
0.012297820329815757
0.010880194989072415
0.010890005062654026
0.011264734630874145
0.01052834122706372
0.011955374214297017
0.011400470462437834
0.011586736516763464
0.012497705208627707
0.013891294271748532
0.014858810258034785
0.01631480274427012
0.015861287990882846
0.01783312872850099
0.015871408689297085
0.015964515735853724
0.015684780331870162
0.014210135551974324
0.012366298574091663
0.01216569379710553
0.010994757666173577
0.011855164879427015
0.01032244204053723
0.01043677929616441
0.010436040566988767
0.011074160840412179
0.010570217255535693
0.011658703130950285
0.011561268747912573
0.011370600463324452
0.012461759366796242
0.012935332183283124
0.013886134967634689
0.013606518497880348
0.013305056397562432
0.012272811626340863
0.012877706159765964
0.011679976399929662
0.011867015803025524
0.010679808930788987
0.010232350677906763
0.010322811022542925
0.009354774748460202
0.008898295586842688
0.01048259601168178
0.009833787744561569
0.010264087670781857
0.010423182191573994
0.009753300251965503
0.01096396142023474
0.010739876641705512
0.011494126549035009
0.010751788066744091
0.01071265066210371
0.01016058913828155
0.011273108336138211
0.009537988374980365
0.010246457226187732
0.011300045340258191
0.010029716297692226
0.009873786833738176
0.00842678610902211
0.009566359333001064
0.008885704263916236
0.01016247309072285
0.0091767057258468
0.009626829020465296
0.008568414794267933
0.008357544092654585
0.009056230148180302
0.00893185591223222
0.008530213959552925
0.009223169259876774
0.008078155917042432
0.008048683547530916
0.008031727471865549
0.008259165304179934
0.009132772702078268
0.009941298373969665
0.009511304491223532
0.009049990865418415
0.008687771447775295
0.008155404329932225
0.00880888852298688
0.008927383836363767
0.00818555937745436
0.008939289233546446
0.00832725648514658
0.008348563729278384
0.008384833579058877
0.006948324823058179
0.007687987505946881
0.006097534871094542
0.005468510883910078
0.0052795175144347145
0.005543822867022415
0.005802989900487647
0.007552742995211645
0.007478474848673506
0.007770596871692379
0.007295433577129873
0.0075301250855132965
0.008319987650025085
0.00870744245424515
0.0078034881917621365
0.008189063997036995
0.0084632028470867
0.008115140653009173
0.00700224677093464
0.006862664974477219
0.005091034449851889
0.0032495625716500768
0.0030677320207918276
0.0028283083327979796
0.003174013325483214
0.0032132261052358765
0.004417408292196911
0.005064802212474466
0.005459071102126045
0.007379161960792023
0.007280171764451967
0.01423050004780565
0.003763615584638572
0.009894985873253208
0.0017219161406397798
-0.013698610534491097
-0.020235492888031736
-0.02087035093934615
-0.013764459772160202
-0.011621632803411126
0.007368800489819628
-0.0058021678849902855
0.014572294232976415
0.03895613240644084
0.08150072007583639
0.22925906439411733
0.20987805152396402
0.12317949462129825
0.1279184654269095
0.06036732178705109
0.038611781205134775
0.003553609914273027
0.0029091895786252067
0.003438547426620472
0.0007439480203665059
-0.005220577600006661
-0.02266773115063031
-0.013193797895034812
-0.017030287042707905
-0.023515198677586724
-0.0016148635982922027
-0.0062338353183507885
0.004519533273089214
0.03269421020488906
0.04311423563257578
0.08656417253053988
0.09524376619000731
0.0910470791312317
0.061409431110300734
0.03948877205924111
0.020210899241355842
0.006680908886597377
0.010277450853384388
-0.0006799545068468303
-0.009535286230291339
-0.016220638312376287
-0.015237109180086174
-0.008320557014619775
-0.021200035275380245
-0.012005680989110057
-0.012297649603554891
-0.0024242144077481244
0.011339639508207638
0.01512291584563577
0.03160362195828453
0.03907763620726428
0.05490321886091501
0.042464202910945215
0.036953813267884515
0.023727317091796145
0.007684383040704443
-0.011346036532442707
-0.009121678814025326
-0.0169970395374138
-0.0046847647169330495
-0.013684011882524508
-0.019728856372856762
-0.013222762782025537
-0.01861385000563317
-0.008469186390290569
-0.008906209758068951
-0.010600850320252323
0.0005554036225255154
0.011558125552189538
0.012961491404648784
0.020946490165453722
0.014159140801155906
0.026521518436137027
0.014932572357103423
0.002116186644100717
0.002142344505505474
-0.009029150676919666
-0.006973438345777808
-0.00977506104121836
-0.021560389547714377
-0.030867540542774564
-0.01685955597072355
-0.02154555100924006
-0.017238062753870038
-0.010128982669081342
-0.02015269763671441
-0.022779431777219968
-0.013184823275847347
0.005326209205280062
0.011875810108584269
0.010228281375761948
0.007356350141180305
0.001569741029581112
0.0020569862585617478
-0.001019148022863983
-0.008034294015715622
-0.015995502474377987
0.001207496176512446
-0.008777678030501137
-0.024370104157212392
-0.0199435124091756
-0.0237364323363167
-0.023928321688717127
-0.0224561464637586
-0.01708719428986342
-0.011422244034459359
-0.00483867264319152
-0.006462695927359437
-0.001550533194241084
-0.0022365297545870132
-0.000998006623019979
-0.0023097351330804905
-0.006925445242559109
-0.0052445758132535734
-0.01462349186877689
-0.002891885019675973
-0.01683750608162902
-0.012531474083240134
-0.013588884976886057
-0.021199413372224744
-0.018852445924678395
-0.022510157136777675
-0.025527088685995472
-0.023263943046073817
-0.007282671415784989
-0.014047552759577364
-0.0211896426900096
-0.008216623490822125
-0.013069339720030822
-0.010316520544359213
-0.018946024548548514
-0.0036073294183789567
-0.013421019843847581
-0.013379758572476497
-0.018007568210242388
-0.005441971824246825
-0.02760137034136462
-0.024218230017038232
-0.031104502863033814
-0.02361695012545415
-0.025792589063559652
-0.025918197660251587
-0.022363519013869307
-0.03335669269689951
-0.011415225058252449
-0.008051841336941853
-0.01807822961537018
-0.011864609150174225
0.002012891616858965
0.00031256188916081295
-0.011227318119469679
-0.010680941182275243
-0.009755463762365347
-0.015084895675680028
-0.010772588325056483
-0.019455362673655854
-0.019818289449996
-0.025608047709214012
-0.030097964597581017
-0.03430859214107319
-0.02325379803589345
-0.019130769206158395
-0.018339997721764558
-0.004426989400623021
-0.006443887901100823
-0.009634475552688261
-0.012196227064586647
-0.016532216230779648
-0.019427650419452817
-0.007304066817294647
-0.011325652240900848
-0.011365248678739568
-0.01317243717857607
-0.017982379052135088
-0.00856545065458993
-0.013112232787035797
-0.012913416376437576
-0.025118963072968504
-0.02331843251275585
-0.005601174352857585
-0.01740652293245937
-0.013948481402812619
-0.013960849030829763
-0.014267162849076635
-0.004358561256652153
-0.008762593139204404
-0.005096162429884673
-0.011454177389013066
-0.014472605998560447
-0.010597997711232415
-0.012115266300014037
-0.011987288277208826
-0.010005889439467366
-0.024107725777591744
-0.026997273208935524
-0.01864412475874493
-0.007475720910983587
-0.01955525102938832
-0.027535215276121947
-0.014445236435523074
-0.01454485651672322
-0.016814837198809537
-0.017980564172449587
-0.01568766492216487
-0.020825361322259508
-0.020747528701851228
-0.012063846398857528
-0.021610258108447092
-0.005796979511502015
-0.005843606638803166
-0.005720792188258355
-0.01378506089441027
-0.0005550785663219256
-0.009467452793833375
-0.010797303792328546
-0.016371460921011653
-0.019532262477554855
-0.017847918619675683
-0.014916372623105459
-0.013426835106774213
-0.012134426156642692
-0.013072656936138028
-0.01474839403584586
-0.010037734076525445
-0.022148348761080995
-0.03031586980550543
-0.008319158982797229
-0.019974293721264528
-0.004262250977962898
-0.010249160207415939
-0.0021850896337179456
-0.009791494463623835
-0.006806010297308626
-0.011279483290391206
-0.014443061435016146
-0.01456152254839276
0.00235384826947077
-0.0053417218009661
-0.01980485286035701
-0.015822799253413913
-0.013233720794704019
-0.01809818772777628
-0.005193488135618103
-0.009618030365071912
-0.01908281122221056
-0.016593879242393146
-0.011286179013324927
-0.0041072412723869856
-0.00764038480055668
-0.003613838293682413
-0.001325679142702089
-0.0014714228288946717
-0.009113619310294904
-0.012379072019370357
-0.014248342314355341
0.0009033053441820666
-0.001928091211727291
-0.013251614832917731
-0.015854151974552828
-0.011577914426365276
-0.020287691254462642
-0.012302889592029274
-0.016507683074613793
-0.024305909023044237
-0.007789065030594866
-0.011062307448230904
0.001281216262602831
-0.005786425126488815
0.004603473493741994
-0.0016754701773796614
0.0003374090104498093
0.006971164764358873
0.005931630008947327
-0.001006220866457501
-0.003895359464229451
-0.005343663150780949
-0.001771338432364857
0.0005510265281630546
-0.010079047008308657
-0.0056534865382421836
-0.02147392846894549
-0.014955688334906236
-0.012287395297572487
-0.015734179605189188
-0.019097908248497223
-0.022200301088837075
-0.012559278295057277
0.0051027430138634085
-0.001196795861284556
0.012008937030685668
0.009744294398058245
0.02161544950973931
0.011719389172891514
0.015531567656448976
0.0056066358093507795
0.00039389455876144
0.014710266332244948
-0.008322154475859123
0.007864702794706569
-0.007238532690227607
-0.013903019096102219
-0.006074652798358784
-0.020533450090890002
-0.023906529261336254
-0.020055020353194904
-0.011982839384458217
0.005312094851910753
0.0016340907273435642
0.01780213040465818
0.011647379702380143
0.04750413711880741
0.024707375599368656
0.0487427442400664
0.031089110578325876
0.02251421521775549
0.015488280240181656
0.018186563842001253
-0.00771886957607632
-0.0036040512348766017
-0.005921785778611487
-0.005983361794952142
-0.003959092894930637
-0.009295664634349035
-0.021182883166048563
-0.02364113177047438
-0.004019040621130537
-0.000990617636540343
0.008786189118047957
0.011638690074570078
0.04055579903350557
0.06944126349075365
0.18551403084261878
-0.04045698545319822
0.08364704930502544
0.03512135704132191
0.031924158840026355
0.024691847993410534
0.0033179604893546215
-0.0036315684707462752
-0.008929842992328107
-0.0022026013331792214
-0.001970172094634031
-0.011195909519927574
-0.014889142217162529
-0.011100762503625768
-0.00942801192182496
0.0052602471651980055
0.009754308841533003
0.04180708516532046
0.03884706472393706
0.1627453960290662
0.38174265140564545
0.41057390993446335
-0.0014643075314937984
0.07976077962762206
0.026948357319964353
0.02171322864416875
0.007380396245543142
0.0030518010548035135
0.0035223239765680646
-0.006322966408328681
-0.013216933617492163
-0.017133404074785225
-0.01748800764790777
-0.013894030758844819
-0.0018862060455550438
0.0014313826535642964
0.034590900174671285
0.04668937018556773
0.08823457333442492
0.6928680635323012
-4.137668330084481
0.4980442735899403
0.30092021090247767
0.073649183204353
0.04084199795628655
0.02124206719248723
0.009592270732207357
0.00019680152946573723
-0.005740358505846614
-0.01181733720553268
-0.023751148869779658
-0.020958140993228964
-0.010971765353568332
-0.0070522255483525444
-0.0024573107307401076
0.0041721240870866245
0.02347181713962018
0.05660572304271676
0.19135877793580702
0.15008866690532782
1.0104986740965005
0.41112425096048544
0.15307122700353
0.0935582965619371
0.03999350376642122
