0.001957981304365658
-0.0005693269593347177
-0.00039100550833687996
0.02927056855371836
-0.012150471856065022
-0.013910584047561507
-0.019911932930575933
-0.009276637807462067
-0.008000778991402127
0.0038361669348296
0.0004559670265654273
-0.004208583230913627
0.003853593390347961
0.0011908548903471396
0.013287738669890059
0.01205047251312957
0.01669847930538146
0.001717610235763967
0.0012909488090243242
0.0006958033558864044
-0.00204731971359888
-0.009443884750388662
-0.015442355305635161
-0.010193253563284346
-0.0019315158710200195
-0.015015585791854155
-0.013881748841757007
-0.008451056492354943
-0.006361455896430601
-0.001305863315855838
-0.008722999171621965
0.0007144688408102246
-0.014405484630301462
-0.00317154180026126
-0.007693030264554247
0.0042683533184835615
-0.0015062552084413058
0.00037983725187777954
-0.005803546282058815
0.0005422006284066245
-0.007064460745612471
-0.005333652490612458
-0.00791007057644237
-0.0097552928577916
-0.005726018228384949
-0.009462734993538457
-0.023078678620792718
-0.019050450806907704
-0.01381980574879639
-0.007160566303755095
-0.016420191644649855
-0.010454570658978408
-0.00974735363160733
-0.009212751112394463
-0.012849210037072926
-0.005863991759223789
-0.0010197933947533363
-0.00020693291404556488
0.0011431234735952882
-0.00484210699569946
-0.0038133790239747913
0.0012166479489346107
-0.008964086544950237
-0.0075398603667483095
-0.009935291227657773
-0.013092719537442435
-0.01602051696786252
-0.006930260709688677
-0.02336858498643949
-0.014951214474487128
-0.020835517072956417
-0.0009167169423641402
-0.004208070571746961
-0.007576110856584957
-0.004580421042505029
-0.005116889279063644
-0.001362600348824029
-0.006042962371550015
-0.008276927070864169
0.0013346168898929014
-0.007387662222744289
-0.00694344597175998
0.005279918849014785
0.0012172622860692232
-0.010570986797637795
-0.011514069614177695
-0.013299279469262439
-0.01827382065475529
-0.01631540750197239
-0.014276870906094748
-0.01597937231610903
-0.0065575352212324115
-0.01152604732418415
-0.011494453783881867
-0.015502331337190497
-0.01644110405180095
-0.005823302487571296
-0.019555707950627357
-0.006353563589475565
-0.018639032971559458
-0.014111250340338376
-0.007452321957256031
-0.01239405985321402
-0.007502297095680477
-0.013140786356523118
-0.021278947429064558
-0.020058030428256563
-0.00625168730041491
-0.0032032320756815364
-0.014240750686738596
-0.014429498591152277
-0.0009708946226938767
-0.009419322418949844
-0.011753192420614322
-0.017784344442468614
-0.010790565020391996
-0.00985239701860995
-0.007017484653412892
-0.013011586799781292
-0.018465561295234665
-0.011029212168178017
-0.008750825193556171
-0.013092767482318883
-0.004797281405865728
0.0008264205623280445
-0.00603663313445996
-0.01877938228594114
-0.011847651309527207
-0.01494223679913693
-0.010733304241683455
-0.005463027092416046
-0.000786034258494937
-0.0007096434573304411
-0.011631889191593874
-0.012767048528580556
-0.018919674231096122
-0.011655245573705694
-0.00946401733101336
-0.015536811504044935
-0.017625842725233043
-0.013467939100934075
-0.004241390756950585
-0.011218047848497465
-0.003926308497808636
-0.018148704309547438
-0.005733363224477947
-0.01094234603017744
-0.007777228776549331
-0.008645388926918275
-0.014930514753803938
-0.005535900661093799
-0.01417722483789452
-0.011171742743029922
-0.01506583553038432
-0.0108200448142141
-0.00725305990551519
-0.010719432762375273
-0.014919911188841955
-0.012896366064687689
-0.009845945778703959
-0.013512622910615803
-0.014145196097354661
-0.020858887177111127
-0.020984425950831807
-0.01667951792997591
-0.011596011326976964
-0.005300447483807912
-0.007137569240656078
-0.004301961966492813
-0.013243480473196139
-0.02007425387776222
-0.014920572635151935
-0.010844316854415288
-0.00950538666051538
-0.008156449457111978
-0.002611552956602209
-0.01565030071025182
-0.018965279702025637
-0.017341515579063712
-0.01676469838380134
-0.016511976424968357
-0.012712754387349211
-0.01593294922372944
-0.024525851300815093
-0.005890092641436053
-0.0038029196346549667
-0.013047982691546074
-0.009444332829625026
0.00013690554191025405
0.0013444912006163766
-0.005010383230772367
-0.008703011404498303
-0.0018794168624025596
-0.010637957824141326
-0.005874482230203753
-0.00041965485745562494
-0.01650437069441955
-0.003586970082933896
-0.023077040694478662
-0.011865250697574064
-0.013112039626492648
-0.020837561052500165
-0.005392364304469272
-0.01958041504390036
-0.010713209178919731
-0.007860256422560302
-0.004907761847112067
-0.005352386087069975
-0.009346654330809608
-0.0066833646681339134
-0.006299989945522552
-0.015356749488674628
-0.017472139458565353
-0.006525441610862657
-0.006241328644136382
-0.013616317700862387
-0.005666360694676921
-0.00677272999277734
-0.017746519272800555
-0.017908278434228944
-0.021925919078312196
-0.017926027570605893
-0.021524320716135595
-0.022832127166145223
-0.010144961781344428
-0.009489818667034886
0.0019244471094684913
-0.014096135372428417
-0.0034655002203901105
-0.007912865626997188
-0.0072244711937311445
-0.004198701563916727
-0.0021423148958192523
-0.011514637936901502
-0.003531194395526516
-0.0026684446431851153
-0.006002115194678004
-0.010720228393729655
-0.004995003706457345
-0.006255922816871644
-0.0028399317641914336
-0.009828462143196348
-0.012489649303514476
-0.01025575411899311
-0.008927124233429336
-0.017704661122881434
-0.010223110672408081
-0.008840504993057559
-0.0002872307163206897
-0.00913947771138137
-0.014061353648578167
-0.006036170755233348
-0.0037405591097484196
-0.0013413496856252457
-0.0015180814322698797
-0.00015021594304646078
0.004859817569429695
0.007402442741282364
0.002554390165301629
-0.005510168824881618
0.004647029936685053
-0.006721339055370456
0.0016867480761169427
-0.018392488200171867
-0.013942343787446207
-0.021461303443848213
-0.017312061435772103
-0.01638296287763786
-0.015405535004487677
-0.012923906296723414
-0.019158360459179482
-0.008772930289200676
-0.003435968686967307
-0.0031408299184543173
-0.005228150323776245
-0.0004100514197902972
0.006976997241485084
0.011719178416622882
0.007206690735561596
0.011759301910843761
0.012769942001023212
0.015135054845374562
0.005213958883382979
0.0033357044839218107
-0.0052600234648263735
-0.017185591695176385
-0.01217395149405272
-0.006391384185543572
-0.0012751951146266099
-0.011577456145448516
-0.011354701964787748
-0.01781088801742245
-0.007752501220036552
-0.003993123967053753
-0.0020626093949671393
-0.011608424489616458
-0.002530410892364003
0.0045010918036199506
0.0056301455664019735
0.01528773652745521
0.02961248933697883
0.03548272447511088
0.020418218839161423
0.030553831182225755
0.017715168231447236
0.0031877967590015297
0.011964071631371743
0.0050758116385064885
-0.006175777975517167
-0.013325576905949044
-0.012266963644833683
-0.010047658930733151
-0.020343184047822437
-0.009930727746050095
-0.000676191316528613
-0.00866896181374921
-0.00453695993342879
-0.008212572460041784
-0.008578797342773942
0.00018759577313632138
0.00751542233687882
0.022988917499371445
0.05440072470074846
0.043957302595771366
0.055221624566137814
0.02626177471488927
0.028738744950343457
0.0026237291437401448
0.005002002835303718
0.001087536428027924
-0.0030073356005286787
0.001555102681784062
-0.013314505439888435
-0.011084413186742463
-0.0048143224898938184
-0.0036544341960927026
-0.0026068285370965108
-0.003614957125589402
-0.005774561893876758
-0.003202237372430106
0.007352579469043894
0.019669508202443335
0.014059462847319805
0.05989785575599217
0.07177082241100628
0.266589396508732
0.0029279561236026943
0.09437559963866986
0.04288749734462079
0.024084587793937497
0.022358884865868053
0.021845439433576083
0.002361763199385692
0.0070949154873142855
-0.01239699957426263
-0.007064878865495696
-0.007350688660384238
-0.008523060401116837
-0.005683385742955247
-0.011063600437937205
0.00281890594837254
0.0004366458262443719
0.013530145816071835
0.018204695517551543
0.04961741793812507
0.04574575145110079
0.32230609707440044
0.4021746668343761
0.41826903262322845
0.046957426798794506
0.05404594811287025
0.026385782762047068
0.012979278608385453
3.554801647297819e-5
0.003862314071901319
0.003522393938726589
0.0012303931282421044
-0.009901468275918937
-0.007915905870335777
-0.016158083320478404
-0.008480175652322966
-0.00458894728959732
-0.009096042869472638
0.008394649530606237
0.011450809195016617
0.03438850505826914
0.04584896011859491
0.15178703068990407
0.4670194296731972
-3.553173059776903
0.4953394680282572
0.2062270291975973
0.06236707114269236
0.031192139460582725
0.012720236267138906
-0.0005866990443664263
0.002489381002388624
-0.005638044239030715
-0.007334184133344219
-0.0009651904723817412
-0.01425556703666623
-0.012834418368194198
-0.016690151234961117
-0.01717300339445403
-0.008799498634828618
0.002564523772519759
0.008611857509191434
0.017300654623222448
0.06279250532369038
0.1248382057457063
0.08840888324726395
0.5760878570728777
0.22393104208425862
0.13694791511470022
0.069224305262617
0.030421475015339088
0.010882248644918152
0.0010339142371379659
-0.008527370332605784
0.001999473969923152
-0.009260069550619575
-0.008539968163895519
-0.013785496273827767
-0.009051516264613837
-0.0060993779676076065
-0.022268494381471014
-0.009833601474906311
-0.0198051611811809
-0.007712130408595811
0.013887677186394205
0.024164261790515246
0.05234418257701312
0.17066858020025077
0.0861993529723144
0.11066809981836619
0.09485257769199906
0.05402520506297092
0.02155198116905098
0.004392347217184061
0.006603574123063093
-0.005467977527172793
-0.01025027246492094
-0.012925943246387907
-0.014099376873926473
-0.003649586999680302
-0.011379690402503561
-0.005720743700203759
-0.016812169315892675
-0.009592516479622662
-0.0016657152140902524
0.0039727812559310445
0.0162896463816656
0.021833081393673015
0.04243103161108928
0.06558845666130021
0.0657590305697893
0.06825531200758073
0.04742644141708097
0.042386894915560504
0.01907898914239119
0.015378785798096841
0.0027583910181938763
-0.007359201732624027
-0.00897989773451185
-0.017860990719792778
-0.00837544449452311
-0.011476620954491755
-0.010833218544440517
-0.006211094211271836
-0.0033831708910912073
-0.0020026190611830553
-0.011117180942690954
-0.01303161606163305
0.010158806760574766
0.004665265261743202
0.012280228162371263
0.0286814101367788
0.030743110809460503
0.020715845782306487
0.029470204826738344
0.015238254503265016
0.004583482973879362
-0.0002958787122981296
-0.0014948796057580437
-0.01215094319584824
-0.013110050425890144
-0.009568010225378717
-0.006179903069921478
0.014327844474340929
0.010744165744294851
0.00928405628981793
0.007885619972426589
0.007486085559671489
0.006370166521735528
0.007406877980844123
0.007191074611334773
0.008413415979300908
0.007984580476398346
0.008539511425488205
0.009969941612812805
0.0135994264386828
0.017862776129948285
0.02796859755363619
0.0412715776886811
0.08090128844253398
0.09128263817223747
0.07986821420930161
0.04125231587363771
0.028944471669131448
0.017412541974779792
0.013097236114347797
0.010533519286889871
0.008742510627570421
0.008077776948018823
0.007269873700411432
0.008124262376921284
0.008070745597894788
0.008176106959765133
0.007297166661357609
0.007509655027156846
0.009855507711264378
0.010439279241473122
0.012735856937672724
0.01813724366302558
0.02260918001455373
0.034478932176917304
0.04367218466142758
0.05646714796423846
0.04295049997190612
0.03381284998340411
0.02318559368657613
0.01765629293622266
0.01208377070328071
0.01024370791644055
0.008700520600490728
0.009021823007768192
0.007641589737997659
0.007794278480984895
0.00782518654653711
0.007729646721043623
0.007563339970702288
0.009264409909780585
0.009841177974889936
0.010828271463053162
0.01200962035069758
0.014073175774570637
0.0195314743600251
0.023700308344368575
0.03057683919156666
0.031196075906593852
0.02998301329315451
0.02436035815328488
0.020490666559779065
0.01470106714601754
0.011583721558060934
0.010289064059262063
0.00884464971980109
0.008966831882541125
0.007388895383052377
0.00765376007476456
0.008389580419471488
0.007336936946416796
0.008669986372376986
0.00784988588745987
0.009088987555475719
0.00983621905520516
0.011850532009039938
0.013522071402490118
0.01573732350879013
0.018584984987943597
0.020344032374377898
0.023148484173472653
0.021386642433609514
0.019535783389947034
0.01546232960821383
0.013758119734008624
0.009683522923091768
0.009156325530110223
0.008051387026076839
0.007649787202757621
0.0065185124252548875
0.007483957594258162
0.007122976126321203
0.0073840705374941685
0.007857777134971513
0.007729093965201585
0.008268679552236629
0.009234155304301305
0.010638180844767408
0.011669332045404626
0.012612144370312143
0.015079831800949212
0.017325283006695082
0.016556863752219837
0.016928379585493192
0.015170393060651955
0.013671865042947443
0.012091097151126247
0.009499032385324785
0.008760954695748828
0.00781657007244015
0.007103889651576706
0.007035515197273176
0.007450503305074386
0.006565768170801895
0.006596062125453682
0.007671789040861424
0.007277807964156735
0.009481676922876402
0.008026074707714622
0.008545359884362618
0.01057218721398062
0.010624764612355089
0.01249333220131189
0.012618783605332844
0.013636074089320905
0.01246834453700539
0.01110602837743445
0.010639728415193572
0.010417655380086108
0.0078034479009752205
0.007720426526655786
0.007400491126009443
0.007770579171408684
0.007078538351437217
0.0072487520261566895
0.007544770827714728
0.0072600520996012365
0.008092211827876391
0.007960822169577277
0.008333261688156271
0.009139574382743256
0.008369879415162169
0.008878647341153713
0.009881827640066083
0.009443370670272228
0.010374836571421566
0.010241512533043465
0.010429563723305873
0.009743273245266961
0.008744299045338707
0.009363276990501648
0.007381166557692381
0.006723304883225086
0.008104761460366476
0.00746535396697932
0.00610333510366628
0.00629154144948916
0.007147738181134696
0.007382328863502853
0.007202529652040066
0.007027299993383545
0.007698889925913931
0.0076937014692939655
0.008146306040265864
0.007489692211689125
0.009126994017653975
0.008723418689619115
0.009647777326553362
0.009288436281670675
0.008318942129069138
0.00830367630198268
0.008451218952476755
0.007642362875819911
0.006472471587972125
0.006396268096446923
0.00729343783718531
0.00792663048944543
0.007111566820766496
0.006144318086308341
0.007170188915127167
0.006298798177912379
0.006218305862064651
0.006762185567991181
0.007079488021868312
0.006818024890788918
0.006161038230748689
0.007163871831237128
0.008052853962808807
0.007448192330033419
0.00753247131959447
0.006474579078382036
0.007292624873540532
0.007406869905696304
0.007198961672189214
0.0073769596861706695
0.005294819804291669
0.005796307442597411
0.0064721919695968225
0.007232613227673164
0.0065913669388721514
0.006439048854213577
0.005968327437205285
0.0067409573201439345
0.005400021841751621
0.00607842925206232
0.0069227409317475595
0.006463817736546618
0.006178712606120747
0.006097874717504793
0.007673838612701182
0.00630700414171972
0.005984964160020959
0.005346069082949283
0.005696163915261463
0.005675893283445564
0.006193896903163113
0.005803078155154642
0.004510515807925663
0.005790001965011776
0.006337704995978508
0.005482780203408019
0.006592825969855665
0.006638519247610543
0.006523081057260539
0.006313504728257338
0.006489522650713844
0.005717836197996346
0.005394797404016763
0.005897123261147911
0.005394747516941547
0.005835026973854692
0.005609750739920058
0.0045854616694915445
0.004156009619760147
0.004592843717097304
0.004707524046758085
0.004181230309537163
0.004845550871605618
0.004591451702250961
0.004471790556989155
0.005748909495685132
0.005855139995934118
0.006094666111580649
0.0056572967701672165
0.00675281884121024
0.005673996823994033
0.0061430876503776105
0.006184666805614076
0.006322655095333305
0.005310400828210906
0.006055387303208637
0.004744312350493684
0.0036879571122698275
0.003791394599374368
0.003644612164508487
0.00297964562661157
0.0028406246210962755
0.0017331797275608447
0.0042815984687567124
0.0036926175326882187
0.004243458375596851
0.003914892107655817
0.005622652130192839
0.005056468875800951
0.005618939620764886
0.006028458291057466
0.00568021896782872
0.00657829200066788
0.006618788875961674
0.00647870995527487
0.005215115764123446
0.004954555579607235
0.004675227670965722
0.00401533921468469
0.0034862212285574857
0.002838722569532752
0.0014388729206982
0.0004657175856058149
-3.855084333322727e-5
0.0006922385137711918
0.001320117846701534
0.0023509382890381293
0.00336063937715978
0.0029129191353743865
0.003613408023025963
0.005130074813016048
0.0056280354634730455
0.0050542124721103445
0.005891314547364314
0.0056660339226808736
0.005992601133649729
0.006005585923944184
0.005425442625934792
0.004790749009604551
0.003945465806443507
0.0028140754632518536
0.0013788004217935195
-7.674696403703606e-6
-0.001222456053905877
-0.003490953535843144
-0.0029417967141149894
-0.003561405205669457
-0.0012464859042170399
9.843351252102911e-5
0.0019368197570725232
0.0010615867672099206
0.002921018321748839
0.0038352460083422267
0.005270045635591859
0.004893005026294792
0.004942863195245633
0.004662337180950403
0.005894603068824509
0.0057633760135920534
0.004325500877580389
0.004629799269821265
0.0023562281533049375
0.001574588519122812
-0.000730468365268587
-0.0023810127322400794
-0.005749863587452068
-0.0069362673803658025
-0.008910980402942916
-0.008204952694196535
-0.00585445987423051
-0.003427405192831824
-0.0011666990497374461
4.828097028602388e-5
0.0022929182413049046
0.004641270301048445
0.004500352565032528
0.005228914380134972
0.004984179074915595
0.004963018084803243
0.005529480914627034
0.005296391483623863
0.004566882678605209
0.003844450318975442
0.0018306338296733378
0.0008798000523236578
-0.0022666313082377477
-0.007470671699980504
-0.010954686832966994
-0.01712978405285112
-0.018620488346870887
-0.017499955928683187
-0.010584670927962196
-0.007117077879403994
-0.001382875669543531
0.00018210703607595736
0.00254053760016087
0.0035462475832911604
0.004325596989203956
0.0051577515809275816
0.005326878117871436
0.005628764560134903
0.005897822541910557
0.004334254725432964
0.003969529948247334
0.0030912647205358847
0.0018545085276524653
6.787332495469109e-5
-0.004461074964273922
-0.009976737660679864
-0.02104123737124111
-0.029386106689536933
-0.04255815791174166
-0.02896488965555023
-0.020916035859456207
-0.00957248173638703
-0.003366297301213672
-0.001219951119381061
0.0029576313941235294
0.005158736607253235
0.005519232160639456
0.005963837268203516
0.006150052858680354
0.005741964724512279
0.005565282536980216
0.005235692642632505
0.005253051043329429
0.0034013153706303535
0.0027032122522947693
-0.0003092776391127039
-0.00414750417883067
-0.015418646334819918
-0.028952142043075627
-0.06559804469852026
-0.07526993274274621
-0.06333420683906818
-0.027888954462187393
-0.015508838854452263
-0.004036436796863088
0.0020204596576211477
0.0039631098353711865
0.004621857150615117
0.005589908485981567
0.006300446726954392
0.006282850934169664
0.006196061279628034
0.0067406935601117225
0.006195226557291623
0.005071484029484378
0.005500036756241057
0.0032404013837053387
0.001341548932204299
-0.004872594387161082
-0.01329709563613371
-0.04943939710757214
-0.09308114926491931
-0.24993156291389781
-0.08856977638241417
-0.04651720067220936
-0.012453838668450665
-0.00436861063261628
0.004289066803923732
0.005306631676903231
0.004921674158055805
0.006117510617934076
0.005750368105996037
0.006182255112536045
0.0069601494332350135
0.006026555783237423
0.005769138850553309
0.00687687971510303
0.006195534588718586
0.0047884417921740426
0.0031389750690689784
0.0022013651457821076
-0.01005395195516258
-0.020366463695495555
-0.19402323846013259
-0.9206600798658671
-0.18455499022226762
-0.018041923075386528
-0.009124174114794948
0.0035993280721233786
0.008260697648031336
0.008032214775259111
0.007566732711389145
0.005864469881643519
0.006624955065628902
0.005980971002903359
0.006476569563823496
0.006645171028648873
0.007015807155426389
0.006918778557436321
0.007585211886823733
0.006575245924983582
0.009107114748924797
0.009769856455178076
0.02312255137026982
0.030875847212009335
0.21911039684139483
-1.8840253453936082
0.2088337878012653
0.029002613695626747
0.022860902412701143
0.010362487892799036
0.011807179584362781
0.009950888531857828
0.008310600176704794
0.007770822427123557
0.006570726412739634
0.0067016759881504
0.007487735578525293
0.006871963616817841
0.007087143081406783
0.007234652402356202
0.007566192237986328
0.008677445115709644
0.010928090364286984
0.01732181210717845
0.02630599316859996
0.06173543729172714
0.10649422705440005
0.2771289503258765
0.10067764304913157
0.06075240024193068
0.025795142563018122
0.019256804882247895
0.004996877518775398
0.004275340674506115
0.006201666383979495
0.005711588400153254
0.005638363344449777
0.006219688015686593
0.006071968605383946
0.00607517611963335
0.0067499157910503975
0.007836954140096344
0.007685287098345454
0.007022193997265435
0.006799560832834054
0.006612341126294564
0.006059077778666379
0.005254729373751693
0.004491808794889105
0.0059360844079866205
0.00437664899586988
0.004281871932005899
0.004043811067646625
0.0044899256558405334
0.0048399790796349795
0.004842142878176235
0.004965490431742872
0.005352278563231065
0.005407406982283467
0.006406164449658261
0.006380009438442104
0.006667406954752206
0.007365700089663411
0.007078647022520352
0.007430058736722473
0.006894963949563135
0.006956886979686961
0.0067702922857746225
0.0061692557713517344
0.005942629290632857
0.004852468029456922
0.006063259023948897
0.004872177496754014
0.004605171516140763
0.004460437249230847
0.004987140347425843
0.004232653106950335
0.004980639926584423
0.0044925484171852905
0.004619648368314571
0.005734813348382931
0.006098199597787571
0.00644276218147849
0.006980323496058921
0.007371587693788661
0.008157294107360461
0.008839000662290158
0.008082160257266725
0.008026127961153456
0.007199342388072319
0.006763078943006896
0.00612290903638817
0.005031233524349397
0.0041312664214677546
0.004477245689106136
0.003679216201319449
0.004272863877933831
0.004947507450301126
0.004182459363094146
0.004111887234973399
0.003196930783615214
0.005845024902739363
0.006104265634040181
0.006622559354608723
0.006347654987349803
0.006755603807631369
0.007137984918619453
0.007745045057535818
0.008802948375932783
0.008686162983219042
0.008754946515207931
0.008316868679813622
0.0069680331130292416
0.006255705942020252
0.004157182776908029
0.004261427240165869
0.0033158513249826917
0.002859880004108119
0.0038649921717611416
0.0034921616657286794
0.002924868164776278
0.00402804606025857
0.004015878166499322
0.004651154175474561
0.005011954184000504
0.0067107292232275574
0.006427234975865899
0.00573068956659183
0.007116515965735002
0.00883106724459922
0.010253700552591423
0.009780165337670723
0.009964341876035527
0.008895922227482084
0.008457704156572217
0.0064535990278223295
0.005459989842929861
0.0033641676167040836
0.0020750349515077193
0.0016569054459498807
0.0023855091649874287
0.0017710764108743733
0.0022017409812952623
0.0028584636264069644
0.004652866508605479
0.005453930909183727
0.006288318671598927
0.007010769010132266
0.006598733492081488
0.007272843768725143
0.009070258237891109
0.009821574596789567
0.01088970597744809
0.011957158765876568
0.012446079344623402
0.011923939420524114
0.010951790222025935
0.00878585828304693
0.0027800935375241055
0.0012740850916854092
-0.00119000708498836
0.0005465640091834438
-0.0004196643599974566
0.0009863664112939158
-0.0007802685293555916
0.00236257499681476
0.002441166528236062
0.0045927876051337305
0.006040470212588873
0.007305006983430819
0.0071521395013556515
0.008094891865041198
0.009029697588895588
0.011487057185604069
0.013838071710114017
0.01575241556211675
0.01750793434739825
0.01603097696048235
0.015837801844427724
0.008951469288682252
0.0020322243628826545
-0.00681119161651697
-0.00510287150323043
-0.004367870694025681
-0.002401653693288439
-0.001099535593469573
-0.0007304622569123359
0.0011118609372534987
0.0033970486522953494
0.004123945181903897
0.00514214348464746
0.006749759137240522
0.007392317221368173
0.009049127408569405
0.010285974436507568
0.013273675321037265
0.015391322142652201
0.018707006803363752
0.022880307521095874
0.026798922527196137
0.02393972883555382
0.022414135564939475
-0.008760416220551584
-0.013433105903815398
-0.01614821613263535
-0.010770353168162964
-0.006732802072926382
-0.0023217326075121777
-0.002891640300259468
0.00038453766276364703
0.0027786411273232714
0.004273853962724853
0.005280190166240999
0.006272050672325462
0.00801943068937486
0.009888825856638387
0.012579776605045155
0.014747722468993437
0.018886991718969334
0.022772532148839904
0.03374983924371975
0.03920763318418514
0.059855174039352914
0.029670764648631498
-0.017633823206244074
-0.04698044360355942
-0.02872002020244086
-0.021826621385416304
-0.011955072047865747
-0.006470430447358326
-0.0047739793428726056
-0.0001442664901723656
0.0017167340983030598
0.004615630554106095
0.005746207825514792
0.006185429542133634
0.008415887844082188
0.011048367453001588
0.01176647921894888
0.016312848748371557
0.020568108201084696
0.029795158989142628
0.04219290587128445
0.07799500599330715
0.09935853946314856
0.19887551782113733
-0.18232610363805685
-0.08617926375613315
-0.06461843419034546
-0.029126340395421692
-0.0184875915063134
-0.00761688339848764
-0.004104931929416172
-0.00019602181128323636
0.002229701156299774
0.0034482440194932937
0.004574068745715964
0.0060191392515317145
0.007251011231678988
0.009565192151949647
0.012096283691742357
0.015829565951442436
0.022659255183223505
0.03078072423838136
0.055579553760636696
0.09032253190892123
0.2734513048454345
-1.8650779199399317
-0.9073369316782643
-0.2527205582366281
-0.07599073531672315
-0.04272018361396051
-0.01982510130632144
-0.009712348395333009
-0.004864737912578077
0.0004049524549741808
0.002500961277610187
0.0032829262292078405
0.005095739279803368
0.0058288373734730605
0.007580386382260818
0.009645079487374673
0.012045580407129504
0.015009115575827257
0.01953578834200118
0.03033076262195329
0.04266657687820097
0.08094526476649275
0.1085146350309054
0.21959092678423903
-0.20171847887014338
-0.09628092977587113
-0.06715102857577245
-0.029639612808330947
-0.017846752045301152
-0.009163195133049196
-0.0027869018564829567
0.0008353254154074962
0.0019535947916050037
0.003367736489476861
0.004022090686342454
0.006121060631803055
0.008307065956216482
0.008490746926285219
0.01089130347067578
0.013741773701355571
0.018490535450546932
0.024223188304511648
0.03381727103704325
0.04204244079430654
0.06218632095426068
0.031116705561381366
-0.02114310810576899
-0.05180135867459089
-0.030493404177276612
-0.022185131461580743
-0.010951361999171141
-0.006038188102933377
-0.001044907496180285
0.0027541972191174806
0.002459768937750882
0.004413595543108119
0.004930975283674433
0.005724685831863891
0.006955055983115452
0.008559546779058295
0.01128819512570267
0.011633887278450645
0.01578642023297136
0.01972665880061438
0.02304402878255484
0.029044185786666163
0.025368646622781734
0.02163996789805569
-0.011990181883864576
-0.014261705122511603
-0.01730584317060483
-0.010871899372930791
-0.007548720595802896
-0.002686437302677991
0.0010648705377583148
0.002849783662617973
0.003726455292729088
0.003992881963593714
0.004384065511735377
0.004787132598150065
0.006954929521796342
0.008661380930170739
0.008078782426205649
0.010881742844659682
0.013420250329199603
0.01399003426088937
0.017219550198597583
0.017550372658685708
0.017473940969442683
0.008829543559039268
0.0024148121482102675
-0.0060329288514213535
-0.0058052482540574
-0.005527314034236829
-0.002760124681599731
-0.001468017608907376
0.0020507594229139227
0.003100644726355471
0.003918861652025027
0.004737514520395939
0.005894745638239705
0.006184435423380067
0.0074812277218838956
0.007152565673155343
0.00828204345180795
0.01023358703968554
0.011137360856750964
0.011328240997151002
0.01173143722892623
0.013072006054420578
0.01108722375944898
0.009128865060813791
0.0032814836197202686
0.0012066562782973261
-0.001164761702885984
-0.0008217603477984982
-0.0005290350406650678
0.0002452421642105441
0.003007723499255576
0.003995274098764664
0.005550889438044362
0.005936034582932806
0.005773247603126682
0.005796640648335916
0.006145423567308277
0.00720436200246767
0.007636195723061507
0.009764270653481654
0.009265400990348631
0.009076479192394748
0.009609088484007919
0.010123333779341702
0.00989148701551093
0.006344331116136577
0.005494416051581315
0.0029185400226916314
0.0022695772089225043
0.0017171419570803659
0.0017792723967685038
0.0020161562456905827
0.0031276811067823727
0.0040036106308306675
0.004332909031327083
0.004999612626619082
0.005398143552392081
0.005931224188626397
0.006029749124196763
0.00731498616200026
0.007964405599619433
0.007163004022765561
0.008722596031312401
0.009050371461941509
0.008917835815727814
0.00930778775827467
0.007445256707199757
0.005750954007290252
0.004856286057068873
0.0039602516049955
0.004278957493816602
0.0025797876871471023
0.0031123442541959798
0.0031102019935528567
0.00354395921707427
0.003505807671411432
0.004488542001308488
0.004335280027405574
0.005207353882665606
0.005381376957753928
0.005989202453235463
0.006579102766952917
0.006936947630010012
0.00770292105205334
0.00786941869599461
0.007444322855374677
0.007928982995122624
0.006893565412308337
0.007628562996795092
0.006426976717726334
0.005792020655921764
0.004971463145257863
0.004316195998060437
0.00350572312786619
0.0032252004456138697
0.0032526699970889432
0.004903187611633872
0.00544960128405107
0.0052695737105072134
0.005101320453963953
0.00529512976470368
0.006980340881198445
0.006110382915663898
0.0070275044871238295
0.007369639354048403
0.007799620056717307
0.008190055265547672
0.00691473766215705
0.007473144706372971
0.006685985268303569
0.006977441878616141
0.006539424840519053
0.005436201160925207
0.00573587609715296
0.005049244221366687
0.003423020521179254
0.004144595532140945
0.003437715420916889
0.004391739665088997
0.005752449523148292
0.006155059326731371
0.006108732049064092
0.005550578673703151
0.0067961587135047
0.005940482951932705
0.006315596847931263
0.008312894636906763
0.007111839397758149
0.007428861083102612
0.0073328054689445555
0.006717215092114187
0.006769914190427938
0.0062213926774187375
0.0052145415726558295
0.00633922423481223
0.004737609697194552
0.005058419400165879
0.004593046026415841
0.004916576894387463
0.004232176578610133
0.00420003836854198
0.004229055986323281
0.005047281158431458
0.004199651292553722
0.004327138594117602
0.006677040630702271
0.006767221408857284
0.007090224600205127
0.007094738215826611
0.007208428313922298
0.0075174042917681705
0.007150369440848935
0.00701604857733831
0.0056919688922819275
0.005854055742361066
0.005413909962284512
0.004269175499396509
0.0047684093576441655
0.005223398394146051
0.0036773411845907474
0.005075347900931128
0.004703212547282227
-0.005345714791230806
0.004574910719832426
-0.00033839678653448883
-0.013654702590108356
-0.01565857965077059
-0.004351470761901592
0.001648153030204766
-0.007722305872428557
-0.005191591752678119
-0.00603601641632124
-0.0024799917989063594
-0.002964986222235423
-0.004375524235632438
-0.01697842443978726
-0.004451326637041709
0.004174968351497861
0.003775132520084547
-0.007694978663695774
0.009457862523924589
0.009624857319504276
0.006471695921764534
0.0019899593885323117
0.006617579314013473
0.005986242999022889
-0.00836635172873452
0.005267110429746072
-0.0031173853754859005
0.009757433795910346
0.006678337292542339
0.015561989606302472
-0.009683499193020457
0.001254801145402455
0.023305428479095593
0.008842264870265822
-0.006387972531827317
-0.009424821522968651
-0.01074733116568045
-0.014746657930127235
0.0037450580473522106
0.0010915839520973867
0.009189656811003248
-0.0014578145063768003
-0.01844947942641774
-0.002369791618474131
-0.0029241046785840902
-0.027056574131328143
-0.0029798615521716334
0.01490008525938376
0.007060446770790013
0.0046802714485311165
-0.0008595828529844463
-0.002197785329307837
0.011645096704655895
0.007902536531753945
0.004782303337048455
-0.010699577846348677
-0.01497894946610201
-0.02523532878951673
0.005455739094604839
-0.002386493420989094
-0.007322154967752314
0.021938455134921216
0.0008857358492562013
0.01411718095924437
-0.015621209682102337
-0.01141281486853583
0.007485305443429927
-0.017339829859567484
0.00494914637659534
0.008699509023147752
-0.006301246222400981
-0.003873932564442225
0.006014312627429526
0.00019746794376850936
0.004727278216561553
0.0008191407208424021
-0.0053522759074213395
-0.019639543150497516
-0.01139655288466072
-0.0025760727124744674
-0.00478625320163524
0.011370838578889595
0.005774908124484021
0.022844085420476813
-0.0014456684282933728
0.013174283598525778
-0.01239786904207109
0.0019960355613921807
0.008663752729076058
-0.0039061297665926196
-0.015206599618622809
-0.0018722786702698659
-0.005977744416926263
0.0006642676788583713
-0.004938225205596645
-0.0025468654679833202
0.006774443024619591
0.0004980858493476912
0.010137332979352058
0.007694726596960136
-0.0034577009293109023
0.008470411523544778
-0.0028241958150048495
-0.0139634313693959
0.0005554298960103992
0.005105168847432696
-0.001317202516219103
0.014999097543067422
0.007717226435580873
0.00432594386041612
-0.022024109223083028
0.007973077642337395
0.01279043283728777
0.02081342240037582
-0.0020440118849450882
0.01543491475874727
0.013512803144438142
0.012690392443691969
-0.004710536248455624
0.005858002234270451
-0.004029017601660488
1.196628743118473e-5
-0.004612933752425679
0.004644379880626983
0.00900740460759992
-0.002838306635220135
-0.005880249522362909
-0.003241075610511024
0.019892877325161866
0.01818288893243282
0.004536494494016079
-0.00893173774359301
-0.0002198732732979627
0.002018543158755148
0.013365383777714714
-0.008027357203629522
-0.017336623598216062
0.0029768520321624414
-0.008548379085302035
0.002465939377729592
-0.017176280496283426
0.013522982239284817
0.0008244521139421654
0.015823111634570088
-0.004372425189619369
3.1126203695376674e-5
0.0037369890134126378
0.006997477200130671
7.928341024959697e-5
0.017563213715212744
0.01140693095752271
-0.004421011721906905
-0.00116083902286011
-0.001052285814600927
0.006548197014642523
0.0017806194144072392
-0.00847505574841483
-0.007613483757884287
0.003803439615271146
3.969759099777892e-5
0.004284331917857673
0.00018080090847123623
0.004469393709289708
0.009683152748890889
0.0038806974995212965
0.020904701578402154
-0.008589779645153865
0.0025678642243525474
0.006651962914023342
0.004291879224134712
0.008797196216583956
0.005686480568852064
0.0037063209904086565
-0.008963012832946687
0.0061981979184479955
-0.0023009633319194187
0.008208279858169739
-0.005157989058928817
-0.009788820840344496
-0.009814243032710897
-0.008278037794422512
-0.00485679824001253
-0.01197069525132281
0.0030413338438693375
0.016068595730062217
0.02197203842865822
0.004320276185674571
0.005731070060483062
-0.006413185744525282
0.007897245369121729
0.009543428910832834
0.005550229866325367
-0.002035150445980596
0.02142924287923512
0.0003335020921813848
0.020736444412913186
-0.01095743017507996
-0.0013100718848715713
0.015728918102308507
-0.0033590335288122826
-0.0021453893393898428
0.004430277673080454
0.008517243048936442
-0.0009196506064865452
0.0010021804397647455
-0.001710536120873775
0.0025155272559765638
-0.012778646131221753
-0.005012480558574594
0.009801322818426375
-0.006765866329931968
-0.002748972561928687
0.023208032561264604
0.006379485279188543
-0.0007472449953401668
0.012388302789858453
-0.011535033213736959
-0.004978658656203322
-0.013013698665143333
0.010084174444999662
7.278521349113136e-5
0.004975733409076907
0.004556389284171515
-0.016454244777672003
0.009140564028808765
0.0027978420364715515
-0.005336548781936235
0.002366318709318837
0.011987954049557823
0.005027225959776483
0.0043061733857952065
-0.0074039338235397986
0.0046276207646588595
-0.0013572023800443814
0.0030877738839779085
-0.02295498000766348
-0.002101096960978729
0.005525938996339155
-0.0016038113330467058
-0.008379222073809261
-0.025087089876194662
-0.005590354985835143
0.005530730213985927
0.0034835305398299905
-0.002467614923598578
-0.006872135427501191
-0.007330855375393645
0.0011076620390292192
-0.009714326507003825
-0.011523595876375553
-0.010382747571026304
-0.011581487194341666
-0.007984452488091577
-0.010562768525932428
-0.006809457508881021
0.002933571261088002
0.007481367793083791
0.006538302026077808
0.006673535708787645
0.0005541348171052148
-0.012176719781535162
-0.01674748020239972
-0.020374701656175352
-0.014016930367185746
-0.0003589059802948892
0.0071938300330527324
0.02772546892092862
0.007629570519694161
-0.007805566280869802
-0.006240960744126193
0.02157979364092817
0.011057743839314895
-0.00023824958373673414
0.0024807838939807235
0.011522637407668283
-0.002460300835056283
0.003490854332393543
0.017774395543503737
0.00385633913871135
0.0018472390060666468
-0.001343620721322633
-0.009223032283359143
-0.014316558272506807
-0.0030794681486961757
0.0016085723293630463
0.022651819852406947
0.007963679158561443
0.007933994796038386
-0.004432895467519994
0.0021751947681071127
0.0002761381973318648
0.00034430366267367615
-0.004093414177961543
-0.00531365747231706
0.00021216380418588414
0.004745052554268628
0.004586149417129602
0.006250487350679415
-0.016501831517850587
-0.005020586300427832
0.012484631440367041
-0.0029790633220935165
-0.000228159884410775
0.002489684912375491
-0.010493138072542246
-0.024425545538787813
-0.013756749675281241
-0.002852400262592856
0.004384588643753583
-0.00041972413693896235
-0.008179369332737716
0.022526918438460393
-0.004078403487390068
0.0012001631581815553
0.005243326482334681
-0.002219178370136062
-0.003436999429548069
0.004781713958628634
-0.005137262672127571
0.006776171940444078
0.02156865934720504
0.004683212793252279
0.012741342122192958
-0.003012579987199509
-0.008138429752918851
-0.0031894487685870075
-0.0008601708001918381
0.02280284794831195
-0.010507153654280644
0.005231557679756841
-0.0006051852812901811
-0.0028279685023399246
-0.013085411260362431
-0.010905807114186764
0.005180325927079508
0.01150828302832796
-0.010717592734810568
-0.002418488949800837
0.009271974854337445
0.010677952029132066
0.003309728452910907
-0.019860632836145944
0.0016746374642180079
-0.009921915179805101
0.0003098692381066085
-0.00039563442101277733
-0.0065221371712621224
-0.02843757172433179
-0.008450335124753126
0.0003506333592442094
-0.0067530723855985155
0.006360914054924587
-0.012616779257235628
0.010247706042166255
-0.012792856873765218
-0.0013561313880441682
-0.0028328961755129654
-0.012346922488307667
-0.005761411785035691
-0.005124544295845865
0.001314620309357408
0.004121334578876164
0.004170751894028476
-0.0020695484988984348
0.002349907686495717
0.02908701276381233
0.013167778818010211
0.002086563788775959
0.0005412429273956954
-0.004265278796145194
0.022649566438822533
-0.0006306051853995657
0.007643313539032579
-0.005719756311216785
0.008687852687738801
-0.0019519403639715032
0.007868935674805393
0.001933832188560896
-0.013686642891386094
0.009564592336727863
-0.0052742719314812165
0.0045374541325873905
0.020188476084139824
-0.0003515414748001262
-0.0050313567968848765
0.018850935230404403
-0.0035566640623859616
0.000877967758016282
0.0017661957540667573
0.002799081472879531
-0.003010392122344635
-0.0006238241704276924
0.0013402771707291912
0.005387237166616341
0.007115440324272247
0.012253730205865277
0.010306100166899684
0.010635600087384029
-0.003811369115714562
0.0031540424638697266
-0.01112340560669423
-0.0008764027594102281
-0.020198708166521355
0.0010120994635043762
0.01044918617287016
-0.01285094860941413
-0.006634532177745804
-0.01598231600299516
-0.00892055161724127
-0.014926944830765333
-0.01615575570549541
0.011364348007822362
-0.010464303568154674
-0.018396650470874045
-0.0016990335913191234
0.012164587819373622
-0.0023198838627088493
0.010963750396678497
-0.02023920897324977
0.02407089277546752
0.0007104671742442727
-0.005521363465805606
-0.010298466743061247
-0.00571979550045853
0.0020603609524087545
0.00798964179398468
0.004588615726254354
0.013953813389278234
-0.002848999265550694
0.004344007260519264
-0.0019464031394626643
0.00026295660986811343
-0.00869961701698049
-0.0022509599436611512
-0.004840850096384854
0.024406451651288137
0.0068466641758130175
-0.018379119130884514
-0.010701831076936426
-0.009409642374772998
-0.0028326776070981916
-0.0013565268557198368
-7.201702837927404e-5
0.004730562256266865
-0.002195560655859345
0.006168264340313434
0.01244860741144256
-0.005230235477221001
0.0030332874658823483
0.004721974446035174
0.00018149603984572498
-0.00025346790735981755
0.007233496118213447
0.0033579387664218487
0.00032762764277142467
0.006192642769431549
-0.0002371441847581002
-0.0056503473760159215
-0.015264297970059987
-0.01590337010706571
-0.022761073028677827
0.016424475492059547
-0.004570870923733538
0.0014175460751579033
-0.001740529162487368
-0.011086096005614672
-0.0006810526062004125
-0.006943440192067711
-0.0033991574916605646
-0.0019833256664244484
-0.00369845348885697
-0.006889825471261286
-0.004388926391244571
-0.01111067546887631
0.02159275300884566
0.00955212843647001
-0.0009797364367796066
0.005454899806269805
0.0073786462354432925
-0.009802305357318053
-0.01506448777540892
-0.022454878983776592
0.009495370167419501
0.0005332789040611079
