0.006020508347270368
-0.00029717503133082785
0.0003120979164043286
0.011734229526362633
0.013519034137634622
0.014888086802897013
0.014208690313019922
0.013166904582143247
0.01423165132308887
0.016441819342680405
0.012611764446348784
0.028529161474622387
0.029500651227258964
0.022774693840863725
0.02056292003734234
0.020928001676297128
0.012167826703607785
0.010844424862558866
0.013469293565677224
0.0037840272940814572
-0.0007229343053659563
0.006792431551306551
0.009402999277860322
0.019961710355693735
0.011907760729467056
0.006292768980713376
0.016928483441006278
0.012522125567227468
0.008073838334848989
0.002757009214321272
0.01217461460060024
0.019796293193712844
0.019146679321222524
0.024836260373456265
0.021734025616455016
0.017400640101963127
0.008127460531851548
0.018911880781358466
0.015813888181733984
0.005083969527702378
0.006011643195516781
0.01019280586932767
0.01477440087767021
0.02051200408708276
0.016718164911210844
0.011741266691143495
0.00018118729501933033
0.008614369548106392
0.0006331995246351739
0.013999063557931476
0.013746863729768348
0.00953444767732232
0.022339635910745653
0.019016682810283514
0.02043976423508081
0.018468910199415784
0.00877783895672202
0.014939898042833097
0.015116667020603172
0.022110372178472084
0.0190744310792434
0.012099260151506717
0.008370089168154094
0.022325696804830056
0.010382319546624122
0.01987100235799248
0.004046781381775678
-8.111003078404688e-5
0.004209156521145242
0.0048362885004659545
0.0028236114264437477
0.0008402717548827447
0.008747190209216885
0.002809265141242006
0.008149231342987924
0.007561962235602272
0.02158417283844142
0.01631101719928115
0.026012790269670204
0.015667619336300568
0.02092210616965645
0.02067429527636365
0.018759019801917586
0.001214385439590184
0.005038545896824343
0.010047140309490861
0.012418818110812743
0.003515329548579043
-9.06832772147332e-6
0.0012358953313840219
0.004513887443285852
-0.00602822056583953
0.005282028246602544
0.009152787614422392
0.008657398191836163
0.015397295937975234
0.005682786435576024
0.016585418367196944
0.01663730865749928
0.01801929107571989
0.014605959943628417
0.020042436757251744
0.016503850839130446
0.025090019053098822
0.013957639173030403
-0.0009576075319311952
0.011137180854189174
0.0012536205006958713
0.006537192984288396
-0.004343083725660024
-0.006522336415069833
-0.005513232836497063
-0.007226216495019476
-0.01500185750740892
-0.00536673418255761
-0.00914366377145887
0.0038249684930955195
0.008537730306257327
0.014100290119498649
0.023337565519215616
0.023119722166661527
0.007971782590448591
0.012642436074122307
0.014455770924489061
0.02037561468830056
-0.001410121718516661
0.005886131007172207
-0.006534712086480925
-0.007253714760983661
-0.009981260737545143
-0.013590735296681908
-0.020631781465443963
-0.026697101128286525
-0.02125602937954755
-0.007182621604469748
-0.017341915797774686
-0.019050429294993194
-0.012702032566982137
-0.010121464291404484
-0.0008867091460608685
-0.0027876615171935986
0.004792120618231359
0.012958101661013828
0.004663785267885861
0.010716457749170988
0.008171014896746208
0.01888817474404448
0.012892439046291556
-0.0023078178941401167
0.00036280475771939893
-0.014123344566402334
-0.017681578470254082
-0.0357713445368209
-0.03665243225496387
-0.05585642414847955
-0.03415953313862645
-0.030761506960700884
-0.04464878079754152
-0.029535007491652013
-0.017561450821563816
-0.005312398344460855
0.0017958157225880628
0.008691999043214438
0.004527536059382894
0.004915229998026557
0.009466098073932887
0.016027055092532175
0.005171644395945502
0.019246370818734152
0.005904094768465498
-0.0023284826053956813
0.003968835126447648
-0.019460381695870575
-0.03843686016353786
-0.04884636414268827
-0.09176273050560685
-0.1013966631216335
-0.09168309783392428
-0.059260333105890295
-0.06422560874315386
-0.039609568584373915
-0.017702589191311027
-0.012126951772446801
-0.005025175131456784
0.006300686583835728
0.009817816788450145
0.007616550249853324
0.017772850526481736
0.010076574226947757
0.004904625967903124
-0.0017010630744411172
0.011768877364958883
-0.0011790397739397255
-0.0055354265567571816
-0.019907647887924942
-0.05112065557131694
-0.0733887202284401
-0.22345685406559201
-0.19437104469256009
-0.12634159417767538
-0.11707561783461616
-0.10435911673474994
-0.040076610915446516
-0.019969193806264184
-0.013817528068798162
-0.013517431038135408
0.0014872566185972912
0.00956932589760109
-0.0017857633736818265
0.008380817006071354
0.021768462391108537
0.016461870086062962
0.010026906203949446
0.011110613872579903
0.013406164241190238
-0.00876035510227543
-0.027978763605759956
-0.05878811486726879
-0.1925975997448718
-0.1338019828966274
-0.9174263242804446
-0.3920043895490315
-0.1561358706827225
-0.08317571279361269
-0.05469505078347264
-0.029333018640926092
-0.017758150991392465
-0.009076842355665382
-0.0016173106496243323
0.006932131154146602
0.009955961704082684
0.012814408862121771
0.013235350165985198
0.012998754035483784
0.014402032425994239
0.012811314112242133
0.002589905390512377
-0.004434457174320091
-0.030259304030906268
-0.046196817004142895
-0.11546681884949574
-0.7136091691343165
4.092589690391013
-0.5222043441533967
-0.2838958508927254
-0.08871228916101573
-0.03281606384724303
-0.027807958230155333
-0.021065408188355318
-0.006510353802645722
0.006005006166353129
0.003208493032738292
0.0021466074239186433
0.015464244459653569
0.024877064391885556
0.009489541717805746
0.012922936250607139
0.014775081717835375
0.0035478343212729095
-0.017146868826740286
-0.021230013088564956
-0.04348260155798694
-0.045307612727973415
-0.17643790133622972
-0.3998222695535739
-0.45217032138961005
-0.01483586501085178
-0.033636105075258105
-0.03840960360064773
-0.015263182330865892
-0.004823223291843435
-0.0013320524433177482
0.017496277312333868
0.017789659260197772
0.015354467715239403
0.008628931160148009
0.01634120754403011
0.013000352115174023
0.008740764086478565
0.01208948363358836
0.0029741804144019835
-0.005736478944152105
-0.01840404438844121
-0.017830580077542738
-0.06141881008391339
-0.07375108838137712
-0.21216864314211295
0.01552054698222724
-0.10750506234469422
-0.027290303708928435
-0.010257064083684042
-0.02053901447556011
0.005591588690437777
0.0047405501829929295
0.0019456544743995147
0.017132075224931174
0.010630197647895285
0.015983425111300225
0.020709348749454296
0.018296262394551684
0.01009001667909983
0.006880507954821676
0.006337581446199021
-0.001182302803830661
-0.002638361868571075
-0.024580737013015188
-0.02632482545882762
-0.05963935867591893
-0.0320144208938439
-0.061336115968036606
-0.03703355224246343
-0.014113313496703132
-0.006291411452641475
-0.0028681719717215445
0.010250095564556033
0.004627892409646621
0.0035698515461524164
0.018429515805700368
0.018701430684608847
0.02407696475464293
0.013483164978455482
0.02093913085343439
0.023960477691103634
0.018699290603090113
0.017266786572499488
0.0102533681968274
-0.0014405385032434047
-0.013841428335622689
-0.029270436720911373
-0.02648973773735242
-0.032129844994321914
-0.024804603175025773
-0.021634826305215127
-0.008012383856699464
0.00355563063301314
0.00923067540473917
0.009361229751889716
0.022830880353721692
0.007115332638294931
0.013913646808396768
0.01634715224161334
0.023086781594831067
0.006932165657200621
0.003559142948768364
0.012200522929626253
0.011664357047365384
0.009498718277943382
0.011880791557296341
0.003561344289481144
-0.0033858390049747947
-0.013917833817015363
-0.016794338106190944
-0.0056111564493834636
-0.01642687794634373
-0.008187679640942271
0.0012267426670312346
-0.006122326920119441
0.015358589924848204
0.00758083652575333
0.0007810597470578181
0.011690675824268184
0.010386670994551483
0.01700484801039045
0.014670409820528718
0.014450369364022941
0.013725257543104007
0.02223165990845449
0.01015820144502513
0.009810092677456484
0.0034385900449178863
0.0005190426845093062
0.006513215539367131
-0.0009275709397401435
-0.003193123666646032
-0.007478028726720945
-0.0037962058639413035
-0.013531260860474681
0.001306276652099756
0.011908291184266805
0.018793836914404196
0.006944254420777129
0.007349204715537879
0.010831441855120232
0.017942804688581292
0.008494646607515012
0.017944769951778485
0.012860670526444228
0.02459208700773468
0.02183998486839923
0.024201981578634724
0.017063830000085302
0.019769984335339608
0.013922763814044416
0.0057725581442751635
0.0027181320069941495
0.0007344815340309013
0.0036235999856892315
0.0007166180655299084
-0.0032923369605361024
-0.003295548772138798
0.013099976859250087
0.012864350721025862
0.009377749634867927
0.009859293590344492
0.016289085908660017
0.018989762949112518
0.02604736146894053
0.017827599671659027
0.013349724133693876
0.01569170781136015
0.010337695693112613
0.021244675255030265
0.013773678538443013
0.010568309067007316
0.020981947076162754
0.011421555483590272
0.011893413646676794
0.014304485472041946
0.008223528466168828
-0.0043504162544476255
0.005295580920843462
0.01267366439811679
0.02095147384156311
0.022716760451237994
0.014545365850993593
0.01599466649149715
0.02574835775389199
0.01633045478043421
0.013159575505518571
0.012471905131379744
0.018149344181341544
0.01548857586977145
0.02242724007037848
0.028677066085622076
0.02197430279475155
0.016398246986151537
0.01062685438301629
0.015819168765274897
0.020956857219501444
0.006533188214341143
0.002953864077866864
-0.0006840191261082392
0.006864813848644551
0.022980174653320407
0.014630740258088843
0.021328944771534502
0.019128779194574598
0.014000217287419282
0.01456774385789834
0.014819618217346299
0.009470517544997621
0.007193709078095673
0.024461384184602312
0.0184247340088353
0.022296021967935675
0.02097380507407883
0.015097547898264889
0.014979765858472965
0.014543011820332071
0.014321863874425177
0.011764861369058077
0.0033619794383631836
0.01307171426225863
0.016370566892657284
0.025500260069975515
0.011521924999660494
0.006275111494955366
0.01855230561347634
0.012418443951601636
0.014476765435180675
0.026332569536956854
0.022977770461465735
0.012138747499497855
0.018641035833100127
0.027098503847009937
0.012326212735408917
0.008911214438791082
0.02015311798759326
0.01954174467432132
0.010933606357270344
0.023066111653937005
0.013730628700178125
0.0151640296227498
0.008903232328774038
0.012845340579729326
0.014846047880947257
0.009510145220481611
-0.02459701757069923
-0.023735688485912988
-0.0191372822552901
-0.01645986982938172
-0.013419096404037193
-0.01339637023753034
-0.010786788686160445
-0.010336280475005257
-0.009142335671701557
-0.008728884886261038
-0.00845649618454236
-0.0077078416028731585
-0.00922280980756829
-0.010109517494726813
-0.011045166595576382
-0.01193390322533087
-0.013038846423292949
-0.016276165024922892
-0.018501689437903226
-0.024094407774866097
-0.02388459996714174
-0.027200252883019263
-0.020444831904353217
-0.018849437790040325
-0.016726234017553198
-0.013698046088729017
-0.012420856399206355
-0.011758329118981644
-0.01134382398863092
-0.010035143397462771
-0.008586428137333834
-0.008592551391569076
-0.008720857653007875
-0.007692428024485462
-0.00894285180546365
-0.00930852122319492
-0.010418060982635789
-0.011000242593639842
-0.012459248531999543
-0.014447731564554398
-0.01666962492405694
-0.018356179432066154
-0.020292061193630227
-0.01976971542094258
-0.0160503049178229
-0.01537690655163335
-0.013489298182141462
-0.013002893741464
-0.011060036335080167
-0.009282102695098415
-0.010207759095816378
-0.009976808287763152
-0.009319238010175743
-0.008427359986416564
-0.008612496474434994
-0.008709134476655458
-0.009164826004234594
-0.009299156259737595
-0.009697296521386773
-0.010546092477858959
-0.01165782723265867
-0.013768597878353125
-0.014915359676318124
-0.01590635434341456
-0.01562846853473043
-0.015889422472448293
-0.013935496487522896
-0.01245563494931174
-0.011558283600007737
-0.011416823524001715
-0.009974548774701804
-0.009529030796161795
-0.009285570462815996
-0.009008106246442096
-0.007745229268424647
-0.007307335737255908
-0.008578776950855405
-0.0074451394642208605
-0.008464551522372354
-0.007693834715644955
-0.009786375429225402
-0.009946892551066977
-0.010205149147623539
-0.011833418462968938
-0.012378308278361304
-0.012981747416299986
-0.013579986007071656
-0.013304106788832837
-0.009565674383656426
-0.009432216554926818
-0.009489609346375855
-0.009843581951970255
-0.008278414914684588
-0.008010087280138262
-0.008965599082825378
-0.008568952280475465
-0.006750440366625317
-0.0073110009869412395
-0.007509253737805687
-0.007992185918066847
-0.007543303838510288
-0.00842144199374375
-0.007813566246830796
-0.008914408700710327
-0.008285350068744389
-0.010301411186796686
-0.009369489436495437
-0.010896564965359469
-0.011145300045961532
-0.011152319775590133
-0.007196088847297502
-0.007984243493720618
-0.007732526620647387
-0.00808217240414048
-0.007337569910932347
-0.0063660698162650246
-0.00796761447628795
-0.007046100289418724
-0.006843401532762343
-0.008208253101933257
-0.005714652924626015
-0.006452275193691323
-0.006535366113301251
-0.008370846646614983
-0.007916687501636627
-0.0066523682113717895
-0.007898200984165929
-0.007908420139105036
-0.008221201653299343
-0.00871590770654269
-0.0083441897399355
-0.008102551271239523
-0.005390155747732544
-0.0062650468816370245
-0.006343867943845121
-0.007450131225623175
-0.005794698763699335
-0.005902480213059678
-0.006295444978181507
-0.006618720575384256
-0.006243325763287347
-0.007967344951804114
-0.006947579755423461
-0.006829594626432304
-0.0066411618485080065
-0.007029106130116839
-0.007447037045105619
-0.005814349302280953
-0.005963678758962579
-0.005498215925147832
-0.005675549861234269
-0.007028891454524245
-0.005929365770482968
-0.005970543255645025
-0.0030898894770115
-0.00334713925712683
-0.004024917724308747
-0.004869647014580823
-0.004982965974433437
-0.004214428528077363
-0.0048514821856396025
-0.005649313937817803
-0.005441880151286703
-0.00591517889057567
-0.006184023909256072
-0.0062759858301246
-0.0068685403322344876
-0.005840640552075343
-0.005994819251921016
-0.004951711027778626
-0.0060400240383440724
-0.004384236865599874
-0.004968182386476777
-0.0051166002021428925
-0.004608912824191866
-0.003155633384866762
-0.00010392078935209096
-0.0014888937982868158
-0.0022558094194201944
-0.0030399024972855484
-0.00455924479273917
-0.004297665199097316
-0.004940504247267406
-0.006114585469842467
-0.005916877657639535
-0.006110051866678705
-0.006036397463882392
-0.0048331396023365315
-0.005269832599281441
-0.004958646385125889
-0.005022356302414651
-0.00475827123127467
-0.004817086997778864
-0.004144409506987133
-0.0023436558542686593
-0.0026183338579350434
-0.0018123112192248718
-0.0006167666113558058
0.0013288146205382475
0.0008628053126388229
-0.000669590285839913
-0.00132812574410088
-0.0029709387396881985
-0.0032299715030787066
-0.003597100167065546
-0.004990278305608194
-0.006460748401210047
-0.00526889577084811
-0.005214754172970098
-0.006257216051138524
-0.005542912889398273
-0.0048896060803902824
-0.0046331376564219436
-0.0037800566082582805
-0.002987134371540935
-0.0012637340658669019
-0.0012846373345995823
0.00038047306223908995
0.0007658207204720108
0.0017288835889854401
0.005944804192723192
0.0033594440325295807
0.002665849300591993
-0.00020994348603244284
-0.0011359080581596005
-0.003097138337993845
-0.003294375222302595
-0.004350740463807214
-0.005081224043138879
-0.005050412137706568
-0.005716649950255998
-0.0061551577827811755
-0.005507876787323031
-0.004659475406877246
-0.0034375683576915094
-0.0032964263108666045
-0.0013453330972337833
1.1305513181465422e-5
0.0016410455605801728
0.003609481626706252
0.005304991236441791
0.005291249512956766
0.010933518470155525
0.009738427576418834
0.004960267513521323
0.003104256265827162
0.0002600371658028738
-0.0020551995567040845
-0.0034623899550134977
-0.004570787300343695
-0.004967585362442033
-0.005375080200487592
-0.0047566426255775006
-0.004862867189501473
-0.0044303975253966905
-0.004236334393312473
-0.0037502433892565006
-0.001774380147479441
-0.00015706510790573585
0.0034187970936361187
0.004841599947907962
0.009822326482600403
0.010549931492192022
0.013453845008842603
0.022217327343838026
0.014164816766420908
0.012000234686857344
0.00467074315041957
0.0020714524879927865
-0.0011384229743091195
-0.002838868902425202
-0.004710294207441402
-0.004195215606002307
-0.005024091360489287
-0.0042593067495312106
-0.004014722194101356
-0.004660081034478572
-0.004498460299400664
-0.0036828786692452336
-0.001776067586318848
0.0020062052479669873
0.004545471709607554
0.010519730828665853
0.01426410984772729
0.023049742691591022
0.022416181279638507
0.03397422764549804
0.026739805364169596
0.012851900654661595
0.00680678611752933
0.0015646689157526085
-0.0014612768943516254
-0.0030761555284803234
-0.0036783824104877835
-0.004486867127034346
-0.005202142966381823
-0.00523328121090114
-0.005346269911115247
-0.005233021951116714
-0.003761248555783087
-0.0035385235104335878
-0.0019962165713953584
0.0008003752745632161
0.00765339161395354
0.013075361041455931
0.02605289862439725
0.03576389317600704
0.05176880024382359
0.07571696899045796
0.03269545701713134
0.02024799497200274
0.006452757446983237
0.003388965047585994
-0.0010622528161617368
-0.002242206501894864
-0.004892514805102409
-0.004814551053677976
-0.005717375818847201
-0.005011800973591877
-0.00613895877193448
-0.004781565023768997
-0.0053444639792434275
-0.004247280738517869
-0.0024888858811773335
0.0029668397139689722
0.006545463785411407
0.01985604397552192
0.03326853722261525
0.07919997958366558
0.08636360013229853
0.09525025087908222
0.054427108680350354
0.01366039371650794
0.007097422540485739
-0.001084464077588129
-0.002371806389271184
-0.0045549688541161116
-0.005598933266217567
-0.0066940499400696026
-0.0059862061440998275
-0.006674522069170283
-0.0061097848906744535
-0.005916377779087811
-0.004836084268566912
-0.005676138678552773
-0.0031943635614697977
-0.0014582091119293803
0.007199577818741773
0.014587457586755871
0.056446545810368634
0.1009627835884359
0.2770850920799705
0.19507214139919057
0.01715772915749558
0.010806372229411715
-0.004055931494110316
-0.0030997712821651626
-0.0062798482496781985
-0.005902181621013033
-0.007208895582560429
-0.0074987253008754915
-0.006965687055670379
-0.007227578608843204
-0.006705467037230428
-0.006563482961167593
-0.006560676745445392
-0.00669420288406047
-0.006453988515975159
-0.004121465752648926
-0.004238143580589513
0.011430173382153576
0.019676001442828706
0.20851870585677668
1.2387185854176255
-0.21172984405818338
-0.031023920869233806
-0.02532273778218487
-0.010918800906357948
-0.010050404339534259
-0.007861358822742177
-0.008157605217676587
-0.007425317296143083
-0.007958269706234715
-0.006941916727316701
-0.007367656743144518
-0.007473176982488087
-0.007320229218345171
-0.007303248516183192
-0.008589796267683721
-0.008007427861501144
-0.009931661281369464
-0.01046125384777458
-0.026602251997029078
-0.032618372473081914
-0.2233402297848406
2.2178165636336256
-0.1121417777252256
-0.06744025505489172
-0.028408156599057564
-0.021489217478484687
-0.0124148791677089
-0.011900880913513058
-0.009929189247611006
-0.010176509253069958
-0.008045032431130241
-0.008646090129875501
-0.00852207399278017
-0.008211987692015334
-0.007592023740352751
-0.009434487538289339
-0.009582887271701814
-0.010771884674249037
-0.012791251519344751
-0.02036243387251919
-0.02963251741399342
-0.07045742608348321
-0.11517148215524112
-0.2946653392709931
-0.08887314471684175
-0.04597407233111973
-0.03314126686376349
-0.02008417404370203
-0.015426035186280006
-0.011956164362367117
-0.011896021409998769
-0.010456002537577138
-0.00952694035125834
-0.00924628901991805
-0.00960999704261069
-0.008963517575165485
-0.010195596935589179
-0.010496281258249557
-0.011225415396625544
-0.011573517073744414
-0.015326182778804617
-0.02010871772420182
-0.034580575947573404
-0.047500448504048866
-0.09061801331280497
-0.10054436739163226
-0.04864071931184148
-0.040339028349552844
-0.027430377424630028
-0.021872230832001145
-0.015327040108671251
-0.014033136659115058
-0.010674514219111862
-0.011292212598032984
-0.009582317318763911
-0.008897732037072666
-0.009146670120368131
-0.00783753750684378
-0.010839945971335809
-0.010613998343123997
-0.011355639157683485
-0.013474419148008818
-0.016148838169722953
-0.022349566759021135
-0.026545843185357236
-0.04067825013090637
-0.0490388982506207
-0.0653275706319462
-0.03754410322928986
-0.028308174195283857
-0.02425728946122414
-0.01914854004817019
-0.015155186036569237
-0.012406320815054163
-0.011840054104307697
-0.011744771230798623
-0.009661349760856778
-0.009043567545526411
-0.008696044269938186
-0.007817584781536473
-0.009864244588641005
-0.010023027870266436
-0.011905133016195226
-0.012572238226882306
-0.014920918797059063
-0.018008520054440057
-0.024795990998670636
-0.028593423830927684
-0.03717618205859305
-0.03645020264535749
0.007416321234874368
0.007429511174237297
0.009030142166055995
0.01134608329755407
0.01204467314349452
0.01311820377441457
0.014132348472896135
0.014893588304163322
0.014941261700148267
0.016247031977982763
0.013019037135311266
0.011370965834630218
0.004012672919862383
0.0024063822223455273
-0.0024498546167404634
-0.0005896816553802832
-0.001353528750325565
0.000366079675108429
0.002006326845066343
0.0032534994598503878
0.0036679221055898282
0.005854205500642297
0.006231259327606913
0.008869995417799252
0.009691408896739532
0.010772302325656055
0.01260795703154625
0.015328568467071424
0.017135282853906305
0.018056920333863677
0.02132435687518724
0.020581846138968726
0.021160266478601284
0.010700276363906323
0.004000971790787557
-0.006919088889865816
-0.006143004546538467
-0.007972699516997476
-0.003908460428367046
-0.002158938085792595
0.0008415277726195997
0.0011710797745299888
0.0035534768914939636
0.004611792886051902
0.005703214323948723
0.008439516496771741
0.009531291961148184
0.012444640361110345
0.01319650137733869
0.016769276674806738
0.019270186951244574
0.02545438742889915
0.0270221041398448
0.034219129824880984
0.029374209018449112
0.026215400796776072
-0.012156104554741858
-0.014878106578244444
-0.020451544234709677
-0.014129682760522322
-0.01160981106644217
-0.005280530914590113
-0.002494020336676472
0.0009847067550847167
0.00217085769210111
0.005004342341812995
0.006097930216025101
0.008461403961815937
0.010505635735570612
0.012652720309594714
0.015765039999044023
0.019061426700996573
0.02514684492073124
0.029257533824644306
0.04147450369040531
0.04614472499218276
0.06873315870211011
0.031327961467089036
-0.01779263404424841
-0.054949855198155914
-0.03192043086860206
-0.02633548372444673
-0.013839745138943446
-0.008877674203632106
-0.0031003426020148684
-0.00036811176657457754
0.0021406883148330767
0.004280036433580106
0.0055867542659212635
0.007933693710060665
0.010849388704364043
0.01368148661357867
0.01608452620185494
0.020740164716134966
0.024969450504516537
0.03624101968558815
0.05025070343053998
0.09050179809397789
0.11116347895152191
0.21840466345799545
-0.19819465856399365
-0.09933640421434778
-0.07575236074135067
-0.034448712469488954
-0.02193142369890112
-0.010625536905742245
-0.00674534073971321
-0.0012439122723976181
0.0007602358135790166
0.003373562897035865
0.006768100585871253
0.008821289315235669
0.011009051097001708
0.013357943806651253
0.015666442038089822
0.020403834347849405
0.027807459841929533
0.03714140293038153
0.066788752212335
0.10176709906114244
0.29650053406060267
-2.1221141368841883
-1.1567042984028206
-0.2736102319536401
-0.08536575180516574
-0.050259181430525324
-0.022682106602665876
-0.014754823182434531
-0.006081395854600271
-0.0013912246243754246
0.0010772149132342583
0.003842535249160242
0.005241906081520484
0.008266386136001763
0.010681250851497803
0.012814492038104995
0.014651922551126987
0.019002415689885543
0.02452811029601085
0.036965533754627425
0.04880753366421462
0.08995549061090355
0.11211966554291082
0.22135794150481705
-0.19773507694700818
-0.09996044885768156
-0.07446756931798879
-0.03433284656954273
-0.02215805482318112
-0.01087725278476707
-0.006026806272553535
-0.0009868865086585697
0.0014057915331577783
0.0047302163966597924
0.005947343674039415
0.007814671939956582
0.010506608174473216
0.011154050521169289
0.014081508275031537
0.01712299153501919
0.022475664049995642
0.028412413839596373
0.04062035942594284
0.0468205630346988
0.06826421554545163
0.031247021865997815
-0.018554717898795436
-0.05284696479910175
-0.032232752773160456
-0.02710132303532614
-0.013868794801609163
-0.008884714941145773
-0.0035883816455942372
-0.0010772853995884043
0.0026350646773938453
0.004804544361477247
0.005439004313487769
0.008279443837632882
0.008980117932271079
0.010795840145576097
0.012787226289293647
0.01708664772168046
0.018700938547673737
0.023372654228355313
0.02575303700423657
0.032716098942339567
0.02762204447705339
0.024830125654767807
-0.011952788014159747
-0.015329919912660197
-0.018878708341058315
-0.012699752599367894
-0.009487641627843163
-0.0044331433855561275
-0.0021605301682268503
0.0009757964751427537
0.002084410015547724
0.004429314516693783
0.006764485018107102
0.007955954089233636
0.008884235798721472
0.011334240425594293
0.013320339549871607
0.014054558075783737
0.016839743186471072
0.018174873340784593
0.02115689237421402
0.01846881466566911
0.02079014402470885
0.010151977733048347
0.004330257191355301
-0.006616180191242918
-0.006652046321483096
-0.008011397612083837
-0.004479855508872318
-0.002756723982323684
0.000603039258862687
0.001699432084474014
0.0033048325602799008
0.005475979214769439
0.007195267813761754
0.008544054242110305
0.008387408352603461
0.010409347369127946
0.011075977849186888
0.012285841895603373
0.012684169797752767
0.016191842309692173
0.01618688941234742
0.015600567500473918
0.011824913418497571
0.010430221181552056
0.0038867095602743754
0.0013849760237504428
-0.0031443088392852513
-0.0016426419459844297
-0.002662047129906809
-0.0001494773893884127
0.0015228733173618457
0.003232819288721894
0.003908678403814679
0.005336458261167533
0.006684650034008864
0.008010762477238685
0.008834880919518787
0.00899433652565587
0.011323664941951946
0.011279747016325135
0.011832270221864094
0.012650239395908053
0.012830600640624431
0.011413730058322262
0.011124487573647906
0.008349566130315633
0.006172836453288644
0.002125288576998245
0.001830225055255241
0.0012097328397528556
0.001218492245401676
0.002692270813337617
0.002777878905045968
0.0035804516774994802
0.004937588059041533
0.005730447646644875
0.006778238730809533
0.008140211289011056
0.00820237579375981
0.008708735491414134
0.009430622844448533
0.011178611464544968
0.011315026625979472
0.011264503958382526
0.011200739128578458
0.010103848387478449
0.008423842992858591
0.007915505256320515
0.006257286683870743
0.0058980887841066105
0.003067307806185917
0.0034097214479491575
0.0025544521605209256
0.004016469739797386
0.00397827070769436
0.0040941473976119636
0.004680731806493765
0.006226525238470435
0.007625586473030882
0.007700544634950151
0.007119499142429455
0.008812616298456333
0.009274981363265754
0.009581941854489993
0.009474011722542511
0.009117867554302399
0.0103085058786388
0.00904185793715415
0.0077001963080344715
0.007090660123873277
0.006377016408770894
0.004868590834184818
0.004413909710417653
0.003698595071172276
0.00397205380214824
0.0046860822280008875
0.005528508085471098
0.003529070152223824
0.005298502371497093
0.005903408299589735
0.006881420894039344
0.00811844199522009
0.007906257424147863
0.008085947408716092
0.0084226220116956
0.008383288046588548
0.009504672100602189
0.009633732644877803
0.008769183742270339
0.009107583752579041
0.007198665125038432
0.007105765967838075
0.006800752817441048
0.0061081231157074575
0.005723886064161954
0.004458428244715131
0.00393070515342686
0.004699777710253368
0.006301993138082991
0.004564780032009261
0.005743475218152645
0.00724423804097377
0.00670921814542528
0.008386484830087651
0.007991728751736206
0.009168288616489918
0.009188013181721914
0.008037246278258303
0.008328666394630136
0.008492930442967164
0.008524703795845114
0.007373402199049343
0.006900303347988322
0.006440903887938545
0.006328467158868521
0.005873642261688829
0.005749751370503584
0.005391449149756925
0.005624691456533016
0.005547186344863257
0.005680418585889096
0.005830625132125502
0.006775571018091456
0.00770992486408175
0.006966571953489657
0.0073798983423948045
0.006579287960679448
0.007114430168795831
0.007844479668342482
0.00873544196885687
0.008138888761047765
0.008339626582456065
0.007744362591342466
0.006767352871597541
0.007501420429891621
0.007881634509934704
0.006805009550901425
0.0054528183425599595
0.005080427001629655
0.005941929088892424
0.005652358803726267
0.005557025332727233
0.005192663098353368
0.005232617749878327
0.005885049681725822
0.0075743748001702105
0.006885215877898377
0.007422727062794017
0.00760155555872652
0.007315585755495971
0.007610739738820141
0.00888524222121132
0.010065370173320941
0.00920919334285586
0.00931913668691774
0.00785485796106721
0.007878150263135767
0.007575128358660456
0.007886519193718279
0.006250938802824299
0.005630007315687504
0.005055825338189018
0.005328795056480017
0.005002997565526378
0.0055756527808660875
0.005166539448071683
0.0050824989890615
0.00611904446677547
0.0074258895719467154
0.006164169914797747
0.00652214638824282
0.007633399187658605
0.009045218650016517
0.009011132987149138
0.009208308893849906
0.009781593338223059
0.008944787328497683
0.008357655943684077
0.007585019934266776
0.007347692452715153
0.006354722294033269
0.005074925087163454
0.004573682718108107
0.005338753075113131
0.005267512881506995
0.004834970076718137
0.005099078625504878
0.0051939606483488365
0.005732666470548209
0.006165470860443128
0.0065342858921160485
0.006978882523705686
0.007683517457415849
0.007677154756766436
0.008918032145796959
0.009381056913823288
0.00944231484219609
0.009963088532307365
0.010053778564475792
0.00952429362704139
0.008731167630861077
0.006871016926184495
0.0071851348975781725
0.006371627841200992
0.0050245272984909065
0.00439006225069261
0.00392148779704238
0.0041422399768106
0.0047795355687771475
0.005492621866698439
0.005612894604160499
0.005528037238209166
0.006492465219998213
0.006785572625403835
0.008549284359404235
0.009278706646367626
0.009134290676309676
0.011276096519857809
0.011123330323321351
0.011394733619781345
0.01160826858185946
0.010834184577054649
0.009199604311350806
0.00805336030778651
0.005882996358649087
0.004241804421394216
0.003090729871961153
0.00271639150056145
0.003317489537934707
0.004207948069574488
0.0042173933549407485
0.00416477271309729
0.004247356086910803
0.006536218146305087
0.007206404696734043
0.006978949243634275
0.008512131982742513
0.008954483905890055
0.010322439983464719
0.012396775870615303
0.013168811293987786
0.011900745841069019
0.013601333691451807
0.013132142462241134
0.011660170456371393
0.008407710383883514
0.006504550939085198
0.0032690019509754114
0.0015545700284676528
0.00079127947847757
0.0012286998016758895
0.0014564273857286534
0.003204095960895802
0.004359426993353271
0.004373108088148259
0.005537221681896743
