-0.000586430629511527
-0.004414608282384361
0.005594818946855466
0.005061120623436274
0.006301472390148292
0.006754478753477928
0.008857408354080852
0.010111166949822779
0.01127202079195231
0.011047049252907759
0.011579715522314793
0.011555364680923361
0.010477198951584284
0.009987253255500338
0.010045589414663915
0.008760063719336054
0.008219383539074691
0.008581693272819203
0.00909850910612072
0.008046836433810057
0.008173615583002175
0.007592081145978374
0.006757867005389762
0.006136341470254538
0.008091567346125709
0.00668153045376553
0.0066212485650400926
0.007527272767765342
0.0076511283306044415
0.00906029471208911
0.009788949960162878
0.01042417622787418
0.009214365347337241
0.00954741963708105
0.008336690658296363
0.009187606792641944
0.009121321748052297
0.007424629539661589
0.008228094435620779
0.00711645681801611
0.007011077333964456
0.008400120170067254
0.007392795198714983
0.006766328064781346
0.007285158432428396
0.0073992493789148935
0.007042757030176871
0.007494415207699636
0.008027629044999662
0.007176024779346014
0.0061706512339140904
0.007225262571404989
0.008237824404697844
0.007714721592624923
0.00851481268624675
0.008872341734483487
0.008427794870200463
0.009119314871412284
0.007758030191506711
0.0073144631801298435
0.007144295484959562
0.007340622075705438
0.007526200753753938
0.007775290395680762
0.006961885856778443
0.006759035616107423
0.007902104518543198
0.007290969409697189
0.006653438977085998
0.007867854199722447
0.007141632657170758
0.00675340105985601
0.00663403249840639
0.007264206510838036
0.008707648694514746
0.008138001695657461
0.008770454115487325
0.008982927698125817
0.00699596877009459
0.008032543348613011
0.008127335653392192
0.007770990481451759
0.006943055908503884
0.006933275352817187
0.007404931003075727
0.007473230144739896
0.005935940418838004
0.007201206612229699
0.007436871062434281
0.006979047345922046
0.006068174973417116
0.008132999518485912
0.00823084504830425
0.007673602113145922
0.008573871233839778
0.008288432832978865
0.008038463112266487
0.007638404247896175
0.006911624532930263
0.007837981383894048
0.008148706442572094
0.0083159014345531
0.008716271064588374
0.006868742962908042
0.007542632285880117
0.00687755980431056
0.007434618796799177
0.006065419726466439
0.005465655587250562
0.006829763031025626
0.007440158360682943
0.006474811590557943
0.007505065300570522
0.008446426548938414
0.00778113479273078
0.006733861155610423
0.0072994844176899
0.008162331543802404
0.008627176969132616
0.00821870980333533
0.007401304978250885
0.00822297560805015
0.00765142203823748
0.007990037219176587
0.00873360210329305
0.007193217142646663
0.007543091641058692
0.007840902057345937
0.007834355673950712
0.006127015584346914
0.006126941936105456
0.005470270380927414
0.006246007099329919
0.0061868751486605575
0.007201946058377738
0.007340362472539837
0.007754178769480346
0.007288930334730104
0.008548741891695542
0.008902102740942976
0.00923229804002942
0.00862617193749711
0.006664789716202633
0.007562325278799354
0.00778893550861087
0.008071930957115812
0.008511260740440996
0.007874370085846334
0.007701862389099808
0.007653816000596741
0.008045250683947278
0.007284131116990761
0.00726551851790694
0.006436728527123998
0.00678977958364694
0.00732923435622788
0.00701251283071421
0.006339316811087481
0.006920269270353891
0.006941905748500921
0.007507695915468507
0.007521990534577606
0.007774931364780048
0.009333441080645334
0.008676170053645004
0.008722903779184252
0.008916108509775615
0.009063029186786841
0.007649286988495222
0.00787578360000796
0.007980353737675657
0.007593806845703889
0.007004508605789022
0.006785145172095647
0.005857522317864454
0.005908452458151872
0.007392975695966129
0.0077054662379092975
0.006615920147423332
0.007101111798732223
0.0069644152394599205
0.008557614803959772
0.008040098499134575
0.008392934925424195
0.009884978673253655
0.009560666464108988
0.010202676798436117
0.008551907289845628
0.007948935053068963
0.008531644058624815
0.008447039789259422
0.008204246857581724
0.007945194812377864
0.007776428087004628
0.0070242960990303804
0.007008912300687511
0.0067480563551078065
0.00662777746047081
0.007244701759737956
0.006519253821281747
0.005832714348956224
0.006291126288976165
0.007031756029764558
0.008227789854935264
0.008905732202850574
0.00929637190158449
0.009200165895816589
0.009771657268956874
0.011084398423370476
0.010107423889116255
0.008386397314262441
0.008809730462793375
0.00937681925541839
0.009133649979672157
0.00911488697121265
0.008758723089300306
0.0071795601179235075
0.006220626148424606
0.007555353601445861
0.00720935298750502
0.005256170137702956
0.005175419130249072
0.005730890934535931
0.005566306449187591
0.007128640458481434
0.006376781047968565
0.00909453644105253
0.01063464751742775
0.011959347903081277
0.011139051321512099
0.010985381486027582
0.011773360214044211
0.011560840801080448
0.01027839881352
0.0100447913836064
0.009570057591796742
0.008572267912757598
0.0086274123591898
0.00767747986485537
0.00664052418795712
0.006835825654202643
0.007682640881546454
0.005615936930637507
0.006234170725018673
0.004025573172698202
0.005709057681402682
0.005155494814456182
0.006587454844512758
0.008311070358865495
0.012827713079489465
0.014048874490162523
0.016391096890579247
0.013207291653068127
0.013409533330429884
0.01217229648349092
0.011626169993242898
0.00980029279965061
0.008331122644976489
0.008843761156450415
0.00816444728487368
0.008432978950776602
0.0070473377715921095
0.0063387890167916575
0.005845828780058236
0.005095244092938349
0.004696461235416292
0.002777808477303921
0.0022580645919946024
0.005045783811049779
0.004222837504988631
0.00961229387997971
0.016632632753306467
0.021330724666122444
0.019949807731489834
0.01645615904888556
0.015167835681345708
0.013294382824304228
0.011236798084929507
0.011027605458806022
0.00995766649913342
0.008123797296152419
0.009529268076059774
0.008281994936999328
0.007382034477949313
0.007103814535780657
0.00486253571224376
0.005138976930844242
0.0038577815662171914
0.0013293672039011288
0.00023592119292980678
-0.002136009153570047
-0.0002324424295494499
0.0025098178486826113
0.02929231617822931
0.030397598473382286
0.029059736941960044
0.022171095707923683
0.019109258805276405
0.015173453136520987
0.012791794651711891
0.01054747011932528
0.009265700805874905
0.007761530035483716
0.008174414014525233
0.007465221229742978
0.007035543103698339
0.006622635189121771
0.005035332269905188
0.004101329483389277
0.0021020698289393653
-0.001985912038887242
-0.008789913162953524
-0.012073653223934507
-0.03219067938624339
-0.026724998117196974
0.05232413634029287
0.0661709182798899
0.04280606294151178
0.032800825651582564
0.022755326757195188
0.017610940253749232
0.014073526351307868
0.01106261231752909
0.009551239096907879
0.00994457791875053
0.008506265387017875
0.00694452146911337
0.006308365931712824
0.005676228973872963
0.004222940589028526
0.003355102885477043
0.0005327848053199508
-0.005627931941482446
-0.01315415735748294
-0.038923496729362524
-0.0644583728387996
-0.11693607725835044
0.2959644552488346
0.1271284074338641
0.06973790098402008
0.03969668553628023
0.027745260717911776
0.019197158810853585
0.014136980259881094
0.011220949250163098
0.010669187234128899
0.009613401980341153
0.008212923269105464
0.007180093783923168
0.006065210129293875
0.004527594379245641
0.0032950121293327376
0.0016836094889006504
-4.6540505701955976e-5
-0.0061315364644456164
-0.022029541074367685
-0.04173561800417323
-0.16025853181899508
-2.083121253906739
-2.6311823767932374
0.2886072327908035
0.08154780784097726
0.04762465861553866
0.027199361220873165
0.01915324140986943
0.013418871552315142
0.011462187739440933
0.010597517309516004
0.008807865952510452
0.006648516458169399
0.0069735632296549
0.006102837375083661
0.006128064467252675
0.004298952776896569
0.0025326444725686644
-0.001682127349173705
-0.006153412594027053
-0.012756611906316807
-0.038391019492708935
-0.04984319020752108
-0.10070646027758341
0.2395831081765969
0.12168371844358235
0.06967665787295457
0.03910562979439525
0.027021598580829823
0.018025574077441882
0.01481670155294575
0.011993678079963013
0.010135999427432192
0.009614415663710596
0.0074492722915692755
0.006514999386283822
0.0054420945695520745
0.0062989229515856724
0.0038654362066480796
0.0026691540984314648
0.00046799277518537935
-0.0027079445946607906
-0.006723814691821899
-0.01139956568343257
-0.03054648424126399
-0.019236211182452768
0.05149682448227414
0.06684591677659438
0.040421725081962755
0.030070227716485133
0.020466060411439068
0.016130095659509184
0.012826903449870983
0.011186179922778497
0.008737839511176555
0.008275385069374142
0.008156356530701582
0.007574663582346996
0.00580430886759325
0.006324035878673288
0.005327103594680255
0.004352657884543006
0.0005131545082325176
0.0011376930061654323
-0.0008604000975244052
-0.004442788777641232
-0.0007044802525803977
0.0008287431513839334
0.028716175828440008
0.029693517350126087
0.027391671743502294
0.022102484600234083
0.01799120337013953
0.014304072342774256
0.012098481009441298
0.009861499477957746
0.009171632596548174
0.008900786460250727
0.0081296480700129
0.007700970764902085
0.006829664128000592
0.005747819540707135
0.005831794277839046
0.0046691400083681295
0.001246306128567914
0.0032802160448870553
0.0011152375316398984
0.003276220591056614
0.0028701886716983333
0.00919238905718665
0.01595866210542666
0.01914005685648138
0.01798299716798812
0.01758287617070845
0.015466631762481527
0.013798462326431215
0.011433699708503631
0.010036169469802299
0.00927583170169875
0.008191653688210811
0.008187587509087166
0.0076874017953178055
0.007819553677555824
0.006549639584016059
0.006144195138255757
0.005627039703538767
0.0036650504984563287
0.004730498263126119
0.004860793425327028
0.0054105451600966635
0.00709187906352596
0.008556812682323849
0.01287377249248184
0.013608645343516256
0.014175704659354875
0.014162931771818096
0.01296972098416957
0.011861386110297226
0.011168568609603031
0.00987834248122261
0.008838320125855822
0.008859556829177547
0.007852908675742872
0.009131568900435651
0.008681729917120865
0.007817544761333627
0.00753408055509832
0.0068266819808574545
0.005905464210477034
0.024075076060553962
0.01771382114340326
0.009545431329230981
0.002569905754397206
-0.0016114597143834176
-0.003520497511108174
-0.005491155618591032
-0.0034876285222514517
-0.004979925690010726
-0.006092775455804553
-0.004314891254502254
-0.002635083636883547
-0.003067627929085148
0.005285271939304292
0.011386625654551967
0.015236544404724193
0.02174138684820058
0.032634556000620665
0.036209886588029844
0.044276511111751966
0.04301616794389554
0.033392074700987005
0.03565863250636411
0.024032491402682446
0.01007132915995831
0.005144896034632927
-0.000885599558364439
-0.0034020978886872186
-0.004796735241215988
-0.00478807671928174
-0.006596157934234597
-0.006758604687321295
-0.0036208163095316874
-0.00042469038848893484
-0.001424916104636598
0.004089338025896332
0.01211516564897107
0.022218096643708656
0.030153498800071322
0.05016467615830906
0.06630133674036381
0.07945766443843796
0.06558548794924618
0.051374172766411194
0.049224643136689616
0.02735643879868209
0.011191518828345345
0.009116443726160089
0.0022679127991296713
-0.0016761288848488002
-0.0007487264681924874
-0.005117980275997033
-0.00830675484579163
-0.005126349787847845
-0.005515328015314574
-0.0019413060019617748
0.003980862373276937
0.006453634914909122
0.017172097400222058
0.03102559786061413
0.048356925013522026
0.07437508880147164
0.11523953065592799
0.14121259744376258
0.11929398846998736
0.0753169787205638
0.05627008867382312
0.03073259363592341
0.01565769093681134
0.008101600234552947
-0.00020379538028989815
-0.0019931813904745382
-0.002625842672495241
-0.004654222031931982
-0.006809267745447288
-0.005704384871017658
-0.00445314516427877
0.0024565780133600293
0.002183901651065893
0.008334768897816671
0.022207003777642766
0.036040904970090396
0.058782772853045964
0.11281841779814945
0.19939658738768476
0.3168740130757639
0.2035933914646836
0.11321962851485319
0.06947919551018346
0.03130377759115423
0.01488103817143562
0.006153820370671321
-0.0005149077959867996
-0.003115415164911542
-0.0014801143797624618
-0.004522747590502342
-0.008768467779201752
-0.002609291985870795
-0.003233376569966475
0.0005802227388291794
0.0026172711478967933
0.009779225656036419
0.019757088595734457
0.03375376002489999
0.06577755947653352
0.1373472543036341
0.3314941095788535
1.523360598275356
0.31578639445642404
0.1234290582076299
0.054076715639911406
0.031462096930600626
0.015399967899419949
0.007861011054950687
0.0016130819075707292
-0.0009737219132706491
-0.002232566279635641
-0.006830008172182081
-0.0053188017384321155
-0.002322262238433026
-0.005970267430473206
-0.0032007508430388796
0.0014511576221387709
0.006715949483231363
0.013374967125779473
0.0272280380524367
0.05048015079509639
0.14775620897610242
0.38773290634117896
-5.645173377231905
2.012837442244324
0.10883129940438198
0.03450966256896108
0.016457920780839214
0.00842680281971061
0.0024000606271892327
0.0005140901067557015
-0.0036690639880348113
-0.004920927572958649
-0.007851063954814665
-0.002393179383254288
-0.005699338579731889
-0.007321540519030851
-0.0007067159302974765
0.00325718811573007
0.004914687865916132
0.011666305161274839
0.017628643138063047
0.02965371100889736
0.04083914826688744
-0.00016478084598937779
-1.1748017069521826
0.034012111858780766
0.04303912470619335
0.01516092864892953
0.009879422020361895
0.002280195599061488
0.0029220453059239757
-0.0011858392113144518
-0.006606197920237589
-0.003841201583903765
-0.005524855606833292
-0.0055608149306836975
-0.006924183567348276
-0.007380156612002935
-0.00321562202471125
0.0001196114526125314
0.0007908187351098532
0.007101968672198507
0.010985232493275935
0.013321390713408217
0.014917152025228623
-0.005700324519309012
-0.06422910630326127
0.009155661922776955
0.018542626857949815
0.005988001761575293
0.001335495225230589
0.0004762619264978363
0.0005355991951110127
-0.005056532502765365
-0.004998561084933259
-0.005615457236756981
-0.007321346125324522
-0.004713473498529783
-0.007252782420760649
-0.008493816994101561
-0.004966700726390806
-0.004258234373970766
-0.002468722535800304
0.005653870500588413
0.004643883008867591
0.006042569114132852
0.0047238038874043275
-0.0010745147196358498
-0.006937236457305001
0.003358014863543882
0.0069278719459722245
0.006010893816673316
0.0009902208641062137
-0.0009155161428361196
-0.001834325806430023
-0.002949159679111047
-0.008419903452647542
-0.008916708172581654
-0.00782954229539478
-0.008334168324455746
-0.010316497921393376
-0.00690816631584453
-0.006124902843595458
-0.004521313674131387
-0.0026644990330197695
0.0011372600266550004
-0.00017231130802004775
0.0012921158198078721
0.0025126735404556824
0.003586235035966662
-0.0005782173025737857
0.004414385766171089
0.00449432271594957
0.0019358172348638812
-0.0019343486283679968
-0.005671367952627434
-0.006990338754112822
-0.003567591242322974
-0.00802702627329767
-0.009452722176444125
-0.009068831084809497
-0.012269493316663053
-0.012820008930849346
-0.009397980827027056
-0.007940598555803612
-0.007018219320906578
-0.006196777437311662
-0.005103633518174695
-0.0047787643168647
-0.0013456858993691758
-0.0021922343109060573
-0.00034582565414346185
0.001551319135673721
0.006827102612583478
0.0016095789845185472
0.0023722120013600656
-0.0003959315137181888
-0.003813927593206375
-0.006321414410068533
-0.0063930957554510365
-0.009667198796201721
-0.008743302695313163
-0.008964377456866133
-0.010636874489783394
-0.010844525518139744
-0.011384374217418766
-0.01008740563968326
-0.009094480324212825
-0.006647044924587404
-0.0043636642387137525
-0.005006952772908253
-0.003714503757704975
-0.0004666776778734411
0.00028820332973329916
-0.00031844490179274153
0.0007853136209333751
-9.972827979054348e-5
-0.0026872641140324015
-0.005780733581054534
-0.003979495828148849
-0.005895591960004159
-0.00861669404202825
-0.00922409939463674
-0.006856529012328344
-0.00888020867441989
-0.010258610095024387
-0.009587027598717046
-0.011012083233581129
-0.008000293793862554
-0.00981277949332376
-0.010156428713553543
-0.007114147433800156
-0.00789743032941455
-0.00506006207482194
-0.004699380949193592
-0.00213868356968439
-0.001857142895957465
-0.002988349621649253
-0.0024662535400965776
-0.004383766518688049
-0.0055670458788992065
-0.006362009311542746
-0.005624516682334748
-0.007361155705549658
-0.007560767916979749
-0.007476941986109164
-0.009317124189011879
-0.011351451788897876
-0.009825102099355318
-0.010980478584609573
-0.009745099289972211
-0.008303356821036332
-0.009624417477221266
-0.006788816864745175
-0.007895152948686666
-0.0056141757550317506
-0.004985562214697705
-0.004985856500450902
-0.00012224433221525496
0.0006623707742412404
-0.00785961085067398
-0.004869588862342562
-0.004886928627680462
-0.006575993327179534
-0.005980539997341003
-0.006622463925393992
-0.00844797724050387
-0.009204807054712374
-0.009085444664944814
-0.010454166547896273
-0.012267364461911586
-0.012903299637257438
-0.008385904859748994
-0.008457645283094908
-0.010179633086838866
-0.007252584560737858
-0.007239615120495127
-0.00329322658287064
-0.005802409712326674
-0.0017003786228709222
0.000760891892634263
-0.0011292218147954131
-0.006474120925755501
-0.004615212840316588
-0.005297075666506931
-0.008673397462406172
-0.007716986304552165
-0.007265698088458984
-0.008753560308291766
-0.01061845665880998
-0.011147231053037785
-0.012589930947703259
-0.013873725905586502
-0.009664236702956675
-0.006744555821362086
-0.007835385424477164
-0.007971312568480342
-0.004224363792079682
-0.0034779616199838545
-0.004189592717664135
-0.006795881216117097
-0.004056931216970645
-0.0002704076475428148
-0.002126051402089531
-0.0036249161041301227
-0.0044236391421822
-0.008272999157227193
-0.008172127410547934
-0.006651371094150455
-0.007757778734096169
-0.008575418897064983
-0.007017670795232411
-0.008218564442764498
-0.010920797992137663
-0.012247227046171488
-0.011631497501602448
-0.0077933790952315635
-0.007936180018135239
-0.006514070805991557
-0.0038889245766466586
-0.003079586242936563
-0.0051933840810022575
-0.0052764176281269465
-0.0047929269438406275
-0.0029215310824629477
-0.001633016856278691
-0.0027141492716211777
-0.004608033133038345
-0.00619772522587061
-0.006246453027156161
-0.005473872987799614
-0.008602307254445213
-0.010742174979142349
-0.00854188664806956
-0.005959468008806132
-0.00873250217483044
-0.009135941798276497
-0.009105220608385997
-0.008540541435386963
-0.008722463048108314
-0.006219462812087656
-0.0034838763147386174
-0.004175939495240695
-0.0030080358884931237
-0.0031624810903524044
-0.004003678673105627
-0.00603948706366213
-0.003496887195553631
-0.00175829275697754
-0.003745788631366472
-0.0022657162206832417
-0.004161196962043568
-0.004059367043186338
-0.006759014394959448
-0.008674384607185363
-0.005484624790840641
-0.007952504618572744
-0.009407931602402308
-0.009689281483315762
-0.007712483305271758
-0.007725986576219682
-0.008331481472785791
-0.006578421133824297
-0.0033470024676794706
-0.003303563512335054
-0.000926238944883724
0.0029079631637239202
-0.0013516646243606247
-0.0017749243351109618
0.00016952008679158644
0.0009908547119370106
0.0012475067988649636
0.001769276206142246
-0.0016134513961588014
-0.0023550079127930973
-0.0063992768735341736
-0.006322634880288796
-0.006957095628438965
-0.009516198108266758
-0.007661867569451429
-0.008868877118038201
-0.008861635583707301
-0.0074840493342216725
-0.006261451279265452
-0.005332629817535324
-0.0013851543034266527
0.0005894128415774155
0.003666963767254743
0.009556573018841576
0.0026790817992278586
0.004612682628602542
0.00780581014198981
0.00453747566260632
0.007979765065564635
0.005916818879975051
0.0011598298033227285
0.0009666504187494143
-0.003255544540179011
-0.007421184106883345
-0.007110517925580618
-0.009955050893739468
-0.007157173913283297
-0.007368571117724167
-0.009446083684930457
-0.005041025629563234
-0.002769723213082
-0.0010412401316294822
0.0011069501783947965
0.006772610212367009
0.00810365244436377
0.010367157105793293
0.013681630390017145
0.014042836612940502
0.013984568592608255
0.012815604104209542
0.01664840342563778
0.010758095813609224
0.002923566338065171
0.000376843091827521
-0.0018882954802230338
-0.004719562299511868
-0.005278343339918265
-0.007038438921775702
-0.007706877335422516
-0.007497175224981683
-0.0056540589624522655
-0.004275289796474807
-0.0035419472937468235
0.0008059308840623221
0.0035034780953704997
0.006654351836344447
0.010233388336169512
0.020497952843694323
0.023039939334578156
0.025851234627648576
0.022687249716972367
0.019792333839245276
