-0.00026623543947427346
-0.001885395215666502
0.0007653772784232065
-0.0008188243844295646
-0.00023354322823052108
0.0007992828669923802
-0.0004256071959635077
0.00033239111450816176
0.001483176413677778
-0.00011866482528479166
-0.0011093314797204767
0.0003556186977012115
0.0007577709950546188
0.000698831537644297
-0.000825784067348954
0.0011337677339440088
0.030432565900326464
0.03745673772789905
0.05122583837799539
0.04144753956363527
0.03380898075277887
0.024043975017911935
0.024290854836923854
0.022331457796315506
0.008767498119224674
0.008142820592523572
-0.0031186928102695404
0.0016104944607933987
0.0001784560846110467
0.011402104502803467
0.012872578721606843
0.013512564796634239
-0.008304681089995922
-0.03761428979106195
-0.05409071503116226
-0.06883280334204764
-0.03528251424443767
-0.012907394499144435
0.006387486296516504
0.0022447622235100446
-0.028526146932638347
-0.08603611900213672
-0.1824881258551831
-0.16443548490322263
-0.09533156783820969
-0.027244795543433734
-0.006993922766395499
0.0027091967856239336
-0.01802453435467031
-0.13889328908135287
-0.4565505733324469
-0.30849377554947555
-0.11845553582657443
-0.04554700794839341
-0.00206093783447409
0.008314024065445994
0.11651735826074476
0.28636331160187467
-0.8999554369188475
0.4832230476715926
0.06752642891411563
0.015011657916709924
0.018593118127856082
0.04202472948685966
0.089617704003544
0.19263320079745033
0.26202018952752976
0.2143155396785566
0.10416023825273893
0.04136192545391875
0.03175048430232022
0.04159698978085987
0.052743108736455824
0.09011922987819306
0.11981459364853732
0.10298775006069091
0.06195973690895718
0.03955777630452845
0.026201814753273843
0.035008473803348567
0.06074461580832936
0.04881108195754166
0.029087705021307742
-0.0015465160382906625
-0.0006576493372537584
-0.002217335421812053
0.023793228783050693
0.03431500211858528
0.047124428929494415
0.05615234463485525
0.011755907518145887
-0.007186667702962359
-0.014588713400207922
0.006961587678061549
0.015548165629579487
0.04582324179276681
0.10312020217044479
0.10099066013497884
0.03502025208470406
-0.040750496415972025
-0.01716847183942631
-0.005660815063703604
0.03225992973226432
0.04976304651855887
0.18958688172693028
0.2794378806838811
-0.04052382381003854
-0.11193125255000953
-0.06639750863356887
-0.003030636809991939
0.030269450076967082
0.11624511162326524
0.34697667824584855
-1.6758869177237559
-0.44080069726017224
-0.19223671631227435
-0.07981486758973068
-0.02211697282804106
0.0655228052312891
0.14090067136413445
0.23376189768655617
-0.23870279364410424
0.01959022544185371
-0.0714555473962161
-0.05287787347345205
-0.0012705795582732761
0.0451575855001557
0.13115167165405892
0.1686058659147412
0.18703804904785087
0.045515629521814684
-0.01566066477039905
-0.019280226859141315
-0.0036124005735729096
0.045449797698013154
0.08409567220209618
0.08797305020127823
0.10112975645749084
0.024076657384841695
0.005474788435700744
-0.011303608750292465
0.007242299404911242
0.022884736991932296
0.06362119079797474
-0.024791305593648737
-0.023836092207670887
-0.02644535257900812
-0.022492796217498365
-0.019880955386105712
-0.011969650669343138
-0.015521427259961935
-0.018926190347323502
-0.016880437284645316
-0.02200964454905596
-0.017893110376007233
-0.03382245051052487
-0.009310446660288324
-0.0050179060071888935
-0.007293507016868756
-0.017785374049241076
-0.011928410368522394
-0.006379685428713849
-0.026931136300175795
-0.10631945450113325
-0.014299371994679873
0.009876154310285315
-0.0036395838408159985
-0.007030855728320656
0.012199094293133638
0.03153567158463136
-0.03031295086946604
-0.5602462897844197
-0.025452872539211926
0.02349587794623783
0.00876566825362818
-0.0035673556046147054
0.018968766257552012
0.11742383276415566
0.35887133721492803
-0.6851816498175246
0.17486509801440267
0.049403845790659186
0.004636538576966116
0.0033399841524660483
0.008499647399464356
0.05347353564194545
0.16797737852837616
0.8751491515936441
0.005561235229125123
0.017125699437628164
0.002650530706635321
-0.008126257814666936
-0.017514494053750038
0.00042525239441530314
0.008505221214437694
-0.0029873524237151046
-0.005256599577868055
-0.003792275177887371
-0.012661392368885725
-0.01205910797545261
-0.023816504110095647
-0.024787575906944744
-0.022831106589004228
-0.03461796752288277
-0.020809159239606963
-0.014779271658457216
-0.012979314196326471
-0.019664879277104415
0.05822937032877754
0.20010943691883573
0.2661320046530564
0.27786522668840097
0.012250946540936372
0.02214091389882086
0.003527593018353908
0.03380249042936219
0.08513709939856812
0.16658731665389498
0.5663442996674013
-0.5834060384724314
-0.17882489265220117
-0.05892483968252391
-0.011267999730839135
0.0021611114425802
-0.021306051870688517
-0.007119850469939499
-0.181038694751907
-0.238749169560105
-0.163384522575636
-0.05872378730201417
-0.03989359436657237
-0.01132675081352248
-0.025981287873212883
-0.06342313599040927
-0.08972183780047874
-0.12524815359041666
-0.09036137158189668
-0.06978509573138503
-0.03313383282511214
-0.034938050062922416
-0.027598195739814344
-0.023663843845857225
-0.05609250300618087
-0.050460412204288214
-0.06073995962827215
-0.03563261782690916
-0.033108029738927104
-0.016495260326489628
0.0037240352751952586
-0.004662508852582634
0.009747632449257915
-0.013402168108557223
-0.01002480484412081
-0.02361351312843031
-0.009406811120912927
-0.012244835619316953
0.018963583664211817
0.050734100968553034
0.05313530019219447
0.05998351282549016
0.011983523059382033
0.008130628226975828
-0.0028684406349620416
0.01379127185283784
0.05942965754388915
0.09535603922285874
0.16229354992834702
0.10747271519623149
0.06154415919715727
0.0073609446801943
0.017785044007708795
0.01714935442879949
-0.004106501679476362
-0.005366220759814842
-0.004705101661942749
-0.004820115427033363
-0.0034834842929482687
-0.003376337529485257
0.0006865663846682214
0.0014940601619100025
-0.001761600132480039
-0.004310314891268533
-0.002744961052464793
-0.0036508484464388906
-0.0032875102378342987
-0.0023377692889352086
-0.0013022743920163055
-0.0012476459830904041
-0.00903942539036078
-0.0028939834113981943
-0.002964048552689963
-0.0020535550001579226
-0.0015607502597231688
-3.845575863920637e-5
0.0016294956400418595
0.0020661068160850358
-0.05194350613713091
-0.013789508913416274
-0.006217643158726275
-0.003797317291800938
0.00011539633762861909
0.004665365039779432
0.009008359865907643
0.0069773875693176215
-0.3931528531199736
-0.05254481323794904
-0.012053450581097988
-0.0021354357613220976
0.0009248053678493982
0.0121493940748458
0.026525301968760504
0.014605909103668793
-0.5640686366271992
-0.04387664012426594
-0.026573128747759946
-0.0038699921106842726
0.00488303816145188
0.019764377462386976
0.055766317256834536
0.16144099933646636
0.1911460180518706
0.5758250974111757
-0.013393328393410097
-0.00408816113635087
0.001245405561321736
0.010791681635983352
0.03912540216944952
0.08314631142183009
-0.006307839970205035
-0.009863213167416068
-0.006369078530390391
-0.006425394253527259
-0.002601852512729572
0.0017046211338802067
0.011457199070717608
0.02377808102614703
-0.06148401022958902
-0.04776428384076425
-0.11308451633395303
-0.32215385113280937
-0.4692429768425271
2.359362860561033
-0.020784897218953435
-0.07513574780768063
-0.023369085502723548
-0.015006264221257552
-0.0347101428445439
-0.08279894525766317
-0.3774080292978924
0.18207896432979334
0.08172895593212816
-0.04355281685937472
0.01496204044826437
0.019430301290636737
0.04518823694589535
0.07104108802888326
0.11622611337448432
0.1323794837214708
0.0901257956956251
0.022944854142085684
0.02975221842063792
0.03496525379590801
0.04844419021669295
0.0763486387969808
0.09882723984179999
0.0842494599862815
0.05485288274986794
0.04240320495727316
0.025947167925153187
0.026453086623014953
0.031878084871692185
0.03995024910998075
0.038141122998488375
0.03432167559926271
0.028549708971539956
0.026455764871883215
0.004788750271267297
0.007304292844748816
0.002102119281682851
-0.017794101790006518
-0.02509635656262353
-0.06730563402839788
-0.027534689953624927
-0.007551792503593373
-0.021611210273040127
-0.015021504201630207
-0.04149598424092915
-0.0806756317811614
-0.17896372660623802
-0.19586372658488466
-0.1426616526471147
-0.06465393954604648
-0.04558322206119208
-0.044801900925886616
-0.07878057703614627
-0.2199733733004774
-0.2701993527637266
-0.324190501590528
-0.19025014363711126
-0.07619921720040808
-0.03029300121073996
-0.002721695690560414
0.009961909965120537
0.0049138780124537
-0.0048098557819630456
-0.019812130161407693
-0.03285654445144403
-0.04542836696016171
-0.026215538759519343
-0.006638072053633466
0.010166577730775988
0.0039139780167673135
-0.007707682564275815
-0.018715357669373957
-0.03117439257868007
-0.036340403617080366
-0.05658272178041252
0.001292984080373476
0.02613811167745937
0.013717681184914447
-0.00370553858753084
-0.025280176476982906
-0.04280466468434845
-0.0601556958303231
-0.17982605466529056
0.07526328923202083
0.07202545703549439
0.03784101923391108
0.0012113074966852303
-0.032331588532695826
-0.08318431492241925
-0.13153703752122423
-0.6403236529923477
0.3971822314248998
0.1631870549436012
0.07038064026491232
0.009023750453617238
-0.04920812059184818
-0.11898783816590122
-0.2818180305986885
0.9829113709392646
0.5225068847400456
0.16556906648436717
0.07049138127305134
0.010564352858172556
-0.04625269107415347
-0.11805198788356827
-0.25573276609163614
-0.19320147238773505
0.13592100498782841
0.09584905436113073
0.046635960450716614
0.0023294454732999247
-0.03626801971553271
-0.08535573121515729
-0.14829086938515562
-0.05547471008408691
0.025412035920222925
0.033842961091917825
0.01902354165244102
-0.0016948253310173924
-0.02601869829553359
-0.052307994757471436
-0.08366868798449997
-0.025158942958186773
-0.005309854649284279
-0.017540895416072587
-0.009511718067918758
-0.02669434529148816
-0.013800383481235919
-0.03899036266390955
-0.01001128264556478
-0.03606695665588979
-0.03383407497375419
-0.01206516262990187
-0.030762171606051786
-0.03282282928488653
-0.0723169267330859
-0.06688662640081379
-0.08815379131045879
-0.1082829359317438
-0.03442330451942071
-0.03676175459233156
-0.020872993102189284
-0.0650341760016669
-0.10681648622279953
-0.21193825013323933
-0.1462455720274056
-0.10147136444505915
-0.06778941880487957
-0.015480441622071102
-0.029466026393385462
-0.04730137009796948
-0.2329353819714161
-0.4432533428500466
-0.1996428404514861
-0.03206365960355396
0.005442734622218582
-0.018273045450383454
0.008463326956529906
0.02400827456040328
0.23012429225342731
0.7510078720475839
0.616814273800218
0.07232043302941614
0.002777643514286166
0.006542732835603159
-0.0029429884100760258
0.038663409496789154
0.1036054541814221
0.14509816766363715
0.13141235392635015
0.023920637254271654
0.01804603110105056
-0.008094966659772305
0.007142319587000394
0.01011654927889501
0.0500726935326421
0.06442384776276862
0.0678142253471951
0.015330704320697117
-0.0066966611904636765
0.0006652331081595142
-0.01240464621486295
0.00493769096392627
-0.0026100561861292686
0.024279457241607915
0.0014976492535560665
-0.05309807069917346
-0.08529039070459431
1.8701615123627506
0.07321725147904155
-0.0756963191429477
-0.010719268870091203
-0.020095720525452995
-0.018179104292292657
-0.058144040638251605
-0.19912675328086143
-1.070948788764013
-0.551986075059744
0.020764225263976893
-0.01693832345958452
0.005692634323457329
-0.017965535862419696
-0.005205930856733385
-0.007675758389901347
0.0035590036140085244
0.08552280310072977
0.005569978895058848
0.02746448375150383
0.00931918014216473
0.013763940972575467
0.02544037096322426
0.02562112797278226
0.05892263695736032
0.0265114368161811
0.024979158938769515
0.01202984305238794
0.020256032105197157
0.013883935162975026
0.012798103457728777
0.021506904971415827
0.01653673925313086
0.01942050910451209
0.004644730944710514
0.01292568047394096
0.007703117119523591
0.01601659611200834
0.006435488275950991
-0.0017042684412034237
0.0084313584420599
-0.00649046788971708
0.007135561803006065
-0.0016144603399545383
0.005750170916613656
0.001151883405379903
-0.011316240722316007
-0.005586234604683727
-0.02204010980277959
0.012469543692765683
-0.011045311972404345
-0.0017778604587865268
-0.009617048403006609
-0.004816541409273803
-0.01718512608471409
-0.040934057909879265
-0.07609421174415534
-0.007235275204462063
0.002072326122344293
-0.01698830707351601
-0.00803312230001679
-0.017529545100198506
0.19826477621113645
0.05291373359463025
0.026072007807517485
0.02192285079990063
0.04681243894564951
0.14846031283344424
0.42916234493496874
-0.5151305291717583
0.001761205403536257
0.0350890419240048
0.01646159095070479
0.017924754599725406
0.030715410135842405
0.07400977545055272
0.11557054783151552
-0.5176517545647967
0.02585875187163708
0.018520435536842076
0.01408239990901232
0.009653041309252108
0.010636994929979297
0.02217268245253537
0.021845973325829507
0.0020293373631754294
0.010152224753057408
0.01517162145850462
0.011600639660575666
0.009282156062666571
0.002795655714495951
0.007413399059465724
0.006669172035709184
0.00803637427968822
0.013441102105213489
0.0131966240069171
0.012830442614051968
0.005367979092644566
0.005268721912840108
0.002731980966418358
0.006178496584057957
0.007631225168016036
0.009870306459093375
0.020007767205878105
0.014797410512522783
0.010170497669270894
0.007255689051920045
0.0050815177181008295
0.0013822462454465049
-0.006099720128129731
0.00020224437381676874
0.0210440186085848
0.020145412126244704
0.014592235756651003
0.0129527956942049
0.008133800454026414
-0.015826567607464124
-0.09965471907507048
-0.051247816023659784
0.030743389827599055
0.02444130547793803
0.0217105724182469
0.03183797663598938
0.050667749531885714
-0.060290461928760086
-0.5145435907982905
-0.015104660610553372
0.0008882699320641972
0.011789289483562235
0.07301180962535567
0.1376309527356462
-1.160851820212438
0.19123012237283296
0.028841882358816566
0.013074974347462581
-0.0058845739528403385
0.011687995740212542
0.02055109516567711
0.07829526029198486
0.0625439261566159
0.11849471120942637
0.044713138336066806
-0.0009095414789377266
-7.642874822192758e-5
-0.007460538184115932
0.013705462177940686
0.0158757602909996
0.048504868340483745
0.036599209128070076
0.029619585135776432
-0.0019844360681382793
-0.01359183174575064
-0.0038151618095166205
-0.005433175473750063
0.013310317097991377
0.009233446773661298
0.018444046371983148
-0.0024503121867940183
-0.0203538796446595
-0.008201151567855355
-0.01013677068279724
0.008723739050955285
0.008231421338337824
0.020180663247764713
-0.006069144175563195
-0.011999168079969154
-0.02329991081218626
-0.020140342692706027
0.004403047500846502
0.015165447875937606
0.049897647985875454
0.045478988286898774
-0.0005893669417563437
-0.046409315392060335
-0.06006232519276611
-0.014669825309997317
0.004725645637445987
0.06561988689365364
0.11103636009202543
0.1837446149533043
-0.09718668212664214
-0.10385617336571983
-0.05064759989219502
-0.024763895686818273
0.029631725080419058
0.07884669443707294
0.2490751704075915
0.5448348435953908
-0.48779739040082837
-0.15799659678939953
0.009985811286668136
0.026292580020532936
-0.0032116637038235646
-0.004126114721373498
-0.018896461852114865
-0.009069330600043288
-0.011733547676067612
0.006434152395264183
0.007584789068362418
-0.006386042251150523
0.00325305999148041
-0.019107520414439437
-0.009241577011691213
-0.016761033635691557
-0.005257350227709792
-0.010844036169287957
0.0014913274052817773
0.017118216022634705
-0.019207660418219263
-0.02201143226864628
-0.023506858326640657
-0.009785133655073892
-0.011127869529191656
0.005280080602113725
0.04809845153582862
0.05093431055528284
-0.04898117622112121
-0.06674711878977166
-0.02925230395366739
-0.022228877990953154
0.0038945811598232764
0.014056950168390035
0.12270379166932448
0.23875529833570525
-0.3188939636775593
-0.11382861766136697
-0.06367416538742357
-0.017053567276501546
-0.00019632607788394184
0.057356330328042604
0.24237834336702163
0.764022091379792
-0.6559157938664507
-0.2139435942220238
-0.0704467874465774
-0.0349679341491151
0.019243721267976025
0.06178773937815316
0.09505585579838342
0.3637453746481004
-0.22531322977777832
-0.08545389714098268
-0.05165465554339602
-0.015699376847536674
-0.0009292757348757002
0.048720695144714846
0.05989492657576096
0.05644232047708816
0.0037794895792041963
-0.021544812913322574
-0.02004321531077555
-0.02091565439911188
0.004002072191787991
0.009345616519411978
-0.07050939067616462
-0.006506537972365086
-0.006883312054244902
0.007662706300289933
-0.01273334433152194
-0.03317484776923373
-0.09128323985663657
-0.06880045941067094
-0.012180463131748882
-0.011086545295959826
0.006082107563593371
0.0022068748331089457
0.01287824612151866
-0.003563762394469462
-0.0031400010828094202
-0.027684428441414582
-0.009915353641421383
0.0025451340278269774
-0.0004202040413958401
0.011214357915490369
0.007625782761209387
0.01433751004930846
-0.003532684478651884
0.003723051690423594
0.0035793722100215895
-0.005782526979311328
0.005442492030661978
0.004393015919775337
0.015515080461711623
0.007441949656620599
0.015772816162261998
-0.00552218058511995
-0.008811296417661086
-0.0002728988357348186
-0.004262149926088117
0.00753740551618478
0.006919569182198107
0.025709045669292566
0.01271354533619431
0.021987590604559504
0.015085334645309671
-0.012692638516751188
0.0015887203242588865
-0.002680297892557916
0.016665814498834013
0.025913392767990068
0.06948191826283626
-0.032430424533178494
-0.0698758901207669
-0.0025298246231008617
-0.015341633801562437
0.0019670344394286505
-0.013852200959648784
0.027328088681989857
0.3875292942241424
1.686680118061412
-0.03481884320463653
-0.044652110375726285
-0.0015819667527632616
-0.0135309755621567
-0.02823259691975569
-0.17227402690397065
-0.632815611728862
-0.9477527005355797
-0.051696830602270705
-0.010495868094167058
-0.001037459449958048
0.0048898344070698
-0.013813359722518816
-0.022000536293997397
-0.0492931624703304
-0.05719713968808492
-0.01225131157126513
-0.01028619552890307
0.004226125879176484
-0.00558728231730201
-0.00709526033816857
-0.02037371710559536
-0.02222830738332118
-0.03128180785966719
0.004117086092313266
0.027061440345149217
0.008781652084673349
0.006538727697653433
-0.012589908873445622
-0.013247195960156107
-0.023802756492213955
-0.007565502500827194
0.09129080871792757
0.06858736706593743
0.042987212080495475
0.0074847088992165915
-0.003922207886968064
-0.023525874642486354
-0.02165286952421396
-0.01940612388905785
0.4088675952211913
0.1854492162582129
0.06934512589633818
0.027139220337083644
-0.013588405638548818
-0.028825046283397576
-0.062344399799286854
-0.03084692706558437
0.752199181339657
0.2643525037871615
0.1093051502052573
0.021878057362237933
-0.005634760455422041
-0.06384042866113017
-0.12431662906690846
-0.298977798920691
-0.5762147396528419
0.23468108108918692
0.06049223299933587
0.03668943327074075
-0.017838791244604288
-0.050228630226451805
-0.14537552847356772
-0.249712148875576
-0.09612653630696903
-0.02489605489752888
0.03127791316051311
0.006698384105478848
-0.006452296110277507
-0.0438104901235598
-0.07945826640300398
-0.13950150147387322
-0.024242027791499726
-0.008295449933635143
0.008995196894319315
0.026367431601900138
0.007707169926775142
-1.4185886383566135
1.892740584578405
0.06256439050840051
-0.02490633618096916
-0.010052658522953334
0.010630145843755117
0.011341530632989962
-0.047410471346112565
-0.13276888891692698
-0.2232081171680698
-0.057171250182752896
-0.020185453879607868
-0.0003266370284466544
0.009538361372263774
0.01428789439006773
-0.0006808499684220613
-0.0446225646960898
-0.05386023053134145
-0.04166966915317682
-0.0053018381943290265
-0.00011280291520234854
0.011585940897165812
0.009426911246543674
0.013936934348314414
-0.006290040153098801
-0.015806965270994035
-0.02486644609986995
-0.01057685402421349
0.00485331635607803
0.006281913312639409
0.015546293443264267
0.008068340701411577
0.00763971030116696
-0.017499173770370743
-0.013659601958081713
-0.013226654252537277
-0.006818532698258939
0.013583615017842585
0.014304024213726757
0.025009344879440704
0.0082856900482689
-0.012801495507685617
-0.02467210096502956
-0.030249465600948645
-0.0055013230665637855
0.006817075168256455
0.028668828432752792
0.04113840295630421
0.0346923839097543
-0.02379066406643456
-0.02831270022482272
-0.03223794937979913
-0.02227466825018829
0.012659466992319297
0.03617430504134949
0.08029851744799175
0.037325444317396136
-0.05327912348459521
0.0009984785364055514
-0.08934557245740518
-0.044884666275509834
-0.05020612328170724
-0.03031738248320934
-0.053524472839038044
-0.031236923973051438
0.422992147357533
0.2466113984384427
0.006086303297811208
-0.0576798811547457
-0.021566030001372284
-0.03516649161017995
-0.04545264880893453
-0.19204501119650583
-0.6913061748552324
1.4746346089102844
-0.044620665037278726
-0.013445591183893484
-0.024416880717065007
-0.002188045579708072
-0.009623622272836429
0.011660743627999463
0.09092526953100522
0.10234007703510314
-0.016851530172013466
-0.03032313484034084
-0.009957935040182504
-0.012962547637842133
0.006229862527833384
0.0049122757703168925
0.032831601820600624
-0.02418428119001216
-0.03581722438300963
-0.018500407812981123
-0.023749945314916827
-0.00901177052128174
-0.016329985184777747
-0.0025016172272108324
-0.022544682113835757
-0.017264442629019015
-0.029504141105987113
-0.03575709743999899
-0.021160162750639287
-0.02731565803620402
-0.017520426388601972
-0.03149434617855544
-0.020354947454184088
-0.04784543160732143
-0.05457194271870473
-0.032018674021611494
-0.03829076514983826
-0.02590506208975746
-0.03673654487353131
-0.023738220873899825
-0.04233129241647202
-0.031456934171194495
-0.041283670410746716
-0.05265248149465552
-0.03057750577596169
-0.040117782271087914
-0.03161083770708203
-0.04555799317278475
0.03281520840070575
-0.05491189118882832
