-0.0016134127244802746
-0.0008008630905991449
-0.0006633208184467527
-0.000189658713415379
-0.08016849489772905
-0.08922069951988756
-0.1390306147716447
-0.14302612423933242
-0.3631414209897201
-0.15118661548974793
-0.14422970014028305
-0.09710573861890207
-0.08006754398653326
-0.07075192016363253
-0.07537582379949821
-0.08628187718992869
-0.09622605030003674
-0.14466447452794537
-0.13639740063300057
-0.14910015501230542
-0.10613094702072613
-0.08858404911291658
-0.07654960739322718
-0.07604439566139069
-0.06879628080975947
-0.07122067590370769
-0.08565661209731928
-0.09111967102998636
-0.1086950101553139
-0.09274387077585292
-0.08578051809963788
-0.0773959841130441
-0.07239013144569884
-0.06822723213791798
-0.06390149111897105
-0.06915507888682502
-0.067712879229182
-0.07670683917050722
-0.07495784744036015
-0.07758789935356415
-0.07130932921583852
-0.06713611614654001
-0.06324883117764123
-0.06505073748964948
-0.06313173652567812
-0.06240209437521634
-0.06378172683249825
-0.057231756007988806
-0.06113307587357328
-0.05729827707969367
-0.06249012113372569
-0.06118615452406592
-0.06317053749323401
-0.0603143513758584
-0.05768962834430302
-0.05850722930030308
-0.04765349825295647
-0.04905936249344856
-0.031224047792836686
-0.04901616681783357
-0.04938074484654134
-0.06064575248886883
-0.05999121070884396
-0.06123032133819015
-0.06088833813096994
-0.05276860146764124
-0.05582846594685355
-0.022898112957832648
-0.019984340489025726
-0.01600743202081899
-0.05101264562118263
-0.05374200245122879
-0.06190418045012432
-0.058379032144800676
-0.06113916801455347
-0.06895481336914687
-0.037123956104993056
-0.022796622579971167
0.10749319636963052
-0.024125389927683292
-0.04529545443139007
-0.06857933268752141
-0.06017259431309217
-0.06777077272141595
-0.07590102435746712
-0.06339427431743196
-0.07629099623762539
0.08636981826748553
3.2641133693031112
0.09486713431835701
-0.08497131216118024
-0.07060021181890747
-0.07549028162101405
-0.06828791721540355
-0.07719266961463324
-0.10144986311534436
-0.097921771399305
-0.5411811692685864
2.341710565984825
1.821035460041759
-0.08249154905401807
-0.11381045495888788
-0.08148016840643332
-0.07934013818369262
-0.03227119152441876
-0.017598449734922913
-0.01750737024442155
-0.01117638052541974
-0.018246695371259634
-0.02177999765483428
-0.028193824060066573
-0.030921147069105773
-0.04036966450667553
-0.037132959297105105
-0.026042479416507495
-0.01875067638486195
-0.015124672981651766
-0.01479033090785932
-0.018562698351679174
-0.02297607771038217
-0.026027071527553628
-0.03032210833481278
-0.03283217377240638
-0.03201501823369938
-0.030921019575862754
-0.01943072640091485
-0.017732333086886976
-0.016625345672182008
-0.017968783504636526
-0.02299699573453185
-0.026804768298946104
-0.03016745702573148
-0.03498458455500436
-0.0347327216404518
-0.043464573329516684
-0.014620721566783372
-0.015024277789273673
-0.013601294280829946
-0.016146356950825686
-0.023838796034485518
-0.031136106571240236
-0.03761454370198984
-0.045266996832037915
-0.0470479238307893
-0.05710470496291409
-0.017702997015536837
0.005466708702722793
-0.004293385118432184
-0.015128651118811825
-0.024303260055255706
-0.038485979970481025
-0.04836945731728001
-0.06766474030732397
-0.08547232176085759
-0.19138749425765547
0.1033398438232154
0.021009705765453836
0.013034618218105446
-0.010104901097704958
-0.023866232862047882
-0.03926977502758666
-0.06567692522931735
-0.10248583659465499
-0.1024437585619896
7.02880339149894
0.8643328516669578
0.13033862317957975
0.023655558407591756
-0.00045803239250631964
-0.02253857282745563
-0.046594169669315684
-0.07784471995043966
-0.11469205180262688
-0.24062103745696714
-5.276301626323357
0.34720367203212193
0.03752118500905191
0.026628565111870284
-0.00648196385081067
-0.02518623979347511
-0.04259921708304058
-0.07379576053569287
-0.12230192466768258
-0.11920077632485239
-0.041524848510530246
8.124957478102836e-5
0.015754815191273603
0.0069838798072904456
-0.012889345483639758
-0.025103274421090636
-0.03814327280814118
-0.05011817001315591
-0.07322331338231494
-0.10286057923257597
-0.042437281314036596
-0.007105142090137058
-0.004618583427438035
-0.010483006270305626
-0.01377074360330395
-0.020719456829044965
-0.029571807114494753
-0.041326298151419784
-0.04780141392207594
-0.057114301082102144
-0.028278455098118587
-0.02597152864685765
-0.02907569879561899
-0.02785161626959695
-0.02912642050243908
-0.022269801691486533
-0.025264452566660583
-0.022781545756690204
-0.0271807883624804
-0.025941508515149276
-0.024011260027472447
-0.026295302621285932
-0.022215677136722525
-0.02243963516335993
-0.011652865226971135
-0.011432843285171631
0.0054012280082183966
-0.012092017654045922
-0.012878351575877894
-0.024048551109250967
-0.024634461969732402
-0.021875464874725133
-0.024744968214229744
-0.016332210253225992
-0.016067371864037776
0.018382839228055663
0.021429899983607215
0.025916003019968003
-0.011315999625426522
-0.015357401200098021
-0.022865001459047372
-0.030101874649919532
-0.02511921091700879
-0.029375845140270956
0.004284704464568574
0.020333241510945763
0.16144461438368443
0.018253856650768296
0.0008031375052062373
-0.027613256897025564
-0.03679331071789133
-0.03152113810181374
-0.03845633080808343
-0.027097865238767855
-0.03668806398981102
0.09534479979340946
3.9883635910260034
0.13538709630846443
-0.03653903364283248
-0.028209473087078045
-0.04417742584077524
-0.04218368372148002
-0.041669917163079294
-0.06577080797419417
-0.07581950592995274
-1.3337507506089472
3.561475598524393
-2.804066273815664
-0.09156870555462705
-0.07023780327992715
-0.04364958218158893
-0.03536909960322142
-0.045263586938455606
-0.05588733141260322
-0.10587839642944895
-0.10912494105796626
-0.31018026888734956
-0.11368106313274508
-0.1016893447811868
-0.05937267943335065
-0.0423065490094868
-0.04162686638079752
-0.04200394856316036
-0.05250890348369169
-0.06504494125922597
-0.1103942056505195
-0.10359384629005765
-0.11130221617964128
-0.06821492565441348
-0.05272483094200576
-0.03797723414764129
-0.03438626705575379
-0.03594747760741341
-0.03923828896891256
-0.05245404444102399
-0.05905422695158304
-0.07418525273539141
-0.05850748683206818
-0.050484032745860455
-0.04341887904407991
-0.02953803312761634
-0.03112492092619199
-0.03085397373464422
-0.035208091523981654
-0.034731547628769906
-0.04304399340052863
-0.04084157020935144
-0.043365588206981935
-0.03647612598531561
-0.03290457345802369
0.018545790514270324
-0.027949233394777458
-0.022573743392405206
-0.025886948105850238
-0.02427973973440265
-0.028510019431568622
-0.025292980777410556
-0.029013675567062944
0.0954964473034497
1.1040322515795
-1.5260509511900175
-0.026861145558283943
-0.029398256309295157
-0.022805669699193943
-0.027124555933500917
-0.024999091879889666
-0.029152664516047238
-0.00046502274181065776
1.3433665057740072
1.6373557859954362
-0.034260188126536445
-0.036435800270553265
-0.025665945614607
-0.024536980848385525
-0.02486662700667184
-0.027105132340098995
-0.026707698139716202
-0.03586329942619415
-0.027532862548723145
-0.07823183461053763
-0.0440662887701772
-0.02822542284373612
-0.02798359130481289
-0.023833111055069096
-0.02537299682764072
-0.024304112680782457
-0.029037913275007942
-0.02685761973422575
-0.04114536686849369
-0.03945929961165597
-0.029622672381995035
-0.028505163679869105
-0.02597538769619641
-0.02478029450205431
-0.024059719103052914
-0.02464426041499628
-0.02469596248165979
-0.02961449014925389
-0.02875758683148164
-0.03596718888638184
-0.028794793765653005
-0.025854631022145164
-0.025158047277197497
-0.023412894962039917
-0.024984564499459735
-0.024043866779570853
-0.025849913002772562
-0.025344360651989167
-0.02936769780372702
-0.027959197492966607
-0.025585343902985724
-0.025808831365862667
-0.025734180676320755
-0.02631724346402659
-0.025456965442166697
-0.026297811005578528
-0.026175928384583047
-0.02727741410821185
-0.02651870832824542
-0.027735716100078946
-0.02626307445388372
-0.024666351212129435
-0.026416997212637773
-0.02512614458993067
-0.025145174642809524
-0.026379057132772873
-0.02640685822550378
-0.025182751708947685
-0.027534238353306113
-0.023017063591313253
-0.02335002487827637
-0.027779597622050796
-0.02518022064432191
-0.026653485011469878
-0.025317415386397216
-0.02654600053948487
-0.0251608739211594
-0.03071119376508895
-0.026067336468447277
-0.028385717989175236
-0.02776325538733768
-0.024289594232294074
-0.02740849310823485
-0.024668660194892247
-0.026984273502834614
-0.02551539012992902
-0.03106700989731748
-0.027322804091710097
-0.031700950989194225
-0.015830147578376204
