2.923106428568965e-5
-0.0015567874093729104
0.028820401657252654
-0.13104251597580766
-0.3160808857520305
-0.1323518875617461
-0.08876703653232018
-0.043122777270022145
-0.03377141195142272
-0.02786137337908642
-0.03041843721838261
-0.029094010343617853
-0.037490432496826945
-0.04518732169670978
-0.08591470907298225
-0.10725471436059898
-0.11890993709709002
-0.10762162428040703
-0.0647592763434953
-0.05053405874668976
-0.03607261460884961
-0.033634181305374385
-0.03301397486481327
-0.03458257164809599
-0.03755146400625904
-0.05222195727816204
-0.06139194184549626
-0.06312219801787886
-0.08046283491229121
-0.06294060857912305
-0.05535815270075188
-0.04341350749623399
-0.037706549244374214
-0.031174694559303096
-0.03218823431266483
-0.031932312942687543
-0.0374492381195431
-0.039870161562408704
-0.05263946721281912
-0.04577360665980119
-0.0465665482300318
-0.04706308632062824
-0.03962037705003151
-0.03785960213742774
-0.032823347147713615
-0.03208326230864578
-0.030950116224923777
-0.03410271100166271
-0.03139982198086243
-0.03558237313055811
-0.03840675716308866
-0.02977802756341757
-0.03671745726068848
-0.030510812208705263
-0.032565916866651196
-0.028925879682096874
-0.0289905899163567
-0.025782159320334973
-0.027751384677334193
-0.027646401125303557
-0.025535825827582053
-0.026541707046556503
-0.030295087472804585
-0.0193844951900973
-0.016903885502787604
-0.020922926333811463
-0.019704436356027012
-0.024213108201343713
-0.022630681969305576
-0.024713342369275547
-0.023088605723890338
-0.023956484188785605
-0.022141791655739658
-0.022625704438451345
-0.016388158352722136
-0.003886853063790922
-0.002038034672599466
-0.0026796102642180912
-0.012516320757071313
-0.016112128996674177
-0.01932310869822461
-0.017417332806782548
-0.02041724839149533
-0.020519631654937663
-0.016511203477233408
-0.013606830905881754
-0.01087310890603948
0.010637439321017524
0.027916974231125744
0.014747394884410774
0.004169801148257363
-0.010383239456478524
-0.012999797415376563
-0.01848170538582215
-0.01763221838648297
-0.018003143229348206
-0.010171573323967623
-0.008747171176702078
0.0058209499983503995
0.05522658011952275
0.06727828939091038
0.057404326503344524
0.013413967924301917
2.7701101049262312e-5
-0.01391995227153114
-0.012738642794554085
-0.01535145463019941
-0.01575504683858811
-0.012684063602212244
0.001188468321350554
0.013500546714396199
0.08374047911223137
0.26617225244715215
0.08294415801088416
0.03900978766102432
-0.0038499352626787478
-0.011181116189674545
-0.01859173703701047
-0.01771571087793889
-0.020525063787759933
-0.012861155099626237
-0.004577560664838711
0.0355931299858755
0.18226843799538003
1.3111558563906867
0.18554901767104562
0.0004968312677068657
-0.0050688737955762965
-0.020977846225642013
-0.021993559326463148
-0.023079397120452864
-0.021193624894758567
-0.02052812640983527
-0.00591471553930452
0.0018371351158170059
-0.23333923600978498
2.2912612778495736
-0.23784405198839298
-0.04950637806563347
-0.04147446502332598
-0.02843906818216385
-0.02909564391070253
-0.025328804977740933
-0.026334333310406344
-0.02601006295361472
-0.04161457644283609
-0.04819079880957498
-0.0034207880670838243
-0.011186187567904383
-0.03806600732786298
0.000381704800106827
0.05264692893773124
0.08838932989815818
0.06482621304317711
0.05536949516148316
0.03761611561329234
0.03206454549968469
0.019763055107452618
0.009771195073870803
0.008343424391823824
-0.0019134332396205777
0.0016384319391398914
0.008116499011171173
0.046720760719067306
0.04584588008683722
0.049401534142158816
0.04222906456236962
0.03709245321876521
0.03046919347758786
0.02257434025943017
0.01589137583323511
0.013144013321776974
0.011964077802948937
0.010886977842840245
0.022727100746558284
0.026879075513753615
0.03864969055319307
0.038883026765477086
0.03940745349388058
0.030092754520047057
0.0315365507508818
0.02182888529982939
0.02204096427639893
0.018289571905884018
0.015518481725172499
0.01876483101285697
0.020379860739945407
0.029123880006019565
0.030659656427504112
0.03488952175689403
0.032866975392417126
0.03124172884455039
0.0269549960586908
0.02653925552299091
0.021099957737128514
0.01657903255781019
0.017937044186566903
0.017331734442312
0.023773967059440803
0.027691303105758822
0.03406551767479075
0.031844771846062346
0.034008228328416115
0.029183636510094924
0.02843188119892633
0.023529292161724745
0.020424423748645962
0.018367403865673204
0.015611994761619024
0.020202390820423174
0.023514075325465376
0.028192280046181
0.030132210466699758
0.03742794069148857
0.03379130923924063
0.032362317897221285
0.026706317823312828
0.02477748998814561
0.022365499873105318
0.012504264553370866
0.012830142628897567
0.011473248681718527
0.022834514938062253
0.02916615878398776
0.04157618648872792
0.03918576119390366
0.03843759853717352
0.03423748240084139
0.028831203301715857
0.023628014278266603
0.019516761868892105
0.01120838950985359
0.00011331741368388954
0.005074825067601021
0.008361236558523671
0.04424086165217039
0.04721136402852357
0.051069259003646776
0.03814376839184673
0.03751564347606638
0.027621796485091832
0.023405239158654674
0.014645726101877156
-0.0018260687118357715
-0.011651247085034127
-0.03514332635506663
0.0010493618118144242
0.05102655192271282
0.09069639115160204
0.06281039676227369
0.05305927010708351
0.04189364545932304
0.03300976090118899
0.02044340262704694
0.012784389322715002
-0.010143776807602868
-0.053709439830691236
-0.08252818631178431
-0.17804214531841708
0.2329082646780163
0.1311637921298916
0.1071364750627631
0.062399682830301666
0.04877862142917302
0.030916258031835498
0.021392942609062476
0.0057690063352651404
-0.027628251946644797
-0.06521894701344201
-0.2625424780303651
-1.355834157118276
-2.325271422827082
0.3183669298657853
0.11830787219961411
0.07775246118484859
0.04768175663786754
0.03286839652353422
0.017996620306650044
0.006023208858024408
-0.010567009096223776
-0.05413655973828179
-0.08084375824523791
-0.18103001052496775
0.23788657663040497
0.13102429285531797
0.11074857886002844
0.06355910480559326
0.04795987729453451
0.03118186465196254
0.021644617393133763
0.005657167625318164
0.012398735583258361
0.0369661152851197
0.019895350327791897
0.02762620258161942
0.04675252077396107
0.06331440419681972
0.01772072921202334
0.008868881412323863
-0.0022560519661587192
0.015487687696320591
0.024750596274874987
0.012065899776925645
0.007606870046979816
0.04478815015232429
0.018116927984213604
0.01251688940333763
0.009664047329977736
0.012560343784896549
0.0003536799068038204
0.0061719258135939075
-0.03218143484647449
-0.007454495688817987
0.01280917908610639
-0.0036109984106518157
0.0316995247404238
0.042522034883004364
0.04196086864606616
0.004028655069977061
-0.004865656477702099
-0.0024678087414142687
-0.017112906377963852
-0.02789993986111812
-0.026222743764104814
-0.030611612379140538
0.0550690219389197
0.02406543520183052
0.014943781024484995
0.030134990679118234
0.04017391806009677
0.012752082954483126
-0.03089542430039381
-0.02406604156270865
-0.12998179237581137
-0.004387155641119808
-0.24205227206661561
-0.06935887856087933
-0.016386655560295636
-0.013642899789703766
0.0038734961870930933
0.018735590413995782
0.02997935111604795
-0.018108866328289716
-0.00378986085004815
-0.05367383498025419
0.03070871209510263
-0.45227711187298003
-0.48370509332647554
-0.24680140074618478
-0.02168463411032999
-0.026215733708681146
0.015493651565522466
0.0442634342478369
0.010343667988730699
-0.02346234939697916
-0.03905796750506648
-0.06242712316336309
-0.27056737911980017
-0.530387716987086
4.247069817367708
-0.8474161684420283
-0.06452299041742471
-0.0033040090037751587
0.0031502615503436436
0.03413297406559468
0.0017381025704813935
-0.0020291161095100925
-0.001809041707289627
-0.05528569426027713
-0.11041548092395972
-0.26115211658673554
-0.8529326335713667
-0.048237852274240677
-0.15979873883460227
-0.02670425929967362
0.03442068165526125
0.020851115097346818
-0.007988066497293306
0.0016954394672211047
-0.008474004819319245
-0.0010355950188597786
-0.09726623253551409
-0.06034793608516703
-0.09150631307261627
-0.1264530930863723
0.025611049318627566
0.008631226192353783
0.03619875605584627
0.03286259499197905
0.0016933047574071922
-0.007665513243091324
0.0005478554151754993
-0.030077875427266094
-0.07441485229341971
-0.04942994937638093
-0.03284384789330617
-0.05028354897421527
-0.0007042191542420504
0.0011954694441975808
0.02356193480078633
0.0421094462761402
0.03339657228319532
0.013354459476565238
0.032768455143380025
0.03585202983815928
-0.0077762248072249796
0.008602266102670637
0.0077500365801376125
-0.003300560956767595
0.0030590476570729434
0.020203286760939215
0.004119617467437083
0.028468114355349204
0.04216920184094203
0.01794478172606841
0.03948470484367519
0.02727655761521607
0.010859141942195982
-0.003276226696595134
0.024269765957456932
0.008256470836374777
0.01640999394956676
-0.02626667289018976
0.017999019266084458
0.02448919438862289
0.028824272582115732
0.03571720609958381
0.03061604373975417
0.060306352743640254
0.017138380851538175
0.027757501133434136
0.011927891493450398
0.005730365217729391
0.010830419947083987
-0.011501845031661273
