0.00785238661697717
0.0015121769400748626
-0.004511761867571978
0.010592497264527339
0.005277520604061492
-0.0005020010826433205
-0.007948320941138627
-0.01363305096240221
-0.015144475509769894
-0.021546388936305002
-0.018852847456782694
-0.014508019971498594
-0.020083803030419102
-0.004043202207577778
0.013531951397091768
0.03319039680484231
0.04234639054775419
0.02659193326411627
0.0037233982869184596
-0.012320010678076799
-0.019656658943919186
-0.015452760284393893
-0.012635424510242016
-0.004671852623867753
-0.008770751949872391
0.002133177767439601
0.04049633372960303
0.0813016775340496
0.0928643151449751
0.06872775062983295
0.0011128220127086942
-0.010005503468532425
-0.020951947903500107
-0.014845541740585382
-0.008524266768834327
9.280944620398903e-6
-0.0015807846329543129
0.014472533893766017
0.08518082841253352
0.16143041573168274
0.2930729566370286
2.595251070606858
-0.015878641153337505
-0.021906063230095876
-0.017222033339546226
-0.012819379548985071
-0.00529533753849657
-0.000727696045288531
0.008164409580183146
0.03150917946760636
0.10294832454413873
0.26421903918555817
0.7231162264236799
-4.5456560360805875
-0.48529692196048735
-0.08151671223401565
-0.026813017480367907
-0.017395674889249906
-0.004765128525879314
-0.00010870660777980372
0.007057499585003766
0.044974400454770566
0.07757479286048852
0.16599755641010758
0.29578099293213655
0.27887742779752334
-0.03274339209737916
-0.024573581833079613
-0.02296204337635737
-0.012996150042069382
-0.009006021583419685
2.082093326534907e-5
0.003315029307488377
0.0313250792146424
0.04588736968454571
0.0834047680353582
0.11749239218492986
0.13321245297443618
0.021201894773709578
-0.006045834049085189
-0.009691302701839759
-0.007290067849827253
-0.01038665749488739
-0.006770524690387165
0.0005330747877388253
0.020260665514637167
0.025420344413359223
0.03488695939038726
0.044994750375870064
0.02801597442086508
0.008636735362628867
-0.009228362977815848
-0.005102441084977817
-0.008823428003558658
-0.009603302313127194
-0.01476636592286126
-0.001061033089294726
0.0061693285386988355
0.0041428033100073414
0.013309124750054396
0.011450630426542121
0.012238011900562269
-0.00024009019013931931
-0.013994975667200477
-0.008967255343165946
-0.009405185629753959
-0.002859602671454368
-0.011502460788626871
-0.0051680508777098965
0.001008909680620615
-0.008497798178375572
-0.008997578025858991
-0.0026232927410510185
-0.007319118966476168
-0.0057279272716085124
-0.012327512819116619
-0.012510422347580135
-0.018800276230556266
-0.02032075029030253
-0.014384279694912669
-0.016602357008109286
-0.01043102255071383
-0.008893484918152615
-0.006473383741061697
-0.009511690537708638
-0.008834187069834737
-0.010568318902590653
-0.015742906314270933
-0.01765089745096409
-0.012497083467406245
-0.021187741651503892
-0.018985349375017103
-0.013882109580170526
-0.017061307154338592
-0.008699858753381843
-0.0064788647493454745
-0.004464827238075295
-0.009939811696618745
-0.010414525804478922
-0.008924911945856161
-0.013102059354646941
-0.017611443678582642
-0.018931889786163114
-0.019700706325339778
-0.010916860369051876
-0.009458799349914775
0.03479508661882671
0.034378616092735466
0.032369807526111266
0.03612722702927616
0.036052455790967726
0.02791801271101433
0.008718834908120249
-0.06470139049300229
-2.5663449832255134
-0.07152380472909116
0.009052284331559633
0.028049355441552935
0.030100429661453952
0.035833430803943474
0.030170897053238097
0.03318794546910382
0.032309996219287596
0.027961822386544804
0.00223926615019581
-0.02262176277821858
-0.11969312716165584
-0.025902792824505475
-0.004205725440834144
0.025105671349564054
0.03114745300958878
0.033540972332228344
0.03087840540072099
0.028661541679251362
0.032065649822922204
0.02455879352006536
0.01855474682641673
-0.005763824125142722
-0.008830341019939143
-0.011721773212365328
0.011698094881891524
0.021015965714815687
0.023305163175677945
0.02862502457860821
0.029601699907171285
0.029284696743583038
0.030593938095403467
0.027097279665244205
0.021967953659913126
0.016392523347949453
0.0077541873884981495
0.014609537231881888
0.018430464613827847
0.025300000385857054
0.02982428009465271
0.03013418491742236
0.03206906080256612
0.03394150387651873
0.03208407087180799
0.029907139878626303
0.027169419735389118
0.023035734155571884
0.0262709721665966
0.021692881517468898
0.027118393566715703
0.026406392901692118
0.030340531322509176
0.03154289725983328
0.034221232203403985
0.034454076233788156
0.03195394981618826
0.03402299874969422
0.03181225578832218
0.032036914442190055
0.02984706495926169
0.031008378481063418
0.030910248009847555
0.02960726204395249
0.03412507769933063
0.03598656708729741
0.03465840703671653
0.03544686015621297
0.036115771505742904
0.03599850070585274
0.03677835669979302
0.03608764007957239
0.04129692215833214
0.03823982497138169
0.03794271911061614
0.03350766251012658
0.035558559178259536
0.034365872357780415
0.03416596228793153
0.03490398224638781
0.034937474607873775
0.04180412998186134
0.04439255128506001
0.04690782020733434
0.04753640889958605
0.048245721303560196
0.0399260841347106
0.037416993141610705
0.03717693137765402
0.03504500551895665
0.038031718257112324
0.03804024018168292
0.0379815998039959
0.04332205461422411
0.05252712170470038
0.059888112019215026
0.06880833392867129
0.06028275660084403
0.05004294074356639
0.041948538435510344
0.03856045854384275
0.03740851188174541
0.03479382961622021
0.039978184354912676
0.039785393309552664
0.04806985431332294
0.06682979292332511
0.09854838225259956
0.10966399310580223
0.09282013204468108
0.06239589356927965
0.05120886062243289
0.04356987148961374
0.03900959865417661
0.03472874334617503
0.03789164574381274
0.04370429654763594
0.05289150028540551
0.09188852470157839
0.15385938908391475
0.32544234348840456
0.16409914905493778
0.0912423653178671
0.05542138277173643
0.04005990720262152
0.037308747588816714
0.035395672340701914
0.039641238227264466
0.041207356216470245
0.05320024328332333
0.08297193119552772
0.339828514713725
-3.1855206603659685
0.30166864632560436
0.08377071656219605
0.054956835582746874
