0.0016368067346452355
-0.0018325334832894453
2.519995789899013
0.10019964903335273
-0.0706668452304271
-2.21701257627372
0.6755372093044073
0.01982369248370044
-0.017271790730338934
-0.08331201945022144
-0.0888406621753617
-0.058250613460607316
-0.04868627089542759
-0.06295070456569156
-0.2743038694655483
-0.1459879742066123
-0.08808220959431753
-0.15549080463221363
0.09344734890918985
0.6323853562074947
-2.6791469768059653
-1.6176103886279578
0.1436101478945485
0.26503472417570245
0.9721392543866699
-0.0001113046671983968
0.17632400912363722
0.2581612948022113
0.28732763689802493
0.18621873952935472
0.24013925660103624
0.2996124256187962
0.5207791903483019
0.24088928533032658
