0.00012924715123750275
-0.00022069348342310157
-0.0013716359017002847
0.00020609243838534696
0.06509683145505907
-0.16417452061076282
-0.03915465999345695
-0.05648645120138472
-0.13332638905232816
0.026028723871080784
-0.01596247159481032
-0.04749794510905332
-0.4323797318405139
0.7518881262228273
0.02971564599904063
-0.199315966211906
0.7387558851586847
-0.4417020754233725
-0.06956305339989967
0.0060780516881825545
-0.05535447793788598
0.022221459197019778
-0.18014124512104324
-0.15669860530392007
0.10619650106320006
0.5060371784502091
1.4948133569933058
-0.22592910597148644
-0.0817954079983041
-0.9719274888406277
0.1666138061634238
-0.20194115765895929
-0.07985764113841103
-0.12217613213277233
-0.0821722122513437
-0.10658882761412129
-0.4685925057999443
1.1114075639101666
-0.24764783919999722
-0.16468817315191492
-0.16805800672568283
-0.32737575301765864
-0.09732452584609978
-0.11942630701069493
-0.01333656237610114
0.1671075444475954
-0.07490103624654898
-0.028731238168622737
0.0912837906020468
0.2956638249403472
0.06620116230564699
-0.010381938538897632
-0.059478612474285854
-0.0909128728677953
0.10064688087787382
-0.025119583654666988
-0.10860962110465584
-0.2047206880988458
0.0457799402318361
0.002105242568067817
-0.4134467136586109
-0.7382361337706285
0.5721063948905404
-0.0012327766384388305
-0.14401014249948219
0.8623575140307433
0.08650908035031245
0.08976209150730217
