0.0002300772825467563
-0.00023054681658329465
0.0011512044448496544
-0.0010778093559224487
-0.00010666997198441363
0.0004593138894445284
-8.594867460220805e-5
-0.0004719868431139955
-0.22605029883586777
-0.2114513790049465
-0.05671133737499973
-0.0016795696338544105
-0.2912114303973027
-0.04068009689003486
0.04359459686450249
1.5857567225450409
-0.26958689012854875
-0.0029935006189981458
0.10196139140255893
-0.5218147834590067
-0.017111841008405522
0.027139792971499387
-0.13416801116507213
-0.006593365130747259
-0.09241411619930347
0.03713868761141893
0.1407668783747079
-0.1317011123257245
-0.1531127858094319
0.09382017042690718
0.045050625449216154
-0.46314771949532624
-0.2509727540044132
0.06456484300186353
0.4761164875710121
0.47762375706117965
-0.12619927137259968
0.11190684619705835
0.08801748490468699
-0.3379580211399905
0.007389603540191428
-0.0861825641718557
0.07030146419017438
0.05880700137994322
-0.11346295399177904
-0.1728675911537326
-0.2974577240188667
0.06954969343429694
-0.27695668725361855
0.6418265676871635
-0.16795742337386674
0.3739593327654162
-0.014822515399518852
-0.01389156635077025
-0.0982043206842001
0.03326968348780472
0.342474826406691
-0.2008695835927777
-0.2517582368046723
-0.10608943766682928
0.07532316931830986
0.916799966957396
-0.28631802203600654
0.07840764894036155
0.1557591394296206
-0.05087359370538685
-0.23122036219818234
-0.06710000889375199
0.014929833952843665
-0.19211115420136446
-0.20581158771541014
0.002757401702776329
-0.05155009508716042
-0.02941779917993508
-0.4491981757887003
-0.2864183428277428
0.20363835914514355
0.2096897638121416
-0.7616820482547368
0.3768232232508741
0.16843399796593597
0.18665696934695772
0.25205877483569084
0.3054711907235295
-0.003642308483492016
-0.0037778116428252417
-0.0866488372185833
-0.06133686071943824
-0.060413458188084516
0.02484895401102461
-0.06663642874526801
-0.039898400276025606
-0.06730641097430097
0.044790349503489424
-0.03666516976836931
-0.02963532591613702
-0.012277700349486175
0.09511908143908869
0.4290831538478492
-0.11994350532449767
0.18480887623013645
-1.0728569583091454
0.30638175551011065
0.43840118768762876
0.10513146498412718
0.36038101849991605
-0.37049377443877995
-0.06645263414203481
0.009669839094762392
-0.6692529900349329
0.37193893888118124
0.10065347475934898
0.02891848786504517
0.04048326305644467
0.19820919083787747
-0.01796989362618685
0.005758464953848857
0.06838846195837513
-0.049566504326089375
-0.09019680813552511
0.1904208977706614
0.07760332175776752
0.03948294165590291
-0.11062068087963231
-0.2800139067384093
0.012606024823643681
0.02249849930462855
-0.0982621576210838
-0.23564842954288978
-0.23926396990975501
0.018523441542390346
-0.2757039434193863
0.31051903492116856
0.0607864160081863
0.08173673823282157
0.4054357720501994
