9.749339948444534e-5
-0.0034061274056396617
-0.00013930045494665275
0.0013825128154800542
0.011034881328361524
0.010488672141899706
0.010204616377440585
0.017189657170312417
0.039245396173228676
0.09310441372532106
0.1856781413468995
0.27500676066112134
-0.11385724554031108
-0.04708132481196837
-0.027543059344925
-0.0031737847399422986
0.007422765297488699
0.00352905397334369
0.010579255118802372
0.011626962412200794
0.009996540202178073
0.015580660899459989
0.03905858564072367
0.059834320349135994
0.09630203053012126
0.05784180724321747
-0.0004028379403525856
-0.018600338789437953
-0.0018929154148517664
0.0004130424336081575
0.009221345887970555
0.004462482859055971
0.012416901076464636
0.015620837666624159
0.010752698142280664
0.01680301903889577
0.01949293112292392
0.038315582168094185
0.04234508534535931
0.04284944252887749
0.005922632973021963
0.003725088806195881
-0.003558730735457692
0.006873604060516849
0.009600580167652473
0.008162973936215526
0.013315020560579736
0.00969330174773675
0.012524354461039859
0.012154430254016925
0.014799255490310042
0.017487918417927222
0.025098088495890316
0.016536945236471173
0.0139983516341608
0.006496373024084622
0.0029757471195442572
0.001371182218340677
0.006708506406931615
0.008474860237559969
0.006527203172500443
0.0029995911571240007
0.007260933870715892
0.012247722471304616
0.008779658089626611
0.017774319126641097
0.015832774571373793
0.013586055706588131
0.0096160713439221
0.007998933100290189
0.008037137944521445
0.006342173227351115
0.0056615290083221045
0.006382749382375213
0.004027106505326731
0.0009187920045804847
0.005332087880153548
0.0082410549397048
0.011806548604255986
0.010274712575304892
0.008907821080670614
0.00465859956017908
0.006110589528905405
0.004320141162847598
0.004885408522695407
0.0036842633479202865
0.0030982600816431404
0.004361064606157615
0.006546371049103126
0.006653871178280024
0.0038255438976273148
0.0018958860754699912
0.003669904991972793
0.005461621364707002
0.002483279507353869
0.004106713427195862
0.006124570212910137
0.0055452833734651414
0.005693457716387166
0.006521340229407408
0.004087048812700994
0.0044773428109755485
0.007444521044693226
0.009066644517950648
0.009549066035647293
0.0008176292787112414
0.002131721999708875
0.0027021787941355927
-0.0013992776764030924
0.001151507754470512
0.0006261357730842198
0.0010397926609174743
0.006263850267529535
0.004526051917700526
0.00557736117886613
0.008488033565252748
0.003347460828068098
0.007542977746652442
0.011249599948485406
0.00570432459916835
0.001123669369120164
-0.0013254070281421395
-0.008933598295249399
-0.0003782112752113058
-0.004239691007035643
0.00012398500481590946
0.003381275538629184
0.004474992775992331
0.00609403532943926
0.004371489473551221
-0.0011039778104577347
0.006028483675478241
0.009962276801302225
0.0031016986251256734
-0.0005474326430584798
-0.005647412047598211
-0.005590642024830299
-0.007096218717010139
-0.008177778672760257
-0.006686457579991142
0.0014194971045369043
0.0012925183098179314
0.0036824160269107124
0.001195203372688589
0.001427397888668025
0.007070916657902344
0.0008398760697534194
-0.002909729321127937
-0.0018964119134404574
-0.0003706132669662678
-0.019904829017691018
-0.025762080751014427
-0.033012165696378666
-0.013526920234865418
-0.008170293890780597
0.0002305004319403591
-0.0035159239377205876
0.0014665030592901644
0.0019627242074791596
0.0052757671133262475
0.006760246299958226
0.002283674694614622
0.007173160111360209
-0.013887803511926516
-0.03587021580167817
-0.11495202068726086
-0.04712218624481974
-0.04306609893577156
-0.008322125125110184
-0.006846995159835351
-0.001029048678210705
-0.0014590363792562067
-0.0009567196114265876
0.007510829536394974
0.00730745357584285
0.009632909588470127
0.006262965794820529
-0.0013449848299095814
-0.07262851035107401
-0.27630211111873637
-0.13435530018585295
-0.048574950109209876
-0.034864165533756854
-0.010478347600661117
-0.00543742831386832
-0.003694129174011135
0.0035504756256596816
0.011836609165873554
0.018583136197026985
0.013628002452407369
0.03691975839955893
0.05269442833532113
0.218830675873981
-0.40799588751065125
-0.29220034025828184
-0.11087663431959999
-0.0282420008954801
-0.018307614943350668
-0.003341136385326359
0.0009300326979033803
-0.014953554618544104
-0.018863922845932773
-0.025891349283922074
-0.009763510778786007
-0.002127228420997905
0.001499229597982636
0.018092189167131574
-0.0042289601382767975
0.0043286110951310875
0.0061521046128605655
0.005578522059577752
-0.00592236272198135
-0.008408641631258602
-0.012380222038418778
-0.02428096121159492
-0.014169428051457142
-0.007835583490870508
-0.00013697768531239102
0.009203953357875579
0.025517684790556584
0.04324728770082226
0.04531029853682769
0.022293382531154458
0.010455723692746284
-0.009899745814769129
-0.01687800133762462
-0.023498817914983185
-0.03616180864473267
-0.008584615823866534
-0.0031264516410852298
0.004598075050149005
0.005345016352241586
0.038058738144463596
0.05505670840419074
0.11396106256331454
0.12659851401529437
0.09885638353074291
0.040641921885590834
0.018874406079435222
-0.00590380361351801
-0.0033743627858913777
-0.012061438583884181
-0.0175935916028983
-0.0024299102531477506
0.008945499462259164
0.016479864444138233
0.04132965961162583
0.1076656715054635
0.17980771823085823
0.3739102622531425
0.21703168223603117
0.12840584074826525
0.03051462950103683
0.0072449620121653735
0.008564829083643578
0.003390684782922475
0.00664391674622777
-0.010057521176400606
0.012966296017370711
0.010232105594348605
0.05686909243840813
0.10759054905618376
0.388839013220241
1.6376771859003425
0.6888995495307363
0.21327487467830192
0.10859577031918398
0.02057792103667569
0.026648136632367946
0.0035319310188738923
-0.009908977161277564
0.0029033161800729843
-0.01636480792838203
0.011444400756214272
-0.001638983705044855
0.03884198011503147
-0.28605870967966157
-5.82056602987445
1.5345793297447425
0.36038166762519486
0.09547160664115133
0.03858953060122828
0.021974765967601888
-0.008910060010582919
-0.023281199876050967
-0.016714690682567764
-0.022802367324783676
-0.013033332585091213
-0.027852325065020087
-0.10670002764177318
-0.13976483972983217
-0.3645257620732915
0.46691868595457786
0.1678646389469283
0.106432891544754
0.028196446509961736
0.0034095094702950683
-0.007604669802917519
-0.0065983992643083795
-0.021678307710596117
-0.023223521530832434
-0.0020959016243021055
-0.03131243393372042
-0.04178240195432743
-0.11440937276795841
0.021547276010513663
0.10738888467448555
0.11934641829628088
0.0487003475291221
0.031047952188292087
-0.011305906469245555
-0.010308238536381503
-0.01663043741853356
-0.013804257051583868
-0.01682855797602351
-0.01307814026206241
-0.019862678900767126
-0.04210104350593736
-0.024413927477443212
-0.035792634904776965
0.04619733817964027
0.03436188858506408
0.021467671722560824
0.005915659304131602
-0.01361943623498597
-0.021986225397469566
-0.017498250391792373
0.00018950906725484148
-0.012756963211287413
-0.001265826145045597
-0.013825833258832281
-0.01085468280996436
-0.016168123891012586
-0.0030176820222568173
-0.0070009028488863595
0.020729129461555935
0.009742637932540554
-0.00327403611476199
-0.019492898042582647
-0.020738590329528087
-0.020037450319973886
-0.025667502252398593
-0.026603846917608913
-0.030569676940522924
-0.03378486634267806
-0.03732710683692318
-0.011313138416491158
-0.004429997377876059
-0.004993388435326781
0.0012659174732871448
0.004069060253055808
-0.004542463044128716
-0.002428617364308508
-0.023096021800937495
-0.010241971030112663
-0.012186562375679093
-0.013379547634493217
-0.017410135119898435
-0.0147376022657795
-0.006659286003570111
-0.0068318577599520485
0.008070877385056546
-0.003264034962294237
0.0008889820428839255
-0.0004741077317125565
-0.010326560617415978
0.015264203352680855
-0.008968502133511401
-0.016914667595599227
-0.0291290026812213
-0.03221125022769062
-0.03288688107876274
-0.013288585055214228
-0.018793174457575973
-0.006192882412643389
-0.011533106799860856
-0.01780838698332953
-0.011789556506674572
-0.010479787408268932
0.006703072555991979
0.004538309203396438
-0.0036731270316023596
-0.02791143993039372
-0.02879193253167528
-0.04107348311800072
-0.007159347106316081
-0.018931616566557282
-0.01610235403849365
-0.01875606837557396
-0.01930763597592331
-0.019165130537955488
-0.025678099521744893
-0.021933201115860466
-0.012856191999418922
-0.02069324862022967
-0.018631816512804576
-0.00015745230834347552
-0.009746562392089366
-0.002588757235831308
0.0007434550211086492
0.036585676421079155
0.0387484583330043
0.037803823121640705
0.03283064980434442
0.032292105221324634
0.023566523717333993
0.02048585859588519
0.01304993901496813
0.009029447881119581
0.0038721702575421403
0.002743789665460862
0.0007332915697614925
0.004352629936811371
0.013588564786361456
0.02393118830039807
0.03168545903584573
0.02702601623934504
0.029459771776022704
0.02809551470412877
0.021660880254388042
0.020719605956366405
0.01465750009532993
0.009359175060159779
0.010216262957678234
0.009608587823772963
0.007374312956977313
0.012589342387849282
0.01367163136741315
0.024248565167903247
0.02324973463933798
0.024706367549304224
0.023651096495938714
0.02350465862561
0.021206141627878424
0.01771692327587608
0.010791047474070977
0.01312442836231245
0.010069438252738582
0.010591638035620974
0.014528967559124754
0.014948294587486848
0.016166199642288513
0.017420109494378774
0.022362454324165355
0.022465335291062812
0.02186190866769727
0.01997871959408855
0.01798589852886907
0.019027418849601737
0.015725167317187583
0.011269604307678191
0.0107976102744573
0.012583467220259686
0.011532879240000456
0.012480816177140003
0.011274174290210963
0.018122498819359983
0.02207133512629464
0.024720620308798496
0.02141339129123237
0.019434289627540426
0.017801751082358142
0.018728768682614264
0.015540311565284792
0.015258069416531858
0.01371819800194162
0.010524036754751989
0.011756019690697282
0.012113722668027623
0.014193678180089883
0.016712602699501932
0.020783613242902312
0.022050749354232856
0.023159329019995678
0.019526540627336237
0.020018907653371214
0.016386454382882748
0.015248329130576211
0.01375062165812671
0.011879391328563686
0.009844685373595636
0.007783404404238532
0.007987585048723272
0.00834635385341837
0.01814538269183305
0.02058097876805132
0.024184681070159763
0.023287876188542993
0.022649394438650383
0.019799269308890647
0.015167757311446517
0.014523576193409769
0.0157425691785343
0.009724699961608347
0.00420831770984257
0.0050769923506494745
0.004613180014672695
0.012053308958530493
0.01664737093582266
0.024290860849923476
0.023857117793358924
0.026452959743016934
0.02312943787340595
0.022381583522609824
0.019509853230573634
0.017361631905165136
0.010419909371360685
0.0099981760291087
-0.0008126916848005053
-0.007029076757071946
-0.0059700289098705535
-0.008605990418701017
0.022934741106898877
0.03280036925814324
0.037166937918261984
0.032086468580328174
0.028917169505244946
0.026557285167974294
0.01671817785394021
0.014217936095486751
0.00917976024254689
0.0033861167359113807
-0.013462570887804014
-0.025227461570868845
-0.05073525451490252
-0.02814208001722347
0.02113740612302818
0.06989138080938453
0.05177839598236203
0.04320952530876755
0.03213524285200814
0.027711659544312303
0.018770170983333095
0.012938114290566283
0.006894570721193883
0.0007849058104695589
-0.019929568183598322
-0.0675294768295693
-0.09494411579566672
-0.22703505863754722
0.20679877278686484
0.09399475909615225
0.08738123101540721
0.05440315372145046
0.03964934320784333
0.027199812597890907
0.01943656568322207
0.012968798415298615
0.00723727641562158
-0.00697749681251917
-0.0352466268017166
-0.07094671455422878
-0.253022330131933
-0.9779697747579778
-1.981108677710276
0.2951787440479105
0.1012810121011549
0.06803627494968524
0.040104062771811555
0.03161072201097069
0.018582104717518727
0.01626624255632696
0.0028197422841983837
-0.010103013729290634
-0.02019189542544027
-0.060751211058768205
-0.07266398204388196
-0.18832549870790535
0.19429340392206992
0.12796841335558382
0.09764900360297012
0.054692016670205436
0.04375819879181869
0.028985950992162966
0.02409449059213528
0.013935167759424974
0.005663278499131924
-0.007778434192703351
-0.014260279381177332
-0.020616746737986906
-0.041396929471694155
-0.0012565345139296975
0.04276263579835149
0.07996333513276847
0.053640024003013036
0.0472169471316177
0.034683478471091954
0.026793456144467227
0.01913368161511898
0.014000245442904043
0.007165862490174824
-0.0002651084538592722
-0.011119604286013891
-0.01783726494033043
-0.015007114886456277
-0.015409939001445381
-0.013673569441850096
-0.014269677677838686
0.003992588395136962
0.004076923948400784
0.1886896248120714
1.0118797631709704
0.21617821018646302
0.02369957021110841
0.009552545276787483
-0.007886267996208998
-0.012757367942462084
-0.012857477911739442
-0.013732289708054648
-0.013637138078296444
-0.01175433221662771
-0.0018154440337551235
0.005097516852200803
0.041500382784151704
0.07549733456466085
0.2499299712434168
0.09298578384517402
0.048496495477758195
0.008099330599483985
0.002360314857833171
-0.00808473462519787
-0.0105924246491746
-0.01084582652012176
-0.012462857984543017
-0.0071709437564463855
-0.0031171854329798314
0.008930915006065585
0.020184437760885892
0.060003908468619374
0.07210201644739576
0.06384516467864304
0.023613474906304655
0.008341629741098571
-0.0008792421099961358
-0.007612277576593638
-0.010800542558149056
-0.012980390968878734
-0.01239864124396332
-0.007909135104237987
-0.001904782115567263
0.0008227109770566527
0.015372963499104823
0.022460600329923825
0.0347280612414565
0.02007074061160674
0.014953419326369946
0.0034175107883779882
-0.00467085549700437
-0.009153796634065873
-0.011645149852979337
-0.013602320287090075
-0.01626618648431345
-0.010092714894488696
-0.009831508007939454
-0.005918581188928801
-0.0016265352137392066
0.008707823361491469
0.0078404383464681
0.009095253108254254
0.001074191263188025
0.00021368548800239102
-0.007055119730351966
-0.013276116760304067
-0.013118195386912154
-0.014558162818196633
-0.015634838187490858
-0.012418938088233241
-0.00911761547174064
-0.008510238741808004
-0.005953036138720051
-0.004431708770606206
-0.0001331984850158369
-0.00624188556748604
-0.00646947113107546
-0.009034514806969166
-0.011787871426617278
-0.016840887135965352
-0.012697141323110063
-0.01361248062997462
-0.014917563965216844
-0.012951364706937704
-0.012645256784129593
-0.009497011733450978
-0.011054528659671974
-0.01107301229642625
-0.011366702665190716
-0.014584543642667744
-0.014938950446611088
-0.012050705294261723
-0.012517929903455086
-0.016125821773795967
-0.01318509508332025
-0.0157687528167585
-0.01744106236841092
-0.015348821300069823
-0.01722650888384918
-0.018124856616854763
-0.018241305189093535
-0.021939755618479346
-0.018653603601272606
-0.01996074219763625
-0.020907628292575486
-0.016896683975368868
-0.016222697038479783
-0.017558023854715107
-0.015607328826205902
-0.016238194351283937
-0.019171614641156718
-0.019314054963199136
-0.019975041366894142
-0.021492717791646233
-0.025031758446497264
-0.027982761259216563
-0.03015755345641806
-0.028381039398824463
-0.026771844576388648
-0.02292530750211233
-0.01975428447460958
-0.021634173825230522
-0.019896492287392986
-0.019888620279888133
-0.019139437801759092
-0.022846608352024494
-0.022930140680224195
-0.027413954584159402
-0.031412081587202684
-0.03782310170166544
-0.037597594117533106
-0.03908416074343287
-0.03285265483028243
-0.029823869447120482
-0.021505494119582396
-0.021760657164599736
-0.016426461125543215
-0.017219544895524345
-0.021215161945967988
-0.02490787051072407
-0.026884759247721875
-0.0319095586074007
-0.047828858916576816
-0.051645651200154546
-0.06483108665765722
-0.05395416570953219
-0.04400019125404475
-0.032611705470077086
-0.025424217331580033
-0.021662606324218906
-0.019539468857657394
-0.019714645463871465
-0.020475429974239717
-0.023167733597251945
-0.025725199803623856
-0.03721483029782917
-0.05400103914982051
-0.09551834086841905
-0.1061842132202237
-0.08898491275691428
-0.0533911973491363
-0.04045827270665203
-0.026728625644041878
-0.017224421011944498
-0.019904676736463497
-0.019151031875293628
-0.019522068287732185
-0.019908831006062905
-0.03009876215600036
-0.034757013754899216
-0.07794597981146592
-0.12186098658029382
-0.2996816164805882
-0.10210982760995399
-0.07050279505960201
-0.03520663188430142
-0.024677290040272224
-0.0174765993413126
-0.01660467961937028
-0.018563426301957807
-0.017344226238441302
-0.018430024242169094
-0.022624825088884637
-0.03449952724137906
-0.0447958981275991
-0.19332926675166012
1.9751349832992855
-0.22121831149911025
-0.030118171528489317
-0.028565147410312616
-0.018475455527949308
