-0.0005639336024273152
-0.0014994533063143961
0.034144104251921985
0.04374481086268266
0.08062838491109481
0.1442182497309853
0.3098173769020214
0.14844602762698103
0.08522849402751109
0.04626775824455769
0.034821782863708885
0.028923106153829575
0.028066710509398574
0.024927440164302105
0.02605622561729324
0.02548874331935726
0.02937376207045959
0.046216465294361714
0.07560462560889489
0.3294790296788601
-3.177564187357037
0.2786988538040875
0.07560414917172976
0.047061383169627706
0.032464257932393374
0.029205349544366193
0.0238219760788895
0.023130806997100215
0.025876892626651524
0.025786350258665647
0.026321402643745908
0.021503467206404187
0.0003775674111361543
-0.07767859636376974
-2.5895086859738123
-0.07924074782824836
0.00019422574722008845
0.020188326771407614
0.025964113075676462
0.024225110009318332
0.02374797324889628
0.023605496916495435
0.02283643699010582
0.02322270721009364
0.021554398585259482
0.02192342057468262
-0.008487939476343104
-0.03459913779527289
-0.12934735153624466
-0.03209890631325563
-0.013095897552327724
0.01729780666373424
0.020701976467286675
0.02761589995108775
0.023615214785766257
0.025229156805644765
0.02243092914174336
0.0216600950929277
0.01613766541300911
0.015105199855621976
0.006531973140832227
-0.017479602050943188
-0.02176203872476024
-0.018410314880590847
0.005578096725114184
0.014247746026979905
0.019578695627869635
0.020824376607297832
0.02362729868526233
0.024431973969740964
0.022286967000255235
0.019434701304634525
0.016916419437860312
0.019186041339988844
0.0120450239809597
0.00838312882138292
-0.0032510387376019486
0.0055101208722961766
0.010526829092149796
0.01775916571660591
0.01647023043144785
0.021182447441584
0.02335403334303898
0.022619392144711366
0.020725319670528857
0.02121469517990261
0.02012058895104162
0.019094036557929205
0.018637609349500858
0.010090538998694812
0.010759778271502474
0.013294237805929615
0.016167119090138803
0.0170898834874401
0.01561653842307495
0.02054844250840888
0.024912433106589423
0.02129166739583158
0.022022670288491118
0.02067805836905483
0.024755412438045476
0.022404697234756733
0.020898961458707916
0.020452258840479742
0.018571204673853675
0.019353105620588017
0.019158093948891237
0.021736320015446245
0.01988634934479835
0.02279788541691021
0.024384420012247447
0.02412601807970914
0.02025338335557279
0.018472718801446714
0.022576000764390074
0.023325120235101422
0.023524813493580345
0.02262711152054068
0.025383226451212833
0.022372896137335088
0.024655599389471875
0.027455665911444643
0.025212027696748216
0.023251276715826927
0.02349832079150854
0.02264117324713784
0.020523280950134098
0.02204529852588089
0.024337300103171575
0.027225196631524153
0.025202881612447492
0.025871267478120387
0.026574451516183473
0.027998873236570333
0.02722618145176832
0.026553468143234314
0.02643152184126684
0.02418458587654624
0.02133895144667291
0.023989069553615478
0.02242984359613792
0.023217959476980545
0.0270960927427163
0.02658164135070692
0.02956672956124048
0.029811117278670644
0.032460046726133056
0.03367910460397246
0.03078421066883696
0.03004765994694464
0.026263207891149807
0.024430157505182692
0.025763094498422116
0.025581938347060424
0.026179872543612526
0.0242904805569769
0.0281173342705126
0.03048933761580957
0.034381756148981917
0.03765430547572758
0.039951167460475306
0.03969984035873028
0.03287602735764603
0.03008364591050048
0.027700903120966246
0.025712509296475256
0.025233121135395793
0.02573581527694774
0.02735255886869573
0.027321361406857664
0.030107125542464256
0.03435677634864768
0.046040375639938985
0.05273902598887168
0.060668522436265096
0.052403810295413016
0.04353046797050428
0.032932547843864596
0.032402383896889146
0.02685849339944668
0.024209568564900457
0.027110265142980348
0.02546874175944958
0.028763849729044208
0.033296017576318504
0.04176950292066975
0.05727736315157446
0.08467097613838823
0.09916985851415394
0.08520122563812413
0.058347259333430324
0.04099762255474433
0.03178011320439771
0.027119435267132366
0.02544396708086317
0.026514808815552515
0.02720437855496922
0.03225074301834037
-0.015528613618196794
-0.019777896373746377
-0.008866791772548972
-0.004194338741963025
-0.012561939111267854
-0.017528002217677207
-0.017316808620610843
-0.01078930155920797
-0.014437234692666764
-0.019181351420234024
-0.01619575765117464
-0.015207716649441157
-0.013211237323755929
-0.010544137713901783
-0.00997629696051473
-0.010477169406680696
-0.003537065281113095
-0.0025734713868219876
-0.013792438891752176
-0.012438191942276768
-0.01337124928017107
-0.012145287292207074
-0.018725080596330938
-0.014127610555757095
-0.00964669233746953
-0.02009108175241283
-0.011001581212283559
-0.005223955362619011
-0.005454986721846265
0.0023197174804687627
0.0040286961315329824
0.001996176088614745
-0.0011842881601869036
-0.004441164557880627
-0.010303027534813838
-0.012451958608840888
-0.015752343497427285
-0.017103479410462696
-0.01263186632765297
-0.018391366450000987
-0.01762098552997309
-0.012690854680081532
-0.0012266310133265826
0.004669612294625054
0.010943671178277091
0.01573860712907888
0.011087880477261272
-0.00017507581245438568
-0.008289016925631916
-0.014438925181537113
-0.008077785882733226
-0.010481711905681835
-0.01350616792777165
-0.010849059379817992
-0.007533044047544613
-0.003473648592751309
0.011233937303537564
0.025274818756441778
0.03272423859396995
0.04875968301706344
0.036538488128009416
0.01951154705253157
-0.0019625121509462065
-0.010797063028242921
-0.005508004696159671
-0.008613888183552411
-0.005975778431914411
-0.006808195101256916
-0.008870652257583567
-0.0006581239062097631
0.022302426390924574
0.04870214967464647
0.0866151009085553
0.10524124050531093
0.08120978146904946
0.015538062413534412
-0.0018787778517256523
-0.011927343730160389
-0.011441893894546048
-0.010181398479942575
-0.009224610169650697
-0.005868345579131488
-0.0050764256411544445
0.0035191270691502254
0.03831136954712299
0.09074824562763575
0.16784404362451774
0.29827198475761285
2.5985495332965343
-0.0012080693123158058
-0.014203073744677738
-0.011779692227793861
-0.0039965878052365044
-0.010593640419858979
-0.009225195892477169
-0.00956690630264499
-0.00018431360336616277
0.013030591809203419
0.04954920674522155
0.10934916417831275
0.2654002275223634
0.7649881408209668
-4.640120379495874
-0.4990385594124663
-0.07222679983959893
-0.02499854320335084
-0.011661858942665882
-0.0020959028352332655
-0.00170923012861793
-0.0026317966326511134
-0.0006171023677144416
0.011912760184925819
0.03259214168583148
0.08155406809059705
0.1677710815883761
0.30148662806148563
0.2980956468373977
-0.031387529350594114
-0.017662679674253126
-0.017806712945562724
-0.008944818449610172
-0.003950220842022718
-0.004914598980284662
0.0010701001064057814
0.003696548768123035
0.01792642496924011
0.02770713865527781
0.048048319624920975
0.08511543036325829
0.1170213130339468
0.1311962187921362
0.019844751668716985
0.0005586101208777022
-0.008995714233944314
-0.00587091631825532
-0.00955902657374758
-0.004986783407469556
-0.009121415462329611
-0.0002489858326039456
0.01141300062938016
0.007712669567240151
0.026223031006471862
0.034554990625031555
0.03955643979464345
0.030621539819653244
0.01036556887430685
-0.0017633138950620302
-0.008771401933073587
-0.00947301970608726
-0.01000676282341267
-0.0076107942976460265
-0.01406669326418929
-0.008863670845794465
0.0005833743375140547
-0.002590858669354683
0.009130134827352636
0.014941500734947516
0.011941311948753109
0.010726851619078827
-0.0014499758686555048
-0.004586412156420633
-0.00823395082272442
-0.007250226056161846
-0.01590950607909814
-0.01788340086317455
-0.014207438243953261
-0.00814692211181114
-0.007649835897749695
-0.005513191851709269
-0.005622021895413456
-0.0025612356842552265
-0.0016066731878491118
-0.003963963408323038
-0.007978015921114266
-0.015332946605693787
-0.01774399146960561
-0.01400040937515041
-0.012239000796263205
-0.014362339279398775
-0.009962263041636603
-0.014678075476367805
-0.005414701708605133
-0.011818859873626996
-0.013019245174124547
-0.008388590256093495
-0.00869173217716346
-0.0038368752686342824
-0.014890345977367127
-0.016966965231213004
-0.017461735236546788
-0.016628154403766308
-0.02429153713302379
-0.020417923103472742
-0.011770162911545652
-0.016310917948446732
-0.011483283483052473
