-6.454905280915853e-6
-0.015770017291679008
-0.0011392033312251993
-0.13471118683073052
-0.21653321074079382
-0.2059851633804861
-0.19730914242281125
-0.15121874584657868
-0.14565487205975722
-0.13614970649824668
-0.21873799301023814
-0.24306290839048253
-0.1938106846233412
-0.15818748948448774
-0.10602305976929334
0.03205443471078878
-0.4786129442373441
-0.270207319097147
-0.22521730157562556
-0.12620188823547976
-0.07632539018569512
2.706257032457214
3.3799607353545458
-0.45307340518754313
-0.20585132331391123
-0.12901720766025185
0.06907446463103312
-0.07933081388904108
-0.38568612060390445
-0.24699540296839945
-0.21463754118165235
-0.12263058738959272
-0.10232742707897838
-0.15355491464733395
-0.20591530061549035
-0.2355698624681731
-0.18450169530531926
-0.16119136372278556
-0.10971469343070853
0.040520048080992764
0.04770316235861949
0.1226194673593483
0.05088326657412599
0.04800368469146957
0.027552731066188687
-0.06726048516951257
-0.07966555895509082
-0.06698490777988977
-0.052097114208875694
-0.0144932236307217
-0.018178287472338024
-0.23352126644438284
-0.25028844701241393
-0.3397365012200252
-0.1509352887460097
-0.09770732116329167
-0.09805020759647425
-0.3975609457665702
-0.36052559480443525
-1.90474064806274
-0.30710111288859704
-0.13111184141867577
-0.11156851143228175
0.016819511527930573
5.270924915423734
-1.1479174953208047
0.10906454219030262
-0.03129342141332766
-0.13404336454501098
-0.14275742642151434
-0.07984398359911055
0.345849948884255
0.03373134719368248
0.06923473889817433
0.07917558944712957
-0.11313203419034876
-0.12337803838271297
-0.09063850542320766
-0.09871264341091822
-0.09093962397348378
-0.11852327576166742
-0.15416586226719947
-0.15280828610745015
-0.1902805120870784
-0.1980925973735392
-0.1953217455118213
-0.1525697734731957
-0.1628469482440965
-0.19441893419803058
-0.2231659105253677
-0.5077237385922236
-0.2061279914963685
-0.19484108870945885
-0.16790195388350174
-0.16265455643306437
-0.3766397906491391
-2.2256796923646993
4.86282967540401
-0.10430701777939402
-0.09702377280237806
-0.11157059108297565
0.02124708632383036
1.7346935817487161
0.1393726674175555
-0.09656295365576939
-0.10229603168978371
-0.07363487961723546
-0.05239793836970997
0.08976465577053366
-0.034044371601920656
-0.0700066072185451
