-0.019506571527314505
-0.0011657343172482536
0.002179815137608205
0.0018542071895585929
-0.037149160065929096
-0.02880836883207976
0.01887210699578855
0.18826454224542238
0.12192600263610168
0.08574256310105245
-0.1314149013757515
-0.37644073649953347
0.2594493825024961
0.18593510266862584
0.18740037290774048
-0.036620785156697915
-0.4154501048669524
-2.141114380319946
6.786637693180353
0.30332717009237525
-0.07642972551629813
-0.055798504932714335
-0.2506241663391937
-0.7913558296338594
-2.137287867546486
-0.4485676752218868
-0.10864979935481106
-0.11726231359555694
-0.15075407501841404
-0.19907348247156995
-0.39637495763984887
-0.1382649052424552
-0.07502309956750595
-0.011474445018502028
0.005743396770617675
-0.0757795015461762
-0.010670476580499307
-0.028702593395084852
0.07732368552147037
0.03256983935177615
2.5159176184702416
-0.4082073884873584
-0.1566031595358308
-0.06088222640611113
0.1973188233111209
1.4869842290499033
-0.37159484053000585
-0.23253822278678304
-0.16910076778426414
-0.07178228631025067
-0.04080673173159815
0.07582622068095285
-0.16908271899451496
-0.19193976424631692
-0.13359045603248676
-0.10445125740388975
-0.06051419745353272
-0.10969520863489458
-0.15072631190218158
-0.14527045902343666
-0.12984130142983819
-0.09171085904928217
-0.08456010686229
-0.08389434064858341
-0.13200303577693698
-0.17473956107427693
-0.11976178909341904
-0.08944626598718644
-0.04243734595337617
-0.07512574022039538
-0.3242946292735939
-0.19206374791870398
-0.15701133421608737
-0.048817162894150064
0.007755853135500925
0.08469047288512653
-0.21015659171422052
-0.15413613411800123
-0.17889509319849775
-0.19147020202087484
-0.4545987068976459
-0.2675249323215548
-0.15958822616039767
-0.15370892268112848
-0.1398669062258454
-0.17812966013573897
-0.1880333032432865
-0.20639252936130864
-0.12600119375036867
-0.11195031918195565
-0.10636633718948443
-0.0700124041954541
-0.09879032228822761
-0.0884779699690626
-0.07202698312781282
-0.10144309196324641
-0.05291114003617012
-0.016825589207146698
0.1545632085452924
-0.06547940895987141
-0.11394584976310235
-0.09349242295599315
-0.07796172961009831
0.1352830060511841
1.575269626619417
0.09299303239968008
-0.16085307728590006
-0.15378637984629984
-0.11921852227266505
-0.3258335392994503
2.782965087830189
-0.35609647425815877
-0.11334201046004229
-0.08164747165192872
-0.01931194743502918
-0.03208547540503712
-0.08823728027967688
-0.15712196801746336
-0.1594339367636541
-0.056733446167112574
-0.013826673865441973
0.03853023168209088
-0.27169662015481627
-0.261730739542492
-0.0928390779873605
-0.05460752493813526
0.12143998364295386
0.2888710998236807
0.4709018235280256
-0.3083702232282435
-0.009836974426798472
0.02876941781915266
0.07757088115756632
0.19300025586279868
0.30870353452081767
0.119375794468562
-0.004448388364609297
-0.010831787165789152
0.05807284121498654
0.06857373772713272
0.12364921253596221
0.024982800003467705
-0.0736947193596498
-0.025287476980029817
-0.019196379111972348
0.020731575211399296
-0.0416631596659769
-0.03992990782747615
