-0.0006891912400781181
-0.00018050741608436043
0.0018662156262134898
-0.00028129498568652597
-0.00023814702848105128
0.0035067602389773763
0.00034549695222141526
0.0014800348122619065
-0.15069654805472832
1.4483833578827037
0.02926182762031319
0.015578820517622338
-0.03271301469232109
-0.10125538823728446
-0.3740090000592552
-1.566933154013182
0.16924173426125336
0.055203610894343356
0.004665847099504761
-0.08534905192260725
-0.013409039019399063
0.1917725562111616
0.1475255009230977
0.08771130549170779
0.017814662273943297
-0.01685325300284687
-0.0077577146075102224
0.08378609801845949
0.09361169804806287
0.04766400403353447
0.016951033493936042
-0.005511374261969392
-0.020179476913857557
8.095661236981206e-5
0.027693679557973815
0.016735497928474535
-0.004189904293827994
-0.025562547495393752
-0.07385895021009957
0.0017886428805800741
0.004308543085931423
0.0013349982527835103
-0.025457067654412188
-0.05827889136348057
-0.01339945722609258
-0.14071847643726124
0.11924721297923369
0.03749628738108892
0.0315766006322359
-0.019836439932263722
-0.01080705319631281
0.00973911794297603
0.0005298106953342116
0.027741110921741394
-0.002930484066732652
0.011287988829848371
0.031401750204776216
-0.004877963431986262
0.006461263304895094
-0.028436437590714986
0.009352522513863582
-4.8081131138828694e-6
0.03031179186857836
0.116933422366345
-0.09977511438988636
-0.024701365414254245
-0.02076642810429172
0.031211980178023124
0.04734856283072575
0.171887583743408
-0.4908239187967919
-0.08232552039165239
-0.005081318826702319
-0.007442392038939087
-0.10963808026382407
-0.48084608859912387
0.7973390686365699
0.06279552372917196
-0.007632667205601124
0.006882414199762526
0.0565573585325774
0.05350158830193729
0.04542458414992721
0.05862293061969507
0.061081224874186144
0.07843759401909933
0.08274987650949897
0.05040419854480099
0.056373020330289
0.05605496937364463
0.09217519966490392
0.0856853953849963
0.08771335054400027
0.07128572991362638
0.051969912506103125
0.06205019881338581
0.050946728467752306
0.23947386294797443
-1.1215392948829317
0.03844062003091259
0.06362344056236645
0.01658753644562193
-1.6160602311866104
0.2811264046629185
0.09531714367018945
0.05977804437583162
0.048933224062320674
0.06397889193236642
0.07895000173520003
0.27090275874011444
0.07686689073186724
0.043719914975454466
0.05332948220927774
0.05008999809414312
0.08474889812870043
0.09619855133375654
0.28821773645301446
0.07406290161989885
0.0015112972973969174
-0.13044010722569546
-0.3135382338355152
-0.6473029864322857
0.023959429591708135
0.03248837042134875
-0.03649746418850001
-0.08141074059168804
-0.16690330593313504
-0.20521521021805886
0.011000767941224208
-0.004872432766009755
-0.008359354200508151
-0.06859208884442254
-0.06954263561952587
-0.08661732751644483
0.04024638331034812
0.042478294624322975
-0.011807617648642535
-0.017699905664848494
-0.03354614177324027
0.0590934320771009
0.17576640307212069
0.06430780369928386
0.02747338610913052
-0.03544400527897468
0.022966832390945678
0.18203678333039786
0.2876858463224923
0.13619661378244458
-0.013924626163151805
-0.050732069112646445
-0.1674081778924857
0.6679621496312766
0.11682986260857048
0.15937411054478043
0.08961617855079869
0.03003620625651005
0.018182620322597272
0.05446775899132142
0.18848040157553533
0.4630347624937734
0.09790302645232121
0.02634200743145046
0.007817140495747887
0.06309906386121117
-0.302751057804758
0.838633661570775
-0.20617455985922187
-0.10622341654317163
-0.06677625153572565
-0.06033104644247847
-0.1682405267363251
-0.3104803751550659
-0.23483733307612295
-0.1236666622393893
-0.08333774346059196
-0.08433415665846906
-0.06759617284121734
-0.09438378791771145
-0.10315184072489313
-0.07057116006104272
-0.05583273875403142
-0.03987964947161268
0.026111858258163926
0.024269474136049397
0.005686444790981071
-0.018605590232286775
-0.011877137262339344
0.003466628240991628
0.6262787673533488
-0.25453575398071815
-0.08864688041421505
-0.021237678762215717
0.013588846335777168
-0.04331129159502338
0.4097231144793364
-0.22860521627716454
-0.09495005032675616
-0.039007431392082736
0.0330924654567048
0.12762005798208303
0.11276702807243903
-0.08223576096383385
-0.058534688220506836
-0.02116009643590277
0.02416833396839819
0.06827369359535747
0.058293968078379346
-0.028671697057943278
-0.02169819506294134
-0.013422681688150206
0.03187317852455488
0.055289240473631165
-0.006096698058939346
-0.02573246661468417
-0.029479967248089253
-0.005880205648445461
0.017373150376620985
0.022555034904513615
-0.3126791895887457
-0.10192537606933452
-0.055248943280934555
-0.025034931928377163
0.013316035177600383
-0.05221771427283155
0.8260137734537929
-0.27897795700024935
-0.09432697304899289
-0.06595512629585963
0.10904782607149217
0.5336869165884902
-0.31126980183483266
-0.22520038852883095
-0.16356518004566167
-0.04789215486535953
-0.023081532429316483
0.06701039769859828
-0.11956834589375957
-0.16343525236025225
-0.0922488494061449
-0.0764343804841648
-0.028948502205797578
-0.049746964348176076
-0.06954022279564173
-0.0535606683961185
-0.0763848546932861
-0.038819633078098735
-0.04676931994259154
-0.019496866484026796
0.04875130640529993
-0.03015120857411152
-0.02637835432582485
-0.04325217365600976
0.0005642723355972906
-0.026558587762221864
0.5790643599363113
0.022255913834932552
-0.05089400412587483
0.0003876773469609963
0.019885257780869265
0.039889601117541786
0.011846346779714021
-0.15093086586600862
-0.033233324349340336
0.0780813832667019
0.09824195314796601
0.04124289580962937
-0.019189993490145628
-0.03784886278619366
0.0018352386421445401
0.07291007623691453
0.07914344591311857
0.02327237618465058
-0.10777731873678342
-0.20992932910529546
-0.054847819888502417
0.01965473917293867
0.035411921059186245
-0.05305335217925358
-0.13421446860534172
-0.49143075384230994
-0.23318793701791443
-0.053145053197157024
0.001604676017261955
-0.014865349639566105
3.601232925789759
-0.8296419068561228
-1.2526761301870935
-0.028060509765363038
0.01944095011040805
0.059742648655367624
-0.026045027130303593
-0.49446077496407365
-0.16882437318740673
0.06524012270865236
0.08037901149819131
0.05578243990045352
