-0.004708512500059608
0.04946963785742025
0.08098260820615213
0.1310477178939073
0.19900312932523403
0.12906880209355331
0.0765632627578534
0.05010119352589335
0.04000898545536694
0.03362615128662328
0.04542669198904049
0.06386309548444945
0.06679910981024745
0.05482733065682207
0.041764522431187515
0.030938153438219932
0.028836409012916255
0.02339472402371061
0.03148700407040761
0.041535242698433186
0.039586456964309374
0.03399649438245873
0.02822538108818861
0.025305413000294857
0.02117896420669722
0.024997968967269465
0.03211001557728293
0.035513522834915184
0.03260483463288533
0.027966400023239125
0.029108520887776095
0.02321269943590066
0.022577189081066422
0.03213710445653958
0.03722374611465758
0.03861068741535306
-0.03442452473621971
0.03835328061223489
0.03335095853973136
0.03423375677974607
0.03002198592960869
0.04589784340906822
0.06521490208244263
0.07351454446391073
-1.8610582709176209
0.07357891630857703
0.0661663486606532
0.04751872823393988
0.043334359133409814
0.07243866352542559
0.12470975288294399
0.3311410832558324
-4.960426191846787
0.3351898602503095
0.1273839265504404
0.07130558758997235
0.054657677545119535
0.06884950400254834
0.13123245895402777
0.2574632606954767
2.4792621846009477
0.25667554491981626
0.13199914818886338
0.07103119951572881
0.05498433631151006
