0.00219800448113097
0.0016606607515554748
0.006894612668742614
0.01902582594408282
0.03809445160263528
0.07267171950054023
0.12382381175872992
0.07266131147159759
-0.04783280448547864
-0.01815879460872409
-0.014181864238207373
-0.0025773437895784458
0.007049802133196666
0.022192879661191246
0.045802314997360864
0.09821839031564755
0.2896627694298382
-3.6065852459961447
-0.4427253638334223
-0.05826642264644009
-0.021422607719313404
-0.0047563165860323
0.00602422666408028
0.017266061944913827
0.040756034373585465
0.07760179580846377
0.1729192275450587
2.379292384789064
-0.051599786910293835
-0.037922657170778196
-0.015120919375349743
-0.005839877404000272
0.005743612230704596
0.014734285105809704
0.023655621888326032
0.049833379416218224
0.06606350130409128
0.06559697092219807
-0.01073826608550862
-0.010470675933119811
-0.007460931792354736
-0.002556613657984536
0.003589658125661947
0.009260478314063132
0.015869953470226423
0.023627203085551097
0.033207935306785556
0.021986459815895656
0.005873110280283404
-0.003148291669773294
-0.0024748496107598926
0.0009194959797078786
0.0017100854573099404
0.00490263011585956
0.009163455780984675
0.014105477012759726
0.015626365957952058
0.012245587861452044
0.003826665170649563
0.001682985672408661
-0.0005992532934914442
0.0010363654534843278
0.003461223223732021
0.004808114802771084
0.007763885889183872
0.011392316631005971
0.013092495629981295
0.009600757609911597
0.005198989286018358
0.000689385337898424
-0.0016699517762232363
0.0010837164860431035
0.0027945019858319907
0.005369846802492688
0.008804242741145517
0.014176335755421257
0.015281807339412977
0.01621049582591647
0.0064772166389520875
0.0012281866149618874
-0.0013864351912551667
0.00020211926603413603
0.0031602915056005796
0.0059456886631630585
0.014733446535879855
0.022375584985422275
0.028112913815838015
0.01892556021273425
0.007693690779024221
-0.0008086750996057571
-0.002100073141354515
-0.0021101337269910326
0.0041666057404138234
0.013381579510352177
0.02283153754026061
0.04301225214330238
0.05800082031224577
0.05527142738630047
0.00433914367668537
-0.004951268220752781
-0.0029434337316845824
-0.0023962344979921875
0.008928049747917862
0.023968147185118426
0.03289796376114961
0.03770062689306584
0.03891193842197826
0.03928099574750401
0.03957718562199706
0.0378335087377314
0.02506503905307707
0.015762322167967538
-0.01458441716582586
0.010007065756403156
0.03239074521125018
0.036978884599655155
0.04047323093076498
0.04274911174711313
0.04636988952214562
0.038546279905098416
0.028475183722420937
-0.06205099366135639
-0.05835211478089431
0.01872888412159316
0.0373686342858864
0.04397190438760439
0.04345730056904292
0.04769066473156972
0.05175546361735252
0.05881336371862382
0.04912128625384595
-2.320266098290167
0.31436029147578926
0.09010052327013106
0.06019577559832177
0.048337106758922575
0.04771257821923336
0.05108375641763527
0.06693279066178817
0.09942610541794458
0.33756082577552055
-3.35069847341589
0.17037604442235957
0.10342020794967982
0.06445282525628786
0.05377206763698359
0.04919435588686502
0.052998707060360285
0.06611167857734027
0.0958645604938971
0.15467932627906572
0.32394540202505273
0.10958298392166294
0.07486414145152717
0.059012238882036674
0.05097482671490358
0.0480116405955204
0.05130547933582919
0.058810892606873
0.07632016387364957
0.10586637723364521
0.1296539183410088
0.07014133751410859
0.06044343634967991
0.050809579388056386
0.048909512548057386
0.04494521300788503
0.04705543537198446
0.05103771409063356
0.061627179545108615
0.07047988370473676
0.07805150691904775
0.051948254990025845
0.04671251606069966
0.04347419709873665
0.04290752170010102
0.04172906850301621
0.04369132092581311
0.04485403834425787
0.04849519964765637
0.052277725850771076
0.05117396453508682
0.038329894801999824
0.038505178775422935
0.03919762390024753
0.03869207293491328
0.038311856095185795
0.040323865210055126
0.04343492495614422
0.043890416108705435
0.0420125225506297
0.04149996492302161
0.029105859885916636
0.03235561032615264
0.038327957495328184
0.03765208369468928
0.039719821437366055
0.037373460941488176
0.040447431751244635
0.036370624852333874
0.03501264652123843
0.026872418012585886
