-0.0006680934116082708
0.0019867347157007534
-2.9129183748944478e-5
0.003517521862173065
0.0013605662185730606
0.0024549413755148193
0.0022907741815240907
0.021746667072608576
0.03966794046402182
0.035920376844849895
0.019517461126805295
0.02104946048795554
0.01914345149374562
0.02792979779524694
0.033304851564017544
0.05264641171353838
0.05412348432052749
0.06218307942882825
0.06665996365240566
0.027095778129657622
0.022308323311397888
0.018378062660512267
0.024886516237114086
0.026899197279645966
0.04587982575018719
0.0630171491309281
0.10072376960449514
0.08628087040577062
0.06401968019585373
0.036950473089901875
0.010771110431431
0.014355014441145982
0.02259824187615027
0.03741234900489374
0.05072195290254439
0.10171278772229675
0.13251541415923782
0.25461371308566266
-0.13862649105012662
-0.011127746853281665
-0.0035538402643282042
0.006038576719947076
0.026942840763043402
0.032770214750169585
0.06583391489879035
0.10238470795233186
0.23229904085912706
-1.2615136524635329
-0.2211993759650179
-0.06732734104370476
-0.03657324521151635
0.0030238827657137826
0.01598328261992474
0.029766275261046284
0.031059797962762464
0.0718686847020197
-0.004025066371493453
-0.6904073981891322
-0.0790669389669942
-0.055287559812682886
-0.011907157309982345
-0.00021466050842137833
0.016029620783172875
0.016623587923310843
0.024677715926027598
0.0121789859748128
-0.001872877455846864
-0.20533500059758353
-0.042437158344001844
-0.018166490417903816
-0.009067551700605758
0.0061969905639860864
0.009218311146032552
0.020523837793726178
0.01696493021182366
0.01825327324549264
-0.016582558714606892
-0.03724389793065514
-0.0043049574445772594
-0.005215194478115546
0.008678364728350896
0.010722490533955272
0.015108405975283904
0.018940915829914213
0.02573576090756849
0.012553569303691251
0.007685268385469984
-0.01301832347160872
0.012773991845508577
0.01498829396059139
0.01382289019429543
0.017221992409574446
0.017712666663984064
0.027190856981416697
0.025356813615832793
0.02737255036977012
0.01973530571614945
0.018123967425867495
0.030549714299092257
0.021041650188374766
0.02106274923149525
0.019417242082708792
0.022838158327043452
0.023976065478319555
0.030998212812519292
0.03475316801107485
0.040521553227748176
0.031166881641479502
-0.02087075680432906
-0.01112138788080799
-0.006251758808144016
0.0006430054233470792
-0.0006802738885027637
0.0043483478628434085
0.0006758942915150834
-0.01518597007972862
-0.016428271044557404
-0.016983231570868226
-0.021896797103021885
-0.019637002348838157
-0.019054704685494958
-0.017119804366100656
-0.018184025829512767
-0.02502853962281858
-0.026484431602341534
-0.022558194722781925
-0.024688334217311127
-0.031227311184115973
-0.03603926577352052
-0.028316403267187398
-0.02678128683625226
-0.028481293699260626
-0.032874340330278445
-0.03824237217653437
-0.042080797864623126
-0.04162370473580883
-0.03771740724116745
-0.03249760636009821
-0.03053772337851273
-0.022641202722994098
-0.029862838556399353
-0.029688952944956836
-0.041277576952881506
-0.06821436861649587
-0.08155544918975924
-0.06229573633213024
-0.050803233875142836
-0.031519222019989517
-0.03983568901264567
-0.027258345090710345
-0.019827827296643577
-0.02075999311997689
-0.05341015332672798
-0.12776783069476338
-0.13801013894162253
-0.12911916282774277
-0.0804791322997206
-0.050875995747891194
-0.03466213420051305
-0.017243078572501513
-0.004247290133736739
-0.01741963849567255
-0.04721462429609893
-0.28303458994502756
-0.28934747765760466
-0.17461677052512725
-0.10630986113746105
-0.06017161172173969
-0.028774973753461112
-0.012104228768400893
0.01109033775690988
0.07275701323298635
0.14719343425671855
0.3748224846851298
1.832653784031837
-0.17646747640451493
-0.1043512165147634
-0.050397036104705
-0.014011321790079453
-0.0004773054689916098
0.026688497178911228
0.06404419190174913
0.1579034088172853
0.16866848315561012
0.1739194764274391
-0.025944140405819965
-0.033049930756469115
-0.03263473526104577
-0.012296887642762582
-0.0005617357230426234
0.017756450154900516
0.051841158681653766
0.06335479982863014
0.09283696373914063
0.061182184280053876
0.0034075150018261693
-0.012007796884563412
-0.01337588951839503
-0.015031655464745984
-0.008892664369314303
-0.00016632402497792796
0.017096301866494662
0.024940027730230935
0.024424464964839687
0.03074413595720846
-0.005684047116614795
-0.01170322343661154
-0.019196849849530843
-0.00032778391964019354
0.006264120152338009
-0.0003536102637666202
0.0035811710931116904
0.0028121747529924537
0.0069396925840110035
0.004945019330629059
0.008697273065647866
0.002203534020819866
0.009483875250306232
0.004072145605501952
-0.0041859108114232855
0.005922243163849466
0.0016541641566499862
0.005377850955445908
0.0007556913822058581
0.0077905705949135725
0.004673263041420727
0.015038064565873643
0.0005667916549880828
-0.05732693258537331
-0.0027846515553099005
-0.0038104880192328643
0.005655494812495351
0.004884931645888941
0.007361380839878741
0.0054000489331776065
0.017023455586340434
0.009738353524401847
0.057283274528400145
-0.8203549352783815
-0.024860070070975265
0.011140549070550084
0.006251253145391139
0.010926291806217613
0.0038896694554939187
0.012874190413837435
0.006030510236639046
0.06063068942032178
0.3796387721252021
0.16394254743250727
0.09868866801667471
0.018764039021609193
0.020147076883057204
0.0073236591110631905
0.010036731170961485
0.0016842075656243643
0.010832301486225816
-0.06712996714003587
-0.3658840602950829
0.06893474706898123
0.022791853450621406
0.024719599732997356
0.00857305378088122
0.011345471993911933
0.0034637167028673753
0.006880397184707637
-0.004210462281144689
-0.00588831129777072
-0.07981354883852461
0.005181211281934664
0.02074088963301107
0.010338288642956831
0.012870690756171286
0.007073919301049844
0.007952763949743626
0.002814790136192563
0.0045742299028413156
-0.010002266480342515
0.0026288297623712764
0.01201928529025076
0.006769386006267859
0.011854702384685334
0.0068026525667794656
0.0068856038591450595
0.0036645304385888957
0.007606140648888634
-0.0005922788920897845
0.00536357453016684
-0.0013924315817291678
0.004664003661300039
0.00861980343322091
0.0051378288093901
0.007316621520160864
0.006050350576571508
0.007567613972247037
0.0046998449453897785
0.006594479632178649
0.0037291426732249345
0.005496662811624874
0.008336543013613652
0.0037361458908585386
0.00641766953418682
0.004606448723724887
0.007296986300404901
0.0036076614148152094
0.006284733555514733
0.005410059803913989
0.007135999525769907
0.001933038522510038
-0.2337266428746713
0.031001393022847403
0.01902416137727263
0.011992489863934981
-0.0008356924600436094
-0.001540519642655952
-0.02628510796967935
-0.05085915989419058
-0.26651445618234965
-0.8409754927414304
0.20207356600529214
0.06459532154310677
0.04762520415375827
0.014458266976586146
0.010007097322893817
0.0006108287326701432
0.0018077399527000187
-0.017570606320632027
0.15402015323438428
0.5391395228761648
0.07922666747837243
0.06144029180420622
0.027902237994449155
0.021732748833878223
0.010585828261672856
0.012944523326572074
0.008029642809157808
0.023323313991073277
0.05395248835920382
0.19211335904577265
0.05364200996764413
0.03266062902553217
0.02804992823220243
0.017421955607883108
0.016207505249062722
0.007709270235435311
0.010886387286364712
0.013918756452771654
0.04442479729625217
0.050066059445714906
0.025969058569783737
0.025279122777704808
0.01386463708477288
0.0130983427232153
0.01090976922026368
0.00881310639995913
0.004163095263204539
0.01885227552368062
0.021144272327461154
0.03543194878919297
0.01175370519533006
0.008540997434407204
0.010969333795189717
0.008279227534517562
0.007869706871490075
0.0014008613432542109
0.004630812104281702
0.004507678865689222
0.009217010673797186
0.00923562380677368
-0.0006291542148641811
0.00514700009756818
0.0046603090570137475
0.006848330066693266
0.004455458428205374
0.0054980036916526965
0.00020928573445735336
-0.0034922906496677583
-0.006042871072227903
0.0022604328646165773
-0.007076794976720269
-0.008499020161737852
0.006487561875336916
0.008533999113743902
0.010413154721283875
0.003852767243743217
-0.0010784511084018609
-0.01465737114550255
-0.013755663078403944
-0.023578788012514857
-0.032435981760610154
0.0009668838120670761
0.000718215719344519
0.0070580157260878035
0.003989434781426377
0.0048814132554775794
-0.010301549414249185
-0.02145758648177389
-0.05127366094167853
-0.04702299143131246
-0.033416448930029416
-0.013320620763031442
0.010158947694669839
0.007509374554233047
0.0034312802202171515
-0.005539760284840602
-0.014556256232872588
-0.052904818711968324
-0.08591380916248806
-0.18714303986749817
-0.025693379581917742
-0.028537904721863547
-0.028853645236342422
-0.023841998443265417
-0.0187612831006201
-0.012656200770063162
-0.009445434870630844
-0.0038523226342384283
-0.005770257960552867
-0.011561484041321759
-0.01549470071815333
-0.02023140482093456
-0.022335181858616736
-0.020989523056300124
-0.019418018564343338
-0.012116846207400094
-0.008100491733732956
-0.004710742569085874
-0.005423926386538043
-0.007941702758335407
-0.012638896440051728
-0.016750748889718545
-0.021405508370553612
-0.020639165076477558
-0.016791844379336274
-0.010579762610186155
-0.005158189847464203
-0.0014820997489278203
0.0007933543827223626
-0.00390978782466223
-0.011395790784067036
-0.021565229126709263
-0.02541613223569867
-0.02159966486530711
-0.016884036712926338
-0.007853080160334635
-0.0027433181063599124
0.005903317966288397
0.011706456277751765
0.01176528280313257
-0.019226622077672558
-0.040917323107337776
-0.038926911669116764
-0.028971709218140795
-0.019087945185824472
-0.007868106830142519
0.0048939850019579225
0.019417869083928386
0.03824270720591127
0.03623636437997499
-0.020331206417150454
-0.07245531805595382
-0.06125384639344708
-0.03838665323928448
-0.023503229261268885
-0.005349921552912662
0.01267253560083176
0.04306153517430981
0.0796034857026601
0.11789747943495842
0.9822423468324603
-0.21038305868307375
-0.08421817027942759
-0.05093387371875912
-0.025919791195709977
-0.005437038204058745
0.01920250658058182
0.05835406922125655
0.1705741073836799
0.4667575167399005
-0.2775215852764199
-0.17163632195328304
-0.0899476800143219
-0.05138507188786118
-0.025646543615830287
-0.0068365144332478865
0.011209519171903302
0.04397830893233325
0.09148062586334874
0.1521596041689996
-0.09385800743826779
-0.08002152253571114
-0.0587014234240556
-0.036357788828204084
-0.022302048882270022
-0.009560069746743676
0.0016106530574860915
0.015384173071269465
0.029400544487134507
0.015926119598841416
-0.03437148706483101
-0.047241782160568964
-0.039535537967290445
-0.03108013303680933
-0.0211709435673744
-0.01258370055888859
-0.0050975913787548194
0.0016148487131328155
0.0017277561620432644
-0.01224089630138895
-0.013144882980543062
-0.012538926115081365
-0.011430494450607403
-0.007259391160523059
-0.005653573246417188
-0.004996941606703872
-0.005369900109666124
-0.006466538402431403
-0.006625052744079615
-0.007822514703797166
-0.01327885429444845
-0.015883794326705163
-0.019976937350055842
-0.023529772777859136
-0.0186646568810037
-0.015725131186262925
-0.014669629326435035
-0.012920005348495925
-0.010758440325481322
-0.01078570302005528
-0.013019008408995034
-0.019041394081283435
-0.029562587325639374
-0.033652808161472265
-0.03935190998501635
-0.03356161922519828
-0.026636610490386032
-0.017691399253742524
-0.012536147783143574
-0.009890256384426076
-0.015117152060251276
-0.02473579221577886
-0.03800728793366933
-0.06165877568204048
-0.07157839228508861
-0.06489304756006367
-0.03543773831016826
-0.018621453428898125
-0.015840075223116094
-0.013932709519486544
-0.019959328283849727
-0.02998548364814598
-0.05726297563919098
-0.09379700960022794
-0.1833721752392509
-0.1276508807650685
-0.04751730040293514
-0.021114909295415145
-0.01074699938030796
-0.01452488481063771
-0.017851128106772772
-0.034778393251621194
-0.05872451414855244
-0.1555615191024638
-0.6098002904408044
0.8484120582538119
-0.03674888219220818
0.007101532357599269
-0.004065698942163923
-0.013021002549711053
-0.01168102241083166
-0.014504221103575625
-0.03070510256390958
0.023530914191823515
0.43773419294726124
0.3555854124139759
0.13791052973515627
0.047520053214785266
0.014089685300293203
-0.004394938370586127
-0.005984031784973291
-0.007532121309138062
-1.4252825149001507e-5
0.024092045358886628
0.12952999697360076
0.1305401076585685
0.06518689067492045
0.031911771149247724
0.009815019650455694
-0.00129134520601458
-0.00568630133629333
-0.006443974670771296
-0.004071232109203562
0.01593309698933426
0.041326953004774354
0.04161428243234108
0.03295042191149022
0.016531555479639796
0.006946660705031413
0.00013020750672155493
-0.0073111265448245095
-0.009834397265331734
-0.0032545218594539297
0.005054593882979573
0.014627603130151027
0.016972147175484217
0.01154867813865767
0.003892025860070083
-0.001591592739313107
-0.005037582814943768
-0.0015052157281814221
0.004535342305984962
0.010924157412532652
0.02216829567680051
0.03518368914186586
0.048648989433103876
0.039664678955863564
0.0477950042240805
0.011176471179856946
0.006131078160664936
0.0014742251685511158
-0.00018511668739157805
0.006723881755479513
0.009434750602435822
0.02013435304885477
0.01716255748239035
0.023169718554465323
0.014274722554018045
0.004528903558618674
-0.00030241897427068
-0.011310793526754567
-0.004028226342682965
-0.0012431190786670906
0.002125577169843838
0.0028245851781469214
0.003639880858340793
-0.004977102479254958
-0.005209404710549268
-0.006750263191394588
-0.006082249468231562
-0.013701917787136543
-0.014601652129308678
-0.005504613358519207
-0.0035950907309687534
-0.0027948187698793713
-0.008919623709979186
-0.012667993890909576
-0.022097409423616588
-0.020987011944142528
-0.020879054111637194
-0.018851846799834586
-0.01185186612990395
-0.004772673707654574
-0.0031345166681259937
-0.006660713123455601
-0.01324307241000859
-0.04421164887244029
-0.055116783796198075
-0.048946977335315306
-0.03370629886935502
-0.03009878296823406
-0.019977184351771853
-0.006543520948591083
-0.0008053352454382911
0.005281385934629854
-0.026778078194606942
-0.08675943983087098
-0.11927166314673686
-0.09398931754527455
-0.0629831233897401
-0.04264222045274818
-0.014230751531757803
-0.0011690706061316817
0.015353201598736146
0.007877716644519547
-6.63113415657105e-5
-0.19301527834132962
-0.21365207261522312
-0.14957853064925242
-0.07888346816731152
-0.03310040161357376
-0.013200615860989109
0.008017156772152575
0.02951665434336679
0.09758210700400693
0.18399092094955855
0.4356990771970495
-0.447364692804485
-0.1470983860449969
-0.08598272935749025
-0.015661208915569637
0.004762423684908901
0.015510418310579838
0.04041311201548584
0.07166113360011915
0.15986004508463322
0.22117901528445139
0.20077514453911066
-0.004273104934341683
-0.017059611710482415
0.002700854284753998
0.003183640293895029
0.018918513822011145
0.031537298119943366
0.06664631777175091
0.07997286523224874
0.1257865187942562
0.06861875164561457
0.022386369902615028
-0.0026271099049215603
-0.0468481810198582
-0.03530768733728283
-0.05028797664459812
-0.0472634239414342
-0.031823052854021136
-0.04442244292118989
-0.027038505664596573
-0.025127739943124533
-0.03699678103082554
-0.050787047157232326
-0.0816027629263154
-0.07626316557085087
-0.08308690213770899
-0.08220077067598609
-0.046665243161837455
-0.029432025369048556
-0.01968464090406171
-0.02859245070123658
-0.032899136779871586
-0.06300497974597631
-0.04228040656465723
-0.059973946143338584
-0.10989480653494853
-0.1184273834692986
-0.06341828929147626
-0.048161738685497536
-0.0202215187592387
-0.03470639726405459
-0.03870385910068602
-0.03672162797115831
-0.019663344436112527
-0.06913990050815116
-0.13352774576014256
-0.11862163300054324
0.11621247983633433
0.0196128425618681
-0.01559673921825319
-0.008838134289316301
-0.006696341434698572
-0.028780455623684732
-0.002764059806931778
-0.0031695726375663815
-0.051789877563921845
0.5508080188900086
0.9096223568412832
0.19961480499731474
0.07937974380726302
0.011198095618843093
-0.0018468746646923757
-0.006660919816269487
0.07250878734790983
0.1143572389008068
0.3752824384436716
-4.369799654965167
0.8888545290957148
0.3552865085383602
0.11582777725592777
0.027915814180447942
0.00653779906446106
0.018229935063367154
0.06818854444213056
0.20550862873238895
0.15052243192965134
0.28121039656414276
0.27512263607932547
0.21133356226581576
0.08037800133439783
0.03152162152058675
0.011087615671132032
0.03206693606491813
0.07076628882155785
0.11377829970685602
0.14316019152930817
0.21748436445334657
0.1664705075083298
0.10954515028547587
0.029368000854308903
0.012688348535509252
-0.017701117376832186
0.005995344976897139
0.011583029115029446
0.06519301280774686
0.08541932751492207
0.0975898001190455
0.06787288918573321
0.021406125683010917
-0.00411216737731533
-0.018893735262974158
-0.005890327116263262
-0.008099036470618525
-0.03163064647982789
-0.023253800152799233
-0.00862248630486105
0.014161924962459401
0.0015420024759739146
0.0006428682528912726
0.008925257551773083
-0.003120652698105288
-0.03148556259557411
-0.037932621673539516
