-0.0012679978374255901
0.002203721890477085
0.00039053852791520933
0.0006290779524193388
-0.16239657891288295
1.8093994003115614
-0.1921580693453815
-0.043728203763343625
-0.041159205279595344
-0.02999122909304103
-0.030066498292215506
-0.030489742532643502
-0.04237810253355623
-0.045731341955099085
0.13737232307276698
0.7855078069689541
0.14253177154266636
-0.011727684314388904
-0.0132693267084498
-0.02356869336209243
-0.020465526946746585
-0.02489509194690146
-0.010141900004637546
-0.008826839641521214
0.055135330028199044
0.19142317413765156
0.04776774327317572
0.015731928331099168
-0.015966756046461437
-0.015708157529857585
-0.01987651673107253
-0.014271698870158483
-0.008905370131045571
0.023651784204370384
0.037563899845573685
0.041265134060886104
0.0332680083456671
-0.002075487974686416
-0.010044414536466496
-0.019953748043499586
-0.017882228829555903
-0.018302751198053482
-0.00810236120144393
0.00303308312405631
-0.0008318271938230402
0.012863350821950205
-0.001666595915087521
-0.00989866239826447
-0.019665765151781502
-0.018816874998836344
-0.021136465248705986
-0.018244691390527666
-0.017142100523183493
-0.00793879056486001
-0.0156547951096592
-0.01847902413719402
-0.015505597431317245
-0.02477527115642649
-0.02362388716664919
-0.024521019507325253
-0.023411119914945162
-0.02496390747916439
-0.020918532801028313
-0.02108467681067928
-0.038024875401560854
-0.0364761514658237
-0.037748871443094606
-0.031164547929984663
-0.03299913596406209
-0.02825137160571702
-0.027226525026032934
-0.02591460629125516
-0.02970157335215181
-0.031086577607884337
-0.0516149035952214
-0.06471316617013498
-0.05486928668306208
-0.04710642750443221
-0.03721563474384768
-0.03504843124100613
-0.03003973656172787
-0.03359205587261085
-0.03593743379329136
-0.046122279822714767
-0.09168479296650775
-0.09432756212727511
-0.09024553872797625
-0.056906885451490294
-0.04498120564291503
-0.03323787743734018
-0.034658951171454296
-0.033805942509474364
-0.04365277742776257
-0.054458573761226724
-0.10931932474082513
-0.25629121769919366
-0.09949606486859826
-0.07431472728094177
-0.04415452290210054
-0.03831685853951506
-0.032608778343335754
-0.03747409395797132
-0.042382802778343005
-0.0752794971253088
-0.009467357891260872
-0.006580229421295659
-0.01117092435569169
-0.004559381604018271
0.0022172892975253814
0.07677828609493605
0.3479705499396864
0.10066282059483239
0.012875018660965035
0.007055460777078783
-0.0029401101892025266
-0.013419351496118661
-0.014570383086211017
-0.024336464238219075
-0.02993608529238291
-0.17789491973933405
0.3127410533913651
0.3145033896911677
0.0706532788935768
0.0027177671198699415
-0.009824242701532617
-0.012608039827598734
-0.020408010549890124
-0.02558081883559407
-0.05828713542324499
-0.10312899692377377
-0.17305635862575905
0.08206839458387123
0.023802035711449013
0.011477319670800129
-0.005098298831765857
-0.012889262073437824
-0.017269433594155753
-0.024741790373041427
-0.03459423646699717
-0.06012579686475285
-0.03090653534802364
-0.0020600808706357603
0.01078084732511427
-0.00037282865065829457
-0.010383207836907505
-0.0113382592934131
-0.018518860012781576
-0.018055699529206208
-0.031121080917711624
-0.02872641557384453
-0.02754100678400566
-0.007216418524916289
-0.008997587183100205
-0.004225129455342794
-0.009745952912509272
-0.013041329874377876
-0.013643759015491886
-0.015453160909941454
-0.017321209821336586
-0.022163892360518724
-0.017420866978925257
-0.01304698552346845
-0.005111345064973221
-0.009085466275763263
-0.015675060220956095
-0.013389479300399474
-0.01158489222516728
-0.00949901465402788
-0.014953100351901198
-0.011852282391520344
-0.01447565236467469
-0.009799816217808876
-0.012085035580383893
-0.012304086059048615
-0.012051874169819572
-0.011871713324815684
-0.007612777785852256
-0.012287897451776409
-0.005748583035433434
-0.006024072710048742
0.0011371494187083254
-0.008775716501991342
-0.00887337515774379
-0.01357524909745469
-0.011243951226329452
-0.009204956137721248
-0.009414837195275484
-0.004512422470364599
-0.00525266044770702
0.008057165715363572
0.005058964969344564
0.006670784230657894
-0.009473724587584671
-0.006586306693948684
-0.006503999342035718
-0.010581408850082259
-0.009393949472428853
-0.007388722504416064
0.011903466537196839
0.02628131667071844
0.06317482526482196
0.010719133381031911
0.008587348444293545
-0.010312334564699365
-0.2509204615531178
1.6866873744070279
0.6793207984368336
0.19593525001082757
0.04220415052890754
0.012721281802283645
-0.017407357137752377
-0.03268736857719154
-0.06098686393618792
-0.09396308906624967
-0.10231307550342955
-0.18653374598479677
0.10772781536299586
0.0557710201385105
0.035656951490527236
-0.0012107586387293053
-0.016660876640028483
-0.03576824516550311
-0.049795191120686456
-0.08986871097135304
-0.07056188135962864
-0.03875621955975178
-0.0043470499352865795
0.02324310498699996
0.0019055577264538855
-0.0019150825440980403
-0.019035164748553827
-0.02693735911516659
-0.04539121745911945
-0.05287447688084699
-0.041037891472325366
-0.03864790459101589
-0.008927642217191178
-0.007494087328897412
-0.004201731216638004
-0.013090995049441759
-0.019141274968548453
-0.029531132374390957
-0.0340077786721223
-0.0434298186322876
-0.03552730356554248
-0.026106751507188303
-0.02164947046638683
-0.011357430197104714
-0.01408516566268867
-0.015775750815243614
-0.021753988251075867
-0.02445074449303569
-0.03158008041558743
-0.03138281568449564
-0.030606619532732197
-0.029007512953707713
-0.02008321295401126
-0.018328665425851237
-0.012633634076932292
-0.017693094852638234
-0.020950004979732206
-0.02624988960121411
-0.02607848183294996
-0.031009365219100384
-0.03384445671671503
-0.02555569242374899
-0.020396771277350307
-0.01179304211534352
-0.014743716459231143
-0.01571477042310706
-0.022394205244114587
-0.023127266038683578
-0.030729751730519627
-0.03212083403607301
-0.038019814023818085
-0.03577575289545524
-0.007949616581854816
-0.004950401964552119
-0.0038961395958792716
-0.013972344598796337
-0.018906854380073876
-0.02724916772155508
-0.03220417521416946
-0.04065272175276323
-0.06727950695314294
-0.03348000722352303
-0.005152532700131649
0.025529765574657484
0.006593837179472972
-0.0015441214000103442
-0.01694828697543807
-0.027527901619251196
-0.04137467094005353
-0.05065459107744643
-0.09850831505152152
-0.20993024942296806
0.1454963397966
0.05239396651772111
0.0336310440526448
0.001529641381780354
-0.013221888020393814
-0.030374918131533785
-0.045867805913598715
-0.08553124249080557
0.014676248300238904
0.013004455585724807
0.001996321157650802
-0.009146759246210216
0.00591394100485989
0.014589456579047259
0.016387916704073392
-0.005167374688706432
0.008868710503648927
0.003493020304528772
0.012122982399895607
0.019635867653337347
-0.0033306026675388634
0.005785848451673632
-0.00047039154618961536
0.01814237377899727
0.0014863029041424338
0.011424241510868342
0.021402600286074852
0.0316603590566098
0.06974476658712556
0.03186744523290826
0.016020012199102568
0.008341948839495225
0.0037092182522135797
0.007977305089000936
0.027461370964469767
0.03535241147810298
0.06692445371585205
0.06177076243499676
0.12060787123040348
0.07861784742226924
0.018261751255260274
0.026492628408724912
0.011837794769241634
0.012166193434457524
0.023025266323466975
0.0763378325495407
0.11586518573661093
0.21928678193452678
0.42001660474416375
0.1194482794033136
0.057447309913947094
0.019630232222864818
0.01985197120913119
0.016226721776969818
0.02995553754565258
0.05348066320562762
0.2690449862274976
1.1078295432805902
1.0471645016517908
0.21069208441387013
0.05418521116946616
0.026865811599497125
0.007666866139058149
0.012113281398089254
-0.009167860201301517
0.021248779444353508
-0.325110265163148
-4.360511492670528
0.2764173233048101
0.10354413694892262
0.06989729809989854
0.012022876946662321
0.0069357961762978905
-0.0097986020827078
-0.0075513239244869535
-0.0854492967900222
-0.1069438810865092
-0.3136928349253249
0.0442315406205941
0.06942687887260238
0.03298522074507176
0.02844841947531474
0.00017240564879438002
-0.0014041124034362227
-0.008911257409612409
-0.02072653531065253
-0.07667657992271086
0.021898405586346432
0.03631009861166078
0.020957596488628476
0.022256226123495676
0.011071733038169078
0.012457416206376132
-0.00973001550735983
-0.0016795402963254752
-0.0251760187466165
-0.016059576194837825
-0.009227735471411216
0.009174090216647703
0.027208979419103767
0.015728120564135934
0.0035401323665179628
0.006915300544830599
0.0029330185100426066
0.0009959142212677208
-0.00487114260411935
-0.005100785729930638
0.009647176362454168
