0.0010755834172759971
0.002205819821975088
0.002851156692776022
-0.0016227777857163567
-0.002644499667630916
0.0002943267473324893
-0.0007986201482843198
-0.0015134162856826482
0.008893513547623551
0.009732304341934696
0.0042108306692849595
0.0029208673811563176
-0.00048116102255299584
-0.0024662531977479724
-0.00488651997184544
-0.006189855859855107
-0.0015020903928581147
-5.295935129067189e-5
0.00528836014438212
0.006786213633830014
-0.00824854444536824
-0.006177439428807392
-0.007677704315830607
-0.00587206768509423
-0.008269852020612591
-0.00654592973471315
-0.009388279746044883
-0.010720504763588523
-0.005514455971188589
-0.007033340280462229
-0.007950186628934625
-0.006445848001656903
-0.017821425206055768
-0.019623244536885333
-0.014256843303716078
-0.016731172086440455
-0.011330133936892719
-0.00900475697673224
-0.009349436552340062
-0.01191855037843391
-0.014327287523656496
-0.012447521983116803
-0.01512763859050518
-0.017126176431484934
-0.029868176807920352
-0.029652054558238307
-0.026950824195725868
-0.020561982898258904
-0.018178250632932873
-0.014119768143077013
-0.016087438713402798
-0.014429469972065555
-0.015453122099843295
-0.01631117687139496
-0.02178100488526495
-0.025859607401294095
-0.054191986737635006
-0.053514616121025635
-0.040832610726611214
-0.028970477838793463
-0.020072817918400147
-0.015618163422809576
-0.014375963946020877
-0.013895768462857203
-0.014357733028794993
-0.0236866249951736
-0.03136538315558301
-0.04411885304856559
-0.1019735542823422
-0.09139793620509105
-0.05958732272802692
-0.03327335746894887
-0.02487889654580882
-0.017067808542465736
-0.013850637043454073
-0.013011443576814146
-0.017195531547984765
-0.02487234005053936
-0.0444061647055114
-0.07227520832627178
-0.2036174877923471
-0.18101421070611534
-0.07872236200553988
-0.04333002028612377
-0.023942782176404123
-0.01817805324257692
-0.012428888262181186
-0.012704121920336082
-0.01588594259800439
-0.027341397529395777
-0.049054308559192426
-0.09336174655802776
0.8991951535218339
-0.34410065758816233
-0.07373985345190964
-0.022278869457243333
-0.018323728789776353
-0.01066948405012404
-0.009021805039573857
-0.006941725880006085
-0.014430854550264863
-0.015612960014862756
-0.03011343866877555
-0.1034764563917194
0.48761602397931264
0.2566754352482406
0.09065904843116158
0.009505002095653473
-0.007794248009057701
-0.009852253906281812
-0.0030739630080660104
-0.0010638760512849245
-0.0014549847070213736
0.0080503592792383
0.0468333790542342
0.1175724261186667
0.1534780058953082
0.15090701363998968
0.053555110416117685
0.02524401922892906
0.00030620885702404817
-0.001309574148147156
-0.0007871980487716387
-0.0025271570203847064
0.0026177360641021995
0.01758840343917374
0.041640234569348754
0.07918922843041715
0.0691061304696324
0.06187484781827194
0.041288424092514896
0.013409367705469319
0.004976803378761413
-0.0017739628305008044
-0.0015080225710925547
-0.004567595638612689
0.0017090714770363075
0.011153259851350005
0.028922723476930208
0.05403517171578869
0.03243672643115744
0.029238155652938063
0.01684425213631249
0.007976707005547704
0.0029700190378496175
-0.0012278962628964258
-0.0021098920691861815
-0.006671372007804693
-0.0013387567898507512
0.006135655761673842
0.014168591314556134
0.02507233727088993
-0.0397227037342578
-0.023423920341422343
-0.010154879479448126
-0.00013929430037742967
0.0013002095003228917
0.0012568191443932603
0.0020129748691606214
0.0017579605326047366
-0.009978864423731578
-0.018102624779431892
-0.03460106648196153
-0.04190502146679309
-0.08095895197992654
-0.042927127057664195
-0.012223684301222632
-0.005712568777117373
0.003048592775520386
0.0013665467589298902
0.006242398516939964
0.00034930374018530457
-0.008794089823313209
-0.03529462373026437
-0.0665090099003334
-0.09256284348625458
-0.1596801082300231
-0.05347951014965028
-0.024005674973846817
-0.005362554386514816
0.0008245127140424353
0.003536758053593738
0.003928842331427984
0.0007265399533143192
-0.013853722861921672
-0.03369337023129286
-0.07833298409973133
-0.19263023845916588
-0.19847179493260145
-0.03395279245747771
-0.00021284674951733734
0.00018866340788218651
0.008409691104535431
0.009060832586922267
0.00914379849554467
-0.0004228017320624068
0.002072529586162149
-0.01075663053178793
-0.11359085334407171
-1.2333828191797678
0.2143926371105663
0.10896755065821208
0.02465740658530544
0.005156719196017614
0.007329094139051321
0.014639263001407277
0.014374197212172275
0.017063544610159083
0.025860062701387396
0.07347429265056635
0.13097382903323132
0.3905615958538529
0.15695202515513154
0.06619105776319442
0.04141548913566243
0.01457814809510349
0.015431572641584804
0.016928840692904203
0.010696947489062884
0.019450030756731126
0.04055959218828593
0.06327079447953354
0.09288580151643305
0.1488401931392783
0.07478762332782285
0.05844958689911643
0.02867321362342712
0.02243866111217934
0.013444152748940126
0.013970312373138286
0.009028577072099739
0.018239208594589412
0.02777311337474097
0.05223071114816567
0.07494845623319936
0.09053723025817126
0.043366890175895734
0.031219896276046467
0.024218943768430645
0.020019952605727816
0.015492802671981158
0.013588200961624162
0.007571220142114596
0.012594325314405483
0.021002528712053218
0.03166593351297112
0.04422363113009884
0.04849566923766773
0.02645563164341916
0.020988579800061236
0.01823271036065825
0.017112987234242927
0.013368161013940099
0.008830584184711323
0.009113111946762627
0.014211519711098686
0.016002808489847458
0.020712944896139066
0.020345702878488442
0.02378663240282413
0.009540066181121826
0.008918261586688868
0.009913456308206555
0.005762075185671444
0.009662025115543314
0.004157739568362683
0.006480763308011368
0.009436583529056929
0.008511110348382289
0.005619541865375089
0.009210945947108765
0.0060538333325539295
-0.005467085656543913
0.0021981694641595574
-0.000964013609200697
0.004969479274806738
0.005776585963590189
0.005174935846211824
0.0041084494238549495
-0.00015575496837679067
0.0028917719407849673
-0.0023826902246603266
-0.0038126428935747886
-0.0028472772214438134
-0.012432745469115937
-0.01122155382300875
-0.0010320529716332234
0.0018108409032180093
-0.00015969421953844986
-0.0015137189510017876
-0.00039602934340193926
-0.002167649230428854
-0.001718568978243465
-0.008247711442298517
-0.012733184846974945
-0.01602415794288538
-0.12275739436262474
-0.006980096696213137
-0.01935145487839226
0.002878072392148811
-0.010115987021232191
0.0011562313551875879
0.00034466924068387705
-0.02194562126779872
0.03983868634914468
0.18455797605909174
0.3337895453611489
0.2951758432220545
0.022688872696504544
-0.06837014783754582
-0.02646039589644063
-0.02106398939675549
-0.028002187855864172
-0.019331126526681803
-0.020169054744033434
-0.02036035403970842
0.01926594674665994
0.059305573815457154
0.10977837490257637
0.13496233034811095
-0.026976950258577288
-0.04529017622419483
-0.03612088890642694
-0.00904998382301142
-0.03520084935534236
-0.03017576983372256
-0.03302339153837928
-0.022562177551652886
0.0029679280963249514
0.03729158444516992
0.016515567265556787
0.03913918420149956
-0.0183080002138555
-0.02565052745588665
-0.03218392414714664
-0.022389497708926166
-0.043253371201659896
-0.012821818854184956
-0.01498431365556251
-0.023553888310391836
0.0044423903253246145
0.020810714985730304
-0.0062738347815208505
-0.010673135709681899
-0.014924334918552266
-0.021103753315939285
-0.021882586383324725
-0.019848161322785322
-0.027862289802166526
-0.025868634530045072
-0.005692189114724361
-0.025683672324827874
0.009529054297525895
-0.005821668130572781
-0.00765421577588756
-0.0022429397482897507
-0.0008102591882441562
-0.020255509597034854
-0.03654290279430527
-0.03767104067049675
-0.013338900418406126
-0.01568984926736318
-0.039413411620442075
-0.003024861320464373
-0.003096702510015683
-0.0040317794578218
-0.02456094578846333
-0.013811521066605398
-0.0049444011482240365
-0.029838168042159715
-0.046502766304447316
-0.01971282474834982
-0.04251064184988282
-0.006595372950840613
-0.011106565901680408
-0.013269516732382865
-0.006242903812308245
0.0011051786305316586
-0.002874945147682195
-0.015799063058080223
0.006913363303870615
-0.026906579913302538
-0.02896267954857764
-0.0091170319666447
-0.022661536402822417
-0.013509779741872008
0.019552225271388567
0.011346132526540653
0.021628896797387935
0.025288590951211835
0.010057864741635223
0.014062957944488027
0.04252156090242251
-0.0109779272672476
-0.008441889206886698
-0.0005638859440569109
0.009287958616910008
0.006254383726011038
0.02083155210378956
0.007252092131520393
0.04797474724879737
0.07357763850647758
0.0809453373475439
0.02333041927326787
0.04290215262019256
0.05382421762580807
0.0020105086655139086
0.019594109036860628
0.0018599457009965477
0.0036704771192746675
0.01846353202515144
0.03693559866777614
0.06382592546862473
0.17414559045088107
0.16444628504460482
0.23376374611985015
0.020851479336615113
0.05899345123366093
0.04582041067766056
0.03764121218472835
0.0007133743381493225
-0.014398352266851105
0.017733876652174154
0.03307652275007113
0.10652707474485655
0.22587563667633562
0.4813922847375092
0.15045677482038164
0.20411146877637448
0.035658026486260076
0.029949201642417128
0.03915588602679774
0.021702153388492143
-0.0052813758669115925
-0.018280881205659866
0.003847737156602129
0.08455200156983417
0.29433479931922013
0.4347860229756175
-3.3265593784378558
-0.0003906070180643435
-0.0012550437721041618
-0.0011555822589831004
-0.002155952574516087
-0.00022647326262335366
-0.003683421784047388
-0.0034237580667696244
-0.004398748930876328
-0.0041749506926657895
-0.003968575098988656
0.0011734380349573972
-0.0024938855270352817
-0.003177527533577975
0.0012654588027174684
0.00020424582750547629
0.003384699332521704
-0.0014368226811944764
0.0011168116236194188
-0.007571020198903196
-0.00017316653812249035
-0.004894227528460396
-0.0013747690491389124
-0.003138194462582059
-0.0028584838532924326
-0.0018134998974381296
-0.001037297515709363
0.004091897009910745
0.006287490616819844
0.014026284628612754
-0.005884164083982545
-0.0005994029180468982
-0.011155550618576007
-0.001881063678299748
-0.005125585784399515
-0.004267696045920816
-0.0012924254344130514
-0.0005781851207538381
0.002065150936824138
0.00036262081766481804
0.013569617907496199
0.01353156694093856
0.05683129736942899
-0.06937299565577505
-0.0018325614090558752
-0.007569365108376034
-0.0009575114221238746
-0.00411885993487838
0.0012580329846209257
-0.0001595476337366368
-0.005151549651220554
0.0040239238661352005
0.0028530609538205166
0.060830644309927226
0.5408930456678571
-0.2494180168560467
-0.03456200899640378
0.011952472166835358
-0.0009002071386429392
0.0019291139837303711
-0.0013976308254396582
-0.0034679358242975526
-0.005158585208238947
-0.01206281591119
-0.01120714501024453
-0.07259286926928188
-0.7602620189691757
0.2661770132423217
0.10344746724586398
0.014161510888118442
0.011443305214126537
-0.001678551924507775
0.0020158818130861862
0.0008719074051340518
-0.00584090299957977
-0.006359485414475091
-0.022476327177206757
-0.014049234020143657
-0.06470614216260384
0.12159195372537075
0.03573652342104334
0.027708627200991962
0.003967181435065374
0.006074058138646221
0.003723443028062168
-0.0020704038890185456
-0.003360374849361829
-0.005669141003424337
-0.005670347567102602
-0.012976036731250787
0.00491014790442956
0.017054552901457805
0.029216485033330655
0.009538777217519388
0.007155487086621021
0.002581897893554776
0.00295339753915268
-0.0016739084929991875
-0.0035803862558996757
-0.0030270267455777453
-0.007485237170939625
-0.0016296426062670207
-0.0024522170808687705
0.01531307083795181
0.00826363591147631
0.007893795523325337
0.004432049321434491
0.0027175069459249353
0.0005636605047565101
-0.0025671495854146294
-0.0014682422590394121
-0.003918827508378583
-0.0021195815726965106
-0.0028214858538369693
-9.76615348836738e-5
0.0008697952541092901
0.003955588392822174
0.004526519103358376
0.004627501256514613
0.003631357044850834
0.0043545967589722
-0.001839173222262806
-0.0014424704456876423
-0.002180157897898355
-0.004371629243498468
-0.002926378809595486
-0.0021461116830825975
0.0035138942371960844
0.00043751173229156877
0.0033546404274889755
0.0019401206047875003
0.0014668145195218876
-0.0002913422136848621
-0.0006711432986256297
-0.0011412909058840504
-0.0031622544428953083
-0.0026083525818973944
-0.0015632329980648863
0.0006219719104453431
-0.0032360075742568447
0.0003620718681245633
-0.0004785491178262774
-0.0016345299435909725
0.00025242871484465945
0.00038964179747581193
-0.005707011966102246
-0.01165113216225883
-0.012370701358222642
-0.01565292806777525
-0.012659067390204842
-0.013556053283153673
-0.009923530727013248
-0.01348345973328804
-0.007139907635926862
-0.006846842675976576
-0.004884530922953695
-0.007549994047619993
-0.00743374822767841
-0.009990802540714315
-0.01284986760172349
-0.012474835052013907
-0.013605199663831218
-0.009887221151363848
-0.014803439835042426
-0.005233044231785804
-0.005586980485989569
0.004789094838160231
-0.002297975987305391
-0.0008856938873429382
-0.0072490777974757665
-0.009435117251052507
-0.011861978723485345
-0.015680817641757272
-0.012252458204603396
-0.014577942116539035
-0.0017378402090434946
-0.008865631404958378
0.016087176406026846
0.002339510498507986
0.008228266232661818
-0.0014983377311426041
-0.006015831269708987
-0.006062559733543361
-0.011463960971834643
-0.012516592324988418
-0.02132048690948425
-0.01202515096769189
-0.018107287317312676
0.03169919837960647
0.009477978295008451
0.04128272349750371
0.010901621752704132
0.005389583027912897
-0.00048794391254969446
-0.011682705928806523
-0.015509377993406353
-0.02661959400425625
-0.023121056212803574
-0.040976929049382084
0.0030538917964640392
0.28175224370207425
0.03880250254027481
0.050626768168908765
0.04424449316498048
0.004626201971455787
-0.006039343761677708
-0.005975515247097912
-0.019634058750611715
-0.02613622311549165
-0.048200233879110724
-0.05729473414814077
-0.16718045271994528
0.6339507513509134
0.32635093756708294
0.15818075382210342
0.028967744977001608
0.015218150437353766
0.00024099589902606999
-0.007152108779327264
-0.014314147318802161
-0.03035738600504351
-0.03405027522983573
-0.06665190083826945
-0.06929000408183132
-0.12927374190886592
0.1247888360557816
0.03772303058696355
0.03155811177241932
-0.00033984418749173563
-0.006198910776406594
-0.007445302603146363
-0.016651591504431743
-0.021291294981085576
-0.02974963658334337
-0.03313643459978644
-0.04933695142483727
-0.027172314642087858
0.0062366003817288865
0.027848398822303257
0.003827603835316765
0.0016587522178463181
-0.005193946190378991
-0.010169023221372605
-0.014082153483256598
-0.020777021103369438
-0.022743424144411134
-0.028966398839774227
-0.022852990273825174
-0.02826877597427054
0.0010982472816528368
-0.006704224774749174
0.0010698091359753177
-0.002584726235676702
-0.0061640616195049415
-0.005951832133276992
-0.014748310656552965
-0.016452101927642716
-0.02456892887567903
-0.022297232868129804
-0.024444638777601304
-0.015853466703306635
-0.013485610684781383
-0.005181511314756585
-0.003372698957099162
-0.004199056186422074
-0.006692805013261986
-0.011002897225865844
-0.012538169951093803
-0.01579161863166879
-0.019580128408279007
-0.022054941421491153
-0.01849502287960586
-0.014031224096747076
-0.0060609994600133305
-0.00643221106047351
-0.005846905298910627
-0.008334591506743719
-0.010995282071679097
-0.01161355323860254
-0.012983995360903737
-0.014737881902360235
-0.0188397431975397
-0.016700717546638887
-0.015808266497716616
-0.010817289134930897
-0.013190810426248183
-0.005613464411384955
-0.0059020489479100924
-0.009078234884487016
-0.007872479651010537
0.002639777143510215
0.014589466754571808
0.023366260790313467
0.048581782514461117
0.08614460078929896
0.1600423610871854
-0.8637379872165761
-0.3395219603442529
-0.1322272710812848
-0.05134141516742362
-0.025156823877682657
-0.006598471080905177
0.0028958627810536375
0.009954921142734456
0.020919970308064376
0.03280464413962421
0.05513446643147649
0.05357132205099253
0.033545333028555
-0.10756342921942924
-0.06004267908165493
-0.0408555013442065
-0.015154104365753726
-0.00245265248977419
0.0023295270910501935
0.007798829915633437
0.01600564026848602
0.022532922695546367
0.02812996364172808
0.026980746120604145
-0.005924269984601994
-0.026485229200387924
-0.03408183313633982
-0.022308769055158
-0.011956703771348236
-0.003247193772933572
0.002050985519323939
0.006362070881587067
0.01336900602268531
0.01454848524538032
0.01720422856909044
0.010374342566017661
0.004501936204544568
-0.011060566634853577
-0.00989416796959076
-0.013073433257769586
-0.0075640418020307435
-0.0013554260627926592
0.0011672266981148497
0.006157353312127144
0.011066060597211115
0.012973542836297907
0.012407888765193735
0.009841775954616043
0.001529317296224492
-0.0006701847463550111
-0.004623248974643574
-0.0067820053048742255
-0.005501914846289807
0.0003072350785183124
0.0035767609042551
0.004983335982044628
0.010982274619014205
0.012209597796842222
0.013272807502809885
0.008330752668544236
0.0011074508612588234
-0.0015918578498744411
-0.0031185021693529128
-0.0033695788045933527
-0.0023356834190650013
0.0023505809722353566
0.005620129110201285
0.00620116776764511
0.009817323157745937
0.012306371515815614
0.011796313326073966
0.01021282845246285
0.005179339144402403
0.0023986015685182526
-0.0028468701419801777
-0.0028171905568958842
-0.0011705855838541734
0.0010541947876809721
0.006627755223325317
0.007886616451917334
0.012235833376998921
0.012267633969523233
0.011378526387935468
0.010907017824842115
0.008042004113735072
-0.00024813888997208297
-0.0056411969222476275
-0.00722627321818008
-0.005056966599496815
-0.0024257216509664037
0.003011280570008562
0.008879253901470046
0.014589548913939498
0.014610775042739957
0.01653446771690543
0.018721130367363534
0.010083428332266029
-0.00373402306253927
-0.01190274553819328
-0.011873283598188313
-0.00877978059622798
-0.005188148867050922
0.0018215408221711707
0.009853453963174622
0.018579334508845597
0.023667496488068925
0.035216754643580164
0.035786426763290545
0.01958726636670667
-0.013627731776672505
-0.01716453994571883
-0.02003755622927902
-0.011640903288089706
-0.006440101126761302
0.0018101193824963527
0.011240934008359682
0.020300743306910035
0.03654936513741636
0.058690439480078474
0.08326708361989295
0.07727395623961915
-0.06594879553391039
-0.0472900301861718
-0.03208078019227946
-0.01936104626227858
-0.009927579227064897
0.004722414254398939
0.014833687615390343
0.02755824640360251
0.044478627955302885
0.09239741995381046
0.16339095625006206
0.7766070068102338
-0.3234966022483033
-0.10378893639512599
-0.05505187903240858
-0.02360146978204603
0.00797813545956788
0.006096685514315938
-0.00030431174168848605
-0.0005216139165481184
-0.0025449979467227577
0.005896114305704448
0.010154838579546625
0.017610294031973728
0.02099148525718549
0.0226871093518045
0.01760531835254543
0.011731638295055484
0.01019675189255018
0.007858097584050153
-0.000898858202547621
0.002765315487084577
0.003680264663580767
0.0028245709222012123
0.007851279722782078
0.010277334329525684
0.009056101242378942
0.01390944539604437
0.014826103364893218
0.012600805187432678
0.004714417846990306
0.008104328050491579
0.0015726097239744563
-0.0014081305621359537
-0.0030928654829333164
0.0005061087019192955
0.008478697713145323
0.01544665632829978
0.007626607250585728
0.011653234025654378
0.01048785506291896
0.008405156524805927
0.002721179110284143
0.005512401156029778
0.002626151018867165
0.00022788406786189392
-0.0008327626192646576
0.0015593026998066601
0.006305663677242199
0.0058394159517201425
0.010233780998817216
0.011415281044111394
0.006945026874778821
0.006751690928345451
0.0013160621107762352
0.0038834379537475345
-0.0008986554776760294
0.0006833193435554798
-0.0003518669693142898
-7.066999381972615e-5
0.00031216759632873045
0.002416443305279013
0.009137091122835665
0.011169763142676804
0.011892688745819079
0.00821498117335741
0.004276049046178719
0.0012912693309984136
-0.003917297292774252
-0.00025088507309446923
-0.0015874145564341363
-0.004580169146477658
0.00014490045400109377
0.005604695994488491
0.018660893016373553
0.014965468789677744
0.018043275040266128
0.0097389448107501
0.010386420105420584
0.003483467729805143
-0.004387480982112201
-0.004201160091856871
-0.008784760835546999
-0.008005556184435516
-0.010219918771745478
0.008400118860235454
0.012231698689907226
0.020226922229212907
0.0156708025213197
0.014171942051202148
0.008464526604140437
0.0039033327884076398
-0.0020869614539306834
-0.010412183617266339
-0.02185022273741545
-0.037102266968707345
-0.024186511187987775
0.007569386803994209
0.022956955089928954
0.026355939762767972
0.021060423281911198
0.012563822608606317
0.007877708377879383
0.0012597311264664918
-0.006613409475046578
-0.012298502491521235
-0.03354273746262715
-0.048355766253148844
-0.3566856210810241
0.169473222885229
0.0489847012165054
0.04618952359568415
0.02542031473941004
0.0176842771249573
0.008373740366223821
-0.0020656904639256655
-0.0032200243564521475
-0.01547818970147493
-0.034918987487497666
-0.05297712374621487
-1.0061783798680368
0.5052709206825513
0.13238745217388767
0.054311816623276214
0.030373708656166988
0.016160894082580535
0.012019518690209471
0.004072172586438541
0.0018153651125864842
-0.006989013256745287
-0.020176001611377028
0.00045615238149918774
-0.5266840823019383
0.1673634447218971
0.07078927985272337
0.05149887156978068
0.02026003769515109
0.017602065447728243
0.009449720165044249
0.003321621513275236
0.0027690977772354772
-0.00013944828422604778
-0.007445410576047115
-0.001038368615585923
0.028148703947379172
0.024752885055938548
0.04127172283309436
0.03349547674967
0.018679462283897164
0.008442303398074362
-0.008276599795200412
-0.006562930848429387
-0.00989004577935341
-0.010081259208070022
0.0009180189767250459
0.0023511225910476463
0.0023172319301753585
-0.001725826215508069
-0.002322607098910842
-0.002838633773709174
-0.007056328841139179
-0.007676965571968277
-0.005154736689714032
-0.008710530010790534
-0.008682148601337928
-0.004532862091812282
-0.0057258807031442625
-0.0024753298424569125
-0.0004461710113820708
-0.0004944840262841779
-0.001416829529530728
-0.0015519182227736752
-0.00990403838115795
-0.00435337784595618
-0.01126038849939664
-0.011244572151082544
-0.004399072185406613
0.0021085736698754198
-0.00681009149996825
-0.003462677933357518
-0.003243659349066078
-0.003958738085846936
-0.005127650616388394
-0.002015020027424169
-0.006895228304601213
-0.00930389200552801
-0.007491192597325448
-0.007735146701292663
-0.005729179785950139
-0.004764254795388383
-0.0029128734474034522
-0.0008149697194758843
-0.005675124967022933
-0.00523545649369678
-0.007612521544079824
-0.004607746217523039
-0.004883084843179059
-0.0066770061870476795
-0.007919685978390097
-0.008514307336763565
-0.00878273011244237
-0.010439775033431452
-0.005203727140929021
-0.003169748479158355
-0.001174172276976638
-0.0025753956815503113
-0.007564725510058941
-0.005232017505902863
-0.007970190318351363
-0.006882094586607167
-0.009880745077200888
-0.011965346090191885
-0.01000870216257685
-0.005634831734791605
0.004415545720688834
-0.0015258073574161628
0.0028159516955506315
-0.0012597755147705058
-0.004656928701462221
-0.005477181353866167
-0.010631266483928918
-0.00806383480549608
-0.009077658678983611
-0.010194777040554853
-0.013913103810812982
-0.006137920588483122
-0.0009158710621649478
0.0024541758387594315
0.0004188366647959322
0.0013292474456856284
1.0256229319537797e-5
-0.004882393509648973
-0.008431819327398234
-0.008751421351408384
-0.012421241170801312
-0.01915948285206986
-0.02990324219157022
-0.0030733962856834426
0.002587758782676121
0.008669767744183697
0.0030805823029329965
-0.002339320124334345
-0.0030599892144527506
-0.0034785538135699455
-0.005784633238536265
-0.007403461412676498
-0.0022114042745419475
-0.00013718631250590708
-0.3015850807820473
0.12294184728921079
0.028144065467064668
0.021358175292883898
0.007249905521811097
0.0029965446344059204
-0.0006642078443669221
-0.004659694360739702
-0.0060793356141347
-0.004780864791966964
0.002394161234891565
0.05287256303870934
0.6850779339340741
0.3492189171367972
0.07048355413191403
0.027023162057700688
0.009302545248478046
0.0021653017907370875
-0.0009660113865417252
-0.006585217883270365
-0.003388567510434443
-0.0013877411238221898
-0.0010762787174303907
0.019903890046403312
-0.634048479096399
0.08604038014316967
0.03243400264827274
0.020373348276904943
0.0018798228179250096
0.0024639514635717754
0.0017019497704198678
-0.00473390912607378
-0.0004680849831170779
-0.002616208736506526
-0.010351139786248466
-0.0037740365089362743
-0.019098632154761375
-0.0016787385375605583
0.009571751967922128
0.012197339205080567
0.00011083862828097237
-0.0051046814405429
-7.215128019585904e-5
-0.004605649669516622
-0.002096183179025722
-0.0006131965442923788
