0.00019785323292591638
-0.0003292651005833269
-0.5215162913413429
0.06666810869117167
0.16990393819040878
-2.2219570546771834
0.07498138010356127
0.05722646045846151
0.11400331201721955
1.919112391763947
0.032512540156912566
0.05297898672264593
0.07339460742346826
0.07428341877621945
0.0007999842209843877
0.053784306388766655
0.09921385985519535
-0.05758994902496723
-0.4327386832274169
2.4902070704434873
-0.7257980867712851
-0.2701193040508231
-0.286464861817421
-0.5385713434610848
-0.24716532751550221
-0.26147048976373954
-0.24158849299098203
-0.13364737431838047
-0.17732953349163944
-0.2059279794150466
-0.23103733533475845
1.4727709465525622
-0.032516673796056196
-0.20250253069144944
