0.0005535770601063285
0.000908390074744324
0.0118292979255841
0.019412027730296502
-0.4353670046359228
-0.27444529047210064
-0.24483756715254024
-0.2501628145301519
-0.28853121484996147
-0.2850199370137208
-0.22677509303643392
-0.06948645298868819
-0.36207138079198947
-0.2960624281728609
-0.23979875509145002
0.9932650150233401
2.3501982500487943
-0.42243958000877196
0.02082222668227257
-0.5068959539136401
2.7345814589478827
-0.41213806814609694
-0.32988814359418456
0.0037591375163949737
1.3411421379707615
-0.13235061119847527
-0.30396813850385035
-0.2943517661149186
-0.06405278598884515
-0.2828908592320432
-0.2702063603731486
-0.31906420497448845
-0.48722949268559784
-0.33994535365877204
-0.3248009959793131
0.16843224541731966
-0.07511087395312434
-0.2282671117758228
-0.24611901871518715
-0.8501989568647069
-0.14118467056039327
-0.3393426698558286
-0.49467070866862456
-0.5998751433540357
-0.28556288919097017
-0.46223956895849255
4.254906285848096
-0.0734415837540609
0.08413126931750915
0.25563692683218564
-0.9722935346922259
