0.0008321430352323275
-0.0007930388794698222
-0.002040682791550479
0.0002115245855310344
0.0013754589021883923
0.0015599117369127784
-0.0005538479420485639
-0.0005166126952659242
0.23390869953789545
0.25734909764572816
-0.07703124262356834
0.16558077714862085
0.00010296211133252638
0.08335599772866892
0.03255816629015742
-0.03966583003399149
-0.14352704652342416
0.4787896333588568
-0.1483169019838152
-0.07285571880870868
-0.2349368927912335
-0.2570019566143261
-0.10765672067165336
-0.16375302386468815
-0.26817803591340633
-0.21521650539191559
0.20466717390278769
0.048099650977094136
-0.12448134202038934
-0.1150908361264322
0.08765443828088307
0.010365601382975605
-0.16794571820388274
-0.06310850726837666
0.01346287143526064
0.04692388500651682
0.44200888573300934
-0.19414749686863764
0.09072877070518268
0.17475716437522798
-0.12472045949610067
-0.12478249012232565
-0.18342645791323028
-0.25651814650891563
-0.06178283252275447
-0.05488083736057649
-0.0936373826717438
-0.06425009243650798
0.07389534985140804
0.13601605608638156
0.23587882325658574
0.08544185927058164
0.19949495824830707
0.10473516101191561
-0.3266464702384247
0.4291829610610688
-0.04125489964541959
0.09079772881984909
0.09154651973765184
-0.023628810001098156
0.021276473994488343
0.04370956350262572
0.03848395295654184
-0.06318362729978667
-0.17375869093672638
0.01872532043431189
-0.018330065402569398
0.5255877706731926
0.22264561432792998
0.018515221941661674
-0.029781783340237285
-0.7481502902323676
-0.9445879205517919
0.06465268785934968
0.11499874982690247
0.2640729247662002
-0.14723940953638975
0.02901545274994568
-0.17856932279186116
0.006135494336905821
0.015711450665595345
0.1767091610320889
0.04338565466954881
-0.005004135718551966
-0.04723097108066868
0.3113094786891227
0.09994778517876432
0.17859291944937913
-0.20620593091967568
-0.07120625800297255
0.1304645254825018
0.3306853518404998
-0.15652199872379136
-0.16156689214703293
-0.05287018251897354
-0.13590621527240904
0.5424133894079884
-0.03670631317884596
-0.032570581848722774
-0.0018922629339167758
0.12340101339999307
-0.03771175163056825
-0.06882812258100897
-0.16837777071830623
0.17220116172243483
0.1286754220144367
0.09841455014561964
-0.08714740851076988
0.06553752031967504
0.12177587423608643
0.06650696614619113
-0.1089342487916047
-0.6372301148905186
0.20572250887742372
0.05532038348465496
-0.4000683453103929
0.3417687385616961
0.21146721593027823
0.14933163897524848
-0.3643418626000762
0.17080050009082184
0.1442951073365005
-0.03664171779818081
-0.14172362235227368
0.17583365193903516
-0.052461639271687274
-0.06568190942841354
-0.13938153034151574
-0.045273746576687604
0.018711097242347485
-0.06113477447940381
-0.04346569068670605
-0.6023048279992025
0.04713834667620054
0.07252075458067697
0.5791700011299318
