-0.00031706315306494914
0.003737389541757539
-0.006780203696707777
0.0012075986571113831
0.0018945685598015596
-0.011358152307124333
0.01680793445628072
-0.010484716617060756
0.01032508821733919
0.013180531368688898
0.018926993749044094
0.019910498534360294
0.019924548837687173
0.016272791481771177
0.002273050249323047
-0.001568578571494494
-0.002058172787524358
0.0015522656412404919
0.0035346994214006016
0.00566485165400152
0.008528061957387131
0.011845181110758626
0.011818685572517362
0.014773392463288026
0.02105718501249671
0.029349608866760392
0.037612535726799526
0.025100311528173696
-0.006233538918351816
-0.01572606548211277
-0.011361518527698272
-0.0036618867179039256
0.0029895102718902108
0.006079973269949144
0.007949130750917487
0.009812515578838684
0.012466971759705897
0.019682311060141258
0.029277561170569056
0.047338889209491794
0.06877386362702093
0.1633838712322992
-0.12628957656552184
-0.046582834476878915
-0.026329075895091127
-0.010631883348882822
-0.00047124752468413495
0.004260211499539678
0.0054922483080701995
0.010908480244880897
0.014546366449968866
0.02221945799436617
0.034918534082242395
0.058122922521810186
0.16481820465794791
-1.3072653080356635
-0.46611779629042654
-0.1444597731716281
-0.03608897800175261
-0.012745596579775215
-0.0008380268503712374
0.003423091953837512
0.006854075976549078
0.01002877976891598
0.012707875411819086
0.01967265631354935
0.028684453364213557
0.049767200860698135
0.0693171060288104
0.11829734447709676
-0.08899495123382174
-0.04409421042129993
-0.027381080401106685
-0.009425472151555401
-0.0013308601796757735
0.006101616478756633
0.006089999739596767
0.010397186948049177
0.011914400722388219
0.016524137270262956
0.022724559373993692
0.030699579009348433
0.03725253035900673
0.024635744436724335
-0.011528611444193957
-0.0188094437559633
-0.01019654428861782
-0.0027726950168327985
0.0016863238859291135
0.005538242768636169
0.006315211275827387
0.009537419734830015
0.013842811823651052
0.014700413534022223
0.015802878283539667
0.023027366303009607
0.020121190716005266
0.017380055347487326
0.00039264009775679445
0.0002710190312906133
-0.0008083815929755191
0.0020621257578854204
0.004738645956828331
0.009082726467352198
0.006968503886695355
0.01091911641050817
0.012727299611411436
0.012788231510240458
0.014345658207203139
0.014827540391020765
0.01543310549748745
0.011072844770751494
0.006083685122883948
0.002747608020733764
0.005875872272029413
0.003004946454375569
0.005642469343129713
0.008717090576716085
0.00833894754192133
0.009895266583882283
0.012032493607584396
0.011271842304091258
0.012297247742464804
0.01341294964277356
0.01219707616722879
0.010135997475277384
0.008946125860401511
0.006996128510271255
0.005745685636279411
0.004375041820911158
0.00593839712653869
0.007868369754504922
0.009730099199554067
0.009509035044742587
0.011040483138040869
0.012281809373859684
0.013438779017568146
0.012419178692871645
0.010781380466608769
0.010301769584555016
0.00755617939305727
0.006619726322714822
0.006535130983630927
0.007037691748837002
0.007194858745527283
0.006297915823818434
0.00829592054204113
0.010784920833364152
0.00964860889079151
0.010196923635999151
0.010315326925881491
0.011516707386112662
0.010823498721579897
0.008445506256175945
0.008646088891009204
0.006945942382583629
0.00521629855151436
0.006186965525698101
0.007525263570732473
0.006422811600260092
0.00889480707238033
0.008245234502752255
0.011047442992672223
0.009350163181565825
0.010395581048658595
0.012360094515246075
0.01251910208857247
0.009888500873689898
0.00894815774568166
0.007357681952228322
0.00538880657893111
0.005241060240245955
0.009023617223184201
0.006798054245139004
0.007802538088591894
0.00907038865703544
0.012266781455211028
0.012456143474924825
0.013842074552296437
0.01196996859051352
0.01254170493581051
0.00965223087101938
0.0063627984934634665
0.004594040665430559
0.006592985481132356
0.00620324298774513
0.007789451891746847
0.006303202493496334
0.008310138577873001
0.009250430659638948
0.010204052498985185
0.011549432777986179
0.01549104188096586
0.013705099104981352
0.015473891970411796
0.012331491612660303
0.005931053993810448
0.0029106983140710805
0.0034957237595145754
0.004348153770908926
0.00422966481195999
0.005561281649545445
0.006613983430431981
0.010256998452930254
0.0071061918402862264
0.0007770034829482648
0.0036013899508873124
0.005399778600568228
-0.0039542321823563846
-0.004756438844582663
0.020671297570723942
0.022450921506976446
0.012682198126173008
0.006861535139664888
0.0006505049887391589
-0.001080390843156026
0.0035130880755436123
0.008016977069636982
0.0063275839311311985
0.0024887805277882544
0.008287506112003072
0.005473785099312537
0.0018691598866625726
0.0011480078944914856
0.011536484676589144
0.012145945245011537
0.01106399840133612
0.006186178174765733
0.005176434530792167
0.002699534371833476
0.005546143594536339
0.00616715774870258
0.006733539869527568
0.007105116682319012
0.009185393548410905
0.007556845781146526
0.004361461689332012
0.0007829444488543234
0.004904507330652764
0.007023570720315358
0.007937589780809702
0.008513404743630862
0.006670735193205105
0.003568721742750497
0.009488593531803414
0.007122900011432104
0.005881471864112645
0.006772118184457072
0.006264823320619883
0.004572999533489806
0.005244619515483669
0.005206425300419294
0.0033460574090665935
0.004588003076767178
0.0034183640869995566
0.006768674394825702
0.006070641665969958
0.004059678863499781
0.00635493223713317
0.008904224244580818
0.007079645434080402
0.007393136580689122
0.0035134980037050973
0.005650235076297409
0.003942286507431545
0.007228375671318476
0.005525077713708384
0.004756978495275082
0.0034613264114209605
0.0068438250223042734
0.004151259293851634
0.002283024229870519
0.004354143480354542
0.005082280672280796
0.0054463438704409626
0.007020479678456858
0.005610640518846138
0.004881875453027985
0.006464080338145521
0.007902242218790287
0.007706016557361519
0.006394233482867902
0.004753124151460272
0.008755950260992273
0.006584097442248745
0.005086853555025962
0.009338030319538585
0.005788901153433182
0.010162547979406654
0.009200706817075152
0.008956006779384545
0.005209561696989369
0.006254271866212022
0.003959657611335352
0.007160808394410769
0.007734125355036512
0.004384695126101358
0.0025119007655289155
0.00572819481214519
0.003908545231475383
0.004721915844280989
0.007203732110927748
0.006159941619800132
0.006658514931685183
0.004327115496936751
0.006729614833961465
0.008864216893289785
0.0023613221842569065
0.002328491182950049
0.005382165244951123
0.006014550436998223
0.002302291887269308
0.007695013925656989
0.0005805612026229077
0.0005710057312125457
0.005958862665324041
0.0026437664037332297
0.00523466377677598
0.0037242587604915892
0.00824643607406284
0.0038708281884745365
0.004099600996324042
0.002556713689967474
0.005028033927588492
0.005162567841270121
0.005459178049809527
0.003950743284048489
0.003241335679250935
0.0020551418343191926
0.0066049707115898165
0.0021371582648512543
0.0028058844406287156
0.0025312778353347373
0.006437651225053944
0.004598717073599672
-0.0035868561210834573
-0.005672417955796267
-0.0021476541055695368
0.0043540341289109025
0.0068705536466603665
0.003008712656407783
0.006219152724271072
0.0024990712465086558
0.006167582309105442
0.002889945217546988
0.005749842303021264
0.006517857539206097
0.0074290544894943834
0.00029998965966084967
-0.007653788259052786
-0.06415182172759017
-0.016003667670335543
-0.004296047209040519
0.006981176482292348
0.004461115252110777
0.006170585282800601
0.00710106182918631
0.006251142816269648
0.008571637031490217
0.004578637585292076
0.0037339133941275407
0.005547962104370502
0.0013810516472083623
-0.13198359253113487
-0.2676479061611455
-0.06222919517662126
0.001295718059255094
0.0062021044266986885
0.003298605269011657
0.004475508841261777
0.005814522479661702
0.007722952030402428
0.006950751673026848
0.006157665502170011
0.0035055355350349713
0.0005011209500017974
-0.05504856643319405
-0.2941958541795113
-0.27028505178832585
0.06885265535128111
0.019933998529155585
0.01119525694694008
0.005111504696721942
0.004229308837177385
0.002437582852557376
0.006367951040575888
0.006664658041596793
0.003975943836597457
0.004165605446636274
-0.0005597003845202726
-0.017258958578439475
-0.09896754529531275
0.14104193552383468
0.043018555644604134
0.022815614507050056
0.005530075856036825
0.005830501645315548
0.002900714575764713
0.005757548697596959
0.007668524852143552
-0.003745013292779851
0.002139140004966564
-0.002929866893066696
0.008473607256045942
-0.012166284616659325
-0.020946452466105842
0.000654705224111052
-0.004842212957735679
-0.031747002903491105
0.0064968535974609075
-0.008874457353067047
-0.025204046189630597
-0.01240820275927096
-0.020283489229958485
-0.0031960739717692846
0.015071896746364784
-0.013434613071717064
-0.006655341534241351
-0.008920571567230452
0.01426786118765615
0.015241512956443461
0.0033198141739775437
0.0034041373080566056
-0.01110956841910762
0.02572171039180922
0.018528932582021557
0.00043353810572631705
-0.013230024300063212
0.009765966590558115
0.031231136523189634
0.007378503252242387
-0.000575466177966067
-0.0009717210646997544
0.002527463798724791
0.0010920078620043786
0.0007912768434363109
0.0012473803277463123
0.01855589801599788
0.010634140980322343
-0.010303154135994608
-0.005894913744900202
-0.023129949413278502
0.009575922228859867
0.022029182244348824
0.03463827317453151
0.0057031027938630255
-0.0006054207795804639
-0.005442823350168774
-0.0012358592587885697
-0.0156029743161253
0.008982066462787446
0.03516877807946121
0.009044359180404147
-0.011220967635489148
-0.007682931213260922
-0.0008491871210459427
0.0028711393596434825
0.0006453327648999144
0.005979395658777893
0.02080251651232823
0.004247782365714277
-0.004288159415809417
-0.011645482978667927
-0.035450236834973704
0.014936158206871174
0.03584395491987584
0.027484873497965846
0.007572826768357103
0.0006089330361405696
0.010197267887034966
-0.008307339348834836
0.01434716954781069
-0.019568921210959336
-0.007765514881603463
0.007541396049146715
0.00020722047486795934
-0.012288531710439643
-0.018319375363143642
-0.015392178450801985
0.03007321041862079
0.013830142429717442
-0.01290387529646828
-0.014464743625993978
-0.008302019364348255
0.02735497958075958
0.010120092588784824
-0.010321931002398426
-0.015431296425196864
-0.024281821206944887
-0.00829734213171239
-0.009216438116383539
0.004632285123907891
-0.013464790066044549
-0.02080208866018201
-0.03329039493730103
-0.026505517716411183
-0.0029444669015474753
0.010815129610251306
0.013026337469036184
0.006320957318178569
-0.017891468257682615
-0.026290804665302106
0.01294909813339035
-0.017513510064083696
-0.006920192038803487
0.01891346123320224
0.004837790067044082
-0.01352377952297739
0.014312052076191297
0.027443475610574447
-0.012395814971673988
-0.0009870682936071404
-0.0025682890037324003
0.001585126530549657
-0.04494183285525479
-0.012570016942281062
0.008485623578978556
-0.0011893261393915431
-0.0007024961732647809
0.014513988175252448
0.00411977797967632
0.00111710941376227
-0.00383757522078185
0.02138904968759393
-0.013016738555800985
-0.030469695758281068
0.016273447709529456
0.019318835030026526
0.00497791572373827
-0.005418992528465966
-0.004624145834965592
0.008488572475742431
0.01873083780073285
0.015790617094221616
-0.008619904326219306
0.014534292366422629
0.007476132961829498
0.01787321303115108
-0.003213751705092481
-0.00566986699689283
-0.007444265852960066
0.027432955020313617
0.0007558492935164241
-0.013386740575995336
0.034362358650820934
-0.008620575549746792
0.0062893665069224175
-0.005827491076986307
-0.020261856348411468
-0.010482867171485057
0.01967954739959922
0.015406313586274884
0.0020652084205709832
-0.027857763214535224
-0.00777310616965758
0.021662726055640184
0.00342218029996221
-0.015866578569179057
-0.01486558390240344
-0.016115254134760747
0.0073745802358462925
-0.0030953259547040015
-0.015137134714090648
0.008309235872199007
-0.003083445786192993
0.002892259355262678
-0.0032880268408519214
-0.017539750790278058
-0.019276432831733963
0.015333858653529917
0.030430040691775136
-0.007273098533829921
0.008878288291562886
0.00788150019811415
0.006018054185138878
0.01074169363995197
-0.002300898569609987
0.007286014482696521
0.003541887015458156
0.010585399373100015
0.010840091754346316
-0.001764014679389486
-0.006475954736063363
0.022525354048177276
0.01910804916083309
-0.016958952429973542
-7.601972556761389e-5
-0.02546173167534775
0.0037282836922437265
-0.020374257110465914
0.0027838443443555464
0.002425605498188015
-0.0046158679172506635
0.0031668902838691707
0.003978147579104327
-0.00846494274491165
0.0008580600882859792
0.0024362230285474734
-0.00025082966934336605
0.0017714609675511701
0.0006700675919282736
0.0005318437288323989
4.173685397956998e-5
8.06670363100282e-5
-0.005762998483134264
-0.03203839871456323
-0.009246573921995542
-0.006827885153670267
-0.002481667103215171
-0.001521934169518171
-0.0037593291205508797
-0.003335937040570736
-0.00271737945138068
0.001726744070366329
0.002183316872610707
0.0068440829900830715
0.004964155829343356
0.010520398048717561
-0.021962252944761444
-0.22915796332309396
-0.017752331361646105
-0.004070676862709185
-0.003999072757060797
-0.0013159884367019378
-0.0012871746524290263
-0.0025351286869339856
0.0014918596238692394
0.0037244384065863723
0.0037823935975007427
0.009164124011793935
0.018054587142838488
0.03328374452655315
0.15588553613337575
-0.2553854947856401
-0.18873697799873615
-0.03354292856604391
-0.0037978449004471395
-0.0007639436825934585
-0.002818539174343788
-0.004567355261700625
-0.0020011409041842195
0.0015593738960340416
0.0036287405671101766
0.008800327933376071
0.019140822792463184
0.03812362717808332
0.05987753085971556
0.12532320915395948
-0.02365563639185528
-0.006699300726381899
-0.00579117751192876
-0.004077765758238659
-0.0012420752479125753
-0.002380251377593105
-0.0007630451313483894
0.0003781668301611447
0.0021669288624238626
0.0077763246523768065
0.014162538563141378
0.024086483902950068
0.03041620814396243
0.024954196466751018
0.00424367141072572
-0.0006951099105395279
-0.001544461876129507
0.0019844019201227534
7.62469326958913e-5
0.0028110006142387767
0.002638650098604282
0.0035704083257914587
0.004405537165976438
0.003722176003418798
0.008733228605460138
0.010000816138711491
0.012664222361916133
0.013907543700605209
0.006725045859252067
0.002672179825653718
0.001320301969935306
0.00043595741637997027
-0.001059937032996654
4.240371614850085e-6
0.0010392643681989306
0.001279131655214089
0.004275532178016912
0.004234116338387659
0.004518228609657454
0.008008704368783455
0.005985319271330277
0.005957933791038272
0.00454223604449319
0.001916371918277484
0.00281717859139636
2.089776161489016e-5
-0.0021710729098999414
-0.0030691436178254794
0.00013422390723004547
-0.001067003961339132
0.0030049222187385058
0.0012816469119028414
0.003916592548184489
0.003837016793405922
0.0028294262161351097
0.0026160332145664707
0.003634264857415917
0.0007587758625831064
0.0034398795789935344
-0.00036927738814803926
-0.0022693358957443697
-0.0024470246893370804
0.004076163705541601
0.0001912425218332293
0.002569563310502246
0.000534415471063567
0.0023333811258661012
-8.765188265918294e-5
0.004132697212526646
0.0007489543170577126
0.001975795366390295
-0.0001591531340595434
0.003478451760476264
0.0012941995397911738
-0.0015399011689526398
-0.0005217855499610847
0.0005045041493217464
-3.82125968116752e-5
-0.000697959706732424
-0.0019423676203774302
-0.00022484012570875528
-0.0018089418619539272
0.0006558282935952748
0.001402517583825784
0.004552300394563856
8.610994008379511e-5
0.001618224541867891
0.001979182604661352
0.0009367184142886651
0.0007632896504261306
0.0007621234127564251
0.00023184033930977307
-0.0013940968217374216
-0.001279251827251245
-0.001383643672003502
0.001636272069174189
0.0006314266935197347
0.0033471387426421495
0.004254661583785474
0.0005332210145218352
0.0007903790001054607
0.0006876132091810049
-0.0008155235115254626
-0.0032657615151625123
-0.0024939026052322386
-0.0016974391334238794
0.0022893276342269967
0.004309176287023287
0.0004258921317668198
0.0010065332264794255
-0.0006057852834780394
8.941302472823638e-5
-0.0012153714524859977
0.0005273576780816531
-0.0016054216996195109
0.002338158473771424
-0.005470034926016203
-0.0022773184459225133
-0.0013254407991276584
-0.0005464587495068032
0.0019517602633688659
0.0009411693046413641
0.0009283271700685008
-0.0015057744747799264
-0.0011534783571231582
-0.0028352031705519225
-7.586724666516938e-5
-0.001655605218028335
0.0012545629350202213
-0.0007925311687455537
-0.0005378899833932404
0.001407788956758997
0.0004821075284186444
-0.0013023527218015006
0.00082610594769198
0.0012246480461534889
-9.313549395708969e-5
-0.0031805135863653784
-0.004773651935313583
-0.005490097488450531
-0.0024291515631656127
-0.0029943328660758193
-0.0021402461613103103
-0.0028883178908818176
-0.010439571501968106
-0.010792689483836361
-0.008801439202801168
-0.01139997746780971
-0.010514337734311874
-0.011511595666085464
-0.010983271869184708
-0.011333810972422798
-0.01000565479444095
-0.009981389686638482
-0.009193914424887449
-0.008897400985290994
-0.00991227198112977
-0.006768141563614626
-0.008810137603305125
-0.008623870130540045
-0.008784441249786171
-0.009007995739022098
-0.009497225713602108
-0.008649994117107011
-0.0084823926749777
-0.008113960638512068
-0.00758959777414548
-0.008974214245772931
-0.009795084787714696
-0.008591008041616605
-0.009304052654775363
-0.009330933257455227
-0.00906585764118645
-0.0071272346141452985
-0.00793247396867735
-0.005709475072145953
-0.005848786408895012
-0.005408085182196817
-0.00437425973811387
-0.0049062775882495755
-0.006120931254713045
-0.006923499866307794
-0.007062259494488823
-0.008413182017558753
-0.007874281652361934
-0.007221226464992796
-0.006247512721684494
-0.00568632787481503
-0.005147628038725298
-0.00565448010426703
-0.004316223855916058
0.0005151974191704027
0.00157817541142071
0.0005241340870308984
-0.0021525814326185185
-0.0027340034684249083
-0.005553262838260323
-0.005977079801788417
-0.008502598714868513
-0.007185317240559388
-0.007224043638623758
-0.005782739020544322
-0.0052157745710794505
-0.004235386956384406
0.0015351138387193217
0.006155681483960221
0.011330503212705942
0.008409596679384953
0.004444828684718259
-0.0035606332231266032
-0.005338478083309533
-0.00724129887419824
-0.008177236914414895
-0.007886429244456396
-0.008309957596825283
-0.007401469350407039
-0.00499635468963212
0.0006062441248884004
0.009045811657883741
0.025324207658541913
0.03636052082629744
0.02283519781046591
0.011203505010263348
-0.0006257895336705304
-0.004681155755466627
-0.00698908565487644
-0.006525107186110945
-0.006775037000831119
-0.006353032216296451
-0.006205420621129713
-0.005125359191535619
0.0017494407477856562
0.01678145024727516
0.046978492479474505
0.1438358488445773
0.046217615065857615
0.018016115132227343
0.0022566409199534835
-0.0031801150264691882
-0.00509660960006333
-0.008341974738765433
-0.008224652259966768
-0.010201348528566004
-0.008323864057869198
-0.0071226494459705435
-0.0010570133436068854
0.009753809845308952
0.09963295639080189
0.49258862948256066
0.11358875055858407
0.007856474736588381
-0.0005603898124325857
-0.005903215769569982
-0.006662014959865806
-0.009928768755564987
-0.009709498092776426
-0.010076432086157475
-0.01094151660529803
-0.014428264851932755
-0.019481547686335438
-0.025335372295089358
-0.125579300891113
1.3643416438353346
-0.1582462100534001
-0.026548779116850517
-0.017806655042641065
-0.011992460460305329
-0.010523855121184386
-0.01025789124534805
-0.011212024353273184
-0.011698809773407813
-0.012065554185290034
-0.01618532899207972
-0.02174444661121137
-0.040108298849639665
-0.06312021548592649
-0.16874348734860456
-0.07343231148830592
-0.03835557142469625
-0.018974710216449704
-0.014016760948857749
-0.0119653876434583
-0.011791971534468388
-0.012188395969576604
-0.01188790873185352
-0.011883472920364062
-0.01384050798087423
-0.020815195267864274
-0.028671521983841066
-0.04595652449217674
-0.058517620856870074
-0.05056679450553922
-0.02725650180023094
-0.018565826612527567
-0.015761863726500364
-0.01232281064032723
-0.009876252861832571
-0.01095609132683915
-0.01044430825906643
-0.01315762339359785
-0.013684948670119464
-0.01590346712443225
-0.02330095233017847
-0.02733886298479134
-0.03369420562604064
-0.027563864691922957
-0.02130618583842886
-0.01628320796199507
-0.014492604440460473
-0.011184912894569715
-0.010244588066058092
-0.009026157540207016
-0.012005077224405395
-0.012979532555257505
-0.012804939260320647
-0.015891893962956222
-0.01643580245590579
-0.019594607875151084
-0.019524186883521515
-0.018620887481320524
-0.01548568899847491
-0.014326071298072085
-0.01177730467677642
-0.011816255788864664
-0.012192330506265118
-0.011722911360072452
-0.010190844416669523
-0.010801506637202689
-0.012321828690403061
-0.012990127952142829
-0.01244155881913317
-0.015611069671796821
-0.013985742376748789
-0.01390710133929084
-0.012888940300143795
-0.013289444679502145
-0.010748245060611434
-0.00943335886773335
-0.008925319274482745
-0.011430496671008816
0.00546207874209616
-0.0009874295292693336
-0.008174839014239692
-0.002968129130098228
0.00663592462692301
0.0011478839749500909
0.0014928160406956232
0.0053885940348518254
-0.001213021861722039
-0.0038091413949122785
0.0009553315609475269
0.005415677972429195
0.005254237971791185
-0.000324713032300499
0.0002601061200836882
0.0033335090107354665
0.0034206141973975274
-0.000656380581845621
-0.004653120345050984
-0.004065083443825193
-0.0036390077413919163
0.0006646015837691267
0.0009399116098569765
0.0040194344060266035
0.002356928124778387
-0.0005890837771314953
0.001652961803809077
0.004084228287217861
-0.0010548033410050619
0.009508560431881781
0.009280046852393297
0.002664765244711994
-0.0020153695505565313
-0.0002830510652491163
0.006335843190224828
-0.0007118405045885567
-0.001572395382198893
0.011887209181971758
0.013702681811229574
0.005407505870361004
0.004772340272372022
0.007255089265521864
0.0061150440271972445
0.004321848260120354
0.007233317214500003
0.0023651461559230907
0.007617647632497558
0.0080037383532101
0.010118718804301378
0.0003617850443575132
0.009496595343818182
0.008134785302271925
0.012255045778839091
0.005751699215983877
0.005846486226917117
0.001658272579196921
0.008348456312261379
0.0011483926526732028
0.0042176801773385975
-0.0038764761994470463
0.007947428259852944
0.010161752532531439
0.0082835582501266
0.001974202885636337
0.008529857452598977
0.024892638380935667
0.033301250558409524
0.022901819232701216
0.008606453341916532
0.002409981576844265
0.010474089325957284
0.005178264739562256
0.0013952125343833165
-0.00517448817112443
0.008288137720036948
0.0008364295628696941
0.0037973717190016333
0.008357083678346429
0.024569570227902134
0.050160457567995406
0.13686403622441426
0.06007852810190524
0.025114788082044374
0.011594235872584907
0.011349559358430258
0.0053759522002774784
0.0032023073458881082
-0.002763053741006667
0.0009913628025457494
0.006508053166111571
0.008170287842210099
0.003757078615435386
0.04227974520970143
0.3088707975110029
0.789100095017007
0.15933363865654906
0.027038086365790987
0.011585966408867714
0.008205878292560467
0.008870902769738431
0.009860558988454308
0.00406439919475119
0.0022522107836542614
0.0035412015704284756
0.008136628946004582
0.013789315466395908
0.13367838510151614
0.6645832703684433
-3.272068685187061
-0.11106401018897342
-0.00025965198214732014
0.004139435381578219
0.009231690618351237
0.00801645844318008
0.0005436118637888735
-0.0001870343216598737
-0.0038076208870098426
0.008837662518057704
0.008850954483800206
0.019799006824710603
0.04763923059711347
0.21702503827330064
-0.19591973389456271
-0.03843008090138072
-0.01301559194940475
0.01437184892921386
0.01599662573629974
0.01583744440204243
0.00167223348685486
-0.004823885817181619
-3.0898411818513875e-5
0.010783044454621821
0.007110312891496175
0.0067437594530617515
0.02244200279764149
0.03075794550255878
0.0033369632237956522
-0.00842252969965809
-0.0007019655572297013
0.004730307588031178
0.007244886106570076
0.008555758044203764
-0.0025390137541030466
-0.0013502291339615171
0.0011568702161470694
0.011389297401839353
-0.00469387397832711
0.006362899833528061
0.007262052415052256
0.01626181320042059
0.004169265164273421
0.005132160715774112
0.0012709872007083253
0.00977551674933987
0.002703901572706495
0.009275048580706947
-0.003332230438360541
-0.006944181708827046
-0.004606688623935971
5.756257994969996e-5
-0.005192606093902114
-0.001573052426608222
0.006523635600070232
0.019749027250997513
0.01046829110061873
0.0075350175343575545
-0.000496988109548555
-0.0002301691495892157
0.0003492989825701183
0.0004497937106735159
0.002246519100444122
-0.004627402109675713
-0.0022635060929198053
-0.00042411393037338017
-0.0005285925518821758
0.002119673634420478
0.002921169795354482
0.005972806545779606
0.007497428833932462
0.006622741736021965
0.008476911244506153
0.004643169364619866
0.0069610394628037385
0.009702576281620037
0.002929369500976165
0.0013271993462875996
-0.0006350192815329047
-0.0023734736215739404
0.008031049234668585
0.004688912535199554
0.004792206661636661
0.0045026477228970515
0.00552241755639283
0.005514762385776853
0.003615610258561953
0.00037099704948980166
-0.00781916882822739
0.013525032474350737
0.014544621923784714
0.00940168520250816
0.005977852324500677
-0.008500357842552445
-0.012207616305189035
-0.012577026452520878
0.002144532740131199
-0.004016703252922588
0.00010592148684958162
0.008674757938725595
-0.00563999041545097
0.003995238856337413
0.0032784178107823306
0.013530142652810485
-0.006584703921745575
-0.005217697104254775
-0.0056679326446607906
-0.010515891431900971
0.0008704414695343511
-0.008613188089059606
0.009929710968844114
0.009750823819334342
-0.015738932335962165
-0.012789805660610172
0.001382082869903073
0.008114538752704433
-0.017206986842819925
-0.022201601500350544
-0.005694905584079054
-0.009017659388028005
-0.019453238383443736
0.017940290583612527
-0.0034054720752029273
-0.01297965861630742
-0.000612105030399185
-0.006839424976388579
-0.014662224703936251
-0.015882751683739975
-0.00238822779001998
-0.0023716099628652678
-0.016378580556384966
-0.03489902752540778
0.0042715295575581754
0.019984813165897237
-0.0021950735152350617
0.005395503309756335
-0.02593970172432583
-0.004381881454815892
-0.012530029954591796
-0.015533235020326646
0.014611062254977148
0.007906516827293162
-0.01476981122049905
-0.039926980889080844
-0.006472735266896168
0.01887938791617586
0.005980627098891689
0.03212691013471393
0.010218381403626752
0.018081753764754897
-0.0010665061362975445
0.015169827481189283
-0.007297928353052806
0.008176788312852618
0.006214270974336125
-0.0029164520150213747
-0.009354106558556383
0.011751033678523948
0.017386298579036178
0.007081743188129088
0.002679993071941592
-0.007253236366621914
-0.01930734819969812
0.010430361574651874
-0.0014400665338467735
0.016848444599950947
0.010594652848947887
0.006380319842458598
0.0145050422877837
0.01307689701104827
0.011047577745319814
-0.0010121324055488976
-0.006342633894163158
0.008999694467857665
-0.0187031463729955
-0.040688302409313454
-0.033516119578082294
0.014115248733545544
0.006405573056224762
-0.003953758353723729
-0.009654023390321106
0.002356153449219516
0.003976257633163142
0.03442059473724972
0.013807155674399682
0.013719866143817018
0.00012490584640562996
-0.003236398220253104
-0.011618210359603582
-0.04190179177599289
-0.0273296067340477
0.005656526185591283
0.010123649152341289
-0.005829127203374547
-0.012030351118025511
0.0015704632969687693
0.002496616390611936
0.00824912295337702
0.00012802191467857233
-0.003947668583394184
0.012225594395483829
0.019198211874938354
0.01070514233687959
-0.0015641886028151138
-0.0011994932198855727
0.024467807066090655
0.028590998096732555
0.009886995837239891
-0.04233830802376865
-0.0045973804718012065
-0.012571531673852021
0.007683157376621262
-0.007673677376220444
-0.017671223741982774
-0.0016568514267418745
0.025806654855056368
0.017581652023405846
-0.003571508005243671
0.002945612114880797
-0.0005989033143101556
0.016661021558644233
0.02665698149955031
-0.006375578090157405
0.015324519395703234
0.015568431432303359
0.020492057402194282
0.01932640029672294
-0.002757981846719425
-0.009591957175184714
-0.0010438830651153174
-0.009305100745542598
-0.020749923224449004
-0.00428996973462956
-0.010069888545997788
-0.003441592975916622
0.006642719794698821
-0.022429510457001155
-0.02206538568372639
0.010636161608408282
0.006547746036788315
-0.001143597229217634
-0.006880984194649727
-0.014328530254358469
-0.005471255973959084
0.0033709262117255587
-0.012574280268999918
0.0032014626582180855
0.023307900410327546
0.04902528018793942
0.002160192363896069
-0.03549961419147163
0.0018485790497398745
-0.00694781672695058
-0.003670943130411942
-0.02730908902630025
0.0027975387372015078
-0.018964665435254414
-0.014746009856917243
0.0024991477789292832
0.004951913177170189
0.007158031944595883
0.010101686971191685
0.006002985933800302
0.003974841931290647
-0.0028889039926164872
-0.0007851813542410455
0.0172607839272957
-0.014247482383748405
-0.013665835503324045
-0.02282809528382474
0.012782737189314539
0.05390877308509746
0.02841629990543328
0.004341412495926439
0.02042397863770881
0.011523056771676796
-0.0047653662331287325
-0.011607121672847855
-0.0017556687687090087
-0.00047659420158418283
0.00132590072568018
0.006978601830260515
0.008036282628798328
0.01758987090092385
-0.0010393499623328143
0.007443859071587037
0.010008222315806097
0.003915695644572732
0.0013708707420959608
-0.006200918237791423
-0.0034506784002525685
0.013799160547568043
0.013510910749248782
0.012411747771424196
0.005466046225126083
0.014543285441757665
-0.013746131343988718
-0.017311377899476683
0.00863308767772706
-0.018409455357858984
-0.0005416108993881218
-0.007466324377839921
-0.012823597828244963
-0.005558242857659954
0.007657856596423399
0.022486023546473045
0.01994803067786326
0.0013062093706220509
0.012460849135860902
-0.012222974988552016
-0.02237802006791194
-0.017751048621366377
-0.020020398852059175
-0.024304351859833765
-0.03355846595132839
-0.0010340338704411243
-0.022897393805457498
-0.017538015582852274
0.007911344904784092
-0.02781653379100086
0.015390282214335978
0.0027079711958001482
-0.013139248763922019
-0.025611816677511962
-0.015132759104691015
0.0002068944765239866
0.005976961702639077
0.0034731829799255253
0.011857387091743487
-0.0011959607346489435
-0.0020820992978221025
-0.011593967728832725
0.0047889385325512925
0.015265202909128526
0.0002796573341900336
-0.011726056317294346
-0.010065832742812286
0.0029645668378952897
-0.019769308535421828
0.001366434466398057
0.016217618719348893
0.019750719363799376
0.018846045438572583
0.004051619461679319
-0.012905749230271655
0.006051706100632936
-0.003778094437122235
-0.001956866868207249
0.001964862728107198
-0.00022385081541999037
-0.03818351060928934
-0.006251261125986138
-0.01195601959989739
0.013346244390121234
-0.005894258510999071
0.007802535931417453
-0.015562701656664065
-0.008898427193242495
-0.032887637746755106
0.009746970658670917
0.007268515496604262
-0.016909508220173706
0.015401244628903861
0.024275232615966376
-0.012771090266570567
-0.01922154618962122
-0.005256067468647371
0.0019772202421024215
-0.006175116530524734
-0.0024127595018695264
-0.004986660143921547
-0.004809773822318491
0.0031506159379107845
0.016524801272926964
-0.01914517153427962
-0.02063143896360395
-0.011291142121305695
0.031342861178689264
0.02316479560448214
0.022431484710199782
0.009841476212502035
-0.014220839569646336
-0.011020490474518687
-0.00695287331780578
0.009410316651947132
0.016458991823776237
0.0008852286361076614
0.012728391075080649
0.0030297180701776014
-0.0208573266257446
-0.010646535182582621
0.0060842888403391865
0.0033770550824160812
-0.008145796256652894
0.017621178018340698
-0.01907570940463933
0.00011311996506469923
-0.011750483148969646
-0.023406962310803685
-0.020074155622328782
0.0091716989797717
0.005437504729449706
-0.009245971381205113
0.00024367982187300597
0.017788706606276555
0.01689748747167747
0.0006786148610974734
-0.015324251365017567
-0.005484365067875392
0.01631229839882252
-0.003644914478259235
-0.010539653767281519
-0.021824625126047957
-0.014803471462432993
0.024006887350186242
0.00462171425287297
0.021176781312172092
-0.007146745468469941
0.011760606484792956
0.01643042751238031
-0.008211790605006347
-0.015662901367670744
0.00984647107578854
0.011634212466160004
-0.009868088299516136
0.008957185030520027
-0.00855931517189473
-0.01122641299545837
0.0014099907230264272
-0.009644591159126612
0.014654318402056188
-0.014879351703440624
-0.0009425660874394712
0.0008196360937823086
0.014413480896647169
-0.005310529993615192
0.0034052565165444085
0.0014315251599197085
0.0017491384090675293
0.005060912826769146
0.02359441296397949
0.000109047483561742
0.0014470412859065983
0.016309878557132087
0.029398578040574594
-0.004045086268765806
0.01242862351676217
0.032536295523943215
0.02312598964212905
-0.004333104869717323
0.016461960268187664
0.007477656321428389
-0.01094209647419481
0.001638333684473438
0.010612604680271618
-0.005339498204675457
0.006645161166611634
0.017937014059343524
0.004951748918908899
-0.009870575303713115
-0.03564352978487164
-0.025415710713422083
-0.005559108054309916
-0.020366482256509645
0.014155845696359245
0.014029863024642637
0.0035495073978669463
0.0025327060559578824
0.0024644215890504218
0.01081144431852175
-0.025065171220710877
-0.019255940173633954
0.019676656281918663
-0.016013128314919602
-0.019696654897488855
-0.003471353795043034
-0.019591618980090778
0.0018894889036675053
0.008103564260548077
-0.0049375165139032805
