-0.001800586732960369
-2.4432541405838143e-5
-0.001243846732556029
0.0008658167102389186
0.01854684893362368
0.020159504386988634
0.021307701154304547
0.015602856187408141
0.01742751116950584
0.01706194765112324
0.018487307069817258
0.0094737733160099
0.017580929733601067
-0.013282131380816811
0.045116400911138964
0.01584597256198684
0.024537637401171472
0.01674473438730768
0.015068284158798843
0.01593384630429487
0.01761979883486977
0.01851465735454952
0.015548158559100973
0.017690104903971285
0.014959746209565658
0.014010908845528773
0.010031243556622802
0.019543916419014058
0.015101376898883873
0.024667124095736907
0.015368455824066094
0.019565247124728832
0.013313379286566014
0.014446152161300723
0.017840273365540987
0.01977644056258653
0.018783228853448127
0.015003075642844022
0.010708253348957426
0.013262248662163165
0.015907384791548247
0.012929755539127208
0.01934953932211439
0.019322437174796567
0.02298376306511186
0.017518670066059658
0.012269720705797111
0.016611264583102737
0.021870824436280443
0.019876466206309493
0.019393043784544393
0.017444260204784966
0.010454801076765398
0.013259067241198326
0.012353221843852513
0.015696124275410117
0.01718369018974216
0.01895974326812828
0.014612005488264038
0.01679733000742065
0.014378581285609465
0.016631726320106552
0.02253229928810173
0.01790099043419102
0.01912237638962289
0.017094848818005107
0.014727370687725876
0.018103313818165198
0.021334360172410704
0.01623916299257575
0.016951739566409843
0.014600276180649302
0.017079117770679175
0.015389166509198849
0.014273147053670358
0.016127387267065734
0.01610367642182181
0.02056785320191184
0.019078475795827384
0.019171065831497754
0.014460737000764652
0.017363169873678256
0.014424845533224123
0.016414689632244104
0.015707253834424572
0.014024571776657068
0.014380906887081348
0.015954545849219307
0.011729941100123908
0.01569874090621895
0.02007653976374351
0.01979385617857812
0.018833251569763135
0.02191048725106753
0.016442706299962678
0.015687546087088024
0.014145965695562446
0.01625831394047424
0.015013239607771315
0.010637473273227538
0.013054149994356902
0.01406604140838053
0.016350664270363996
0.014702319755358805
0.011591060606831845
0.01703814967315965
0.018444285503988977
0.020288064579183376
0.016152018453852987
0.018090019148710564
0.015430002625124263
0.01878998463640681
0.01287760377626356
0.01137987912202063
0.014074677019701158
0.020803115699024172
0.017998007437715714
0.015228255263387723
0.015064142326556201
0.016164812017697507
0.01578229172114634
0.015245011163578919
0.01915237022759539
0.01911019705113712
0.02051127669207599
0.01620117531988799
0.0182477970078597
0.012850346171052901
0.01834894281678676
0.019860703170763702
0.01496664797535909
0.014469073879032797
0.016054600415578997
0.016720994778813728
0.016725775488088762
0.01892546081890441
0.017894011546435887
0.02249395825331188
0.022887505248512734
0.025253139261790944
0.01173980155387473
0.01720547080130926
0.011306878804046646
0.018448609234072023
0.01605531146718625
0.01470866180643695
0.02054162858134247
0.01639443125954145
0.016933974917613732
0.01912028307999168
0.025973918234050784
0.025105310111151323
0.04121945625887655
0.014765974012982252
0.020971726337614117
-0.005118262377293213
0.014718846775729015
0.014319780910551777
0.014796828049503292
0.016178090795703384
0.01623433094074366
0.019133115425804967
0.017308172117544075
0.019684083856454624
0.01954007720943052
0.03908505999914425
0.03575511507483639
0.052490248070405386
-0.016064000740130677
0.006402084645267084
-0.00247304489463016
0.013726354648639149
0.01621845484121299
0.016386221983878388
0.022138072977887568
0.02000015349052994
0.02427862237401374
0.023837080874639642
0.025978098584490888
0.02247549383422086
0.06974309247314155
-1.160429147837819
-2.0621099316854035
-0.04362485038386506
0.010828100552290913
0.007940895941842887
0.01738596068553214
0.022637771108185673
0.022858533882980404
0.01738436823656402
0.019302992930722896
0.018572966810774635
0.013254531942161786
0.016266260296641973
-0.04813693535922647
-0.041824365255012416
0.08747950247597089
0.0835728466262039
0.01300149015583174
0.019961206188452922
-0.01935535656690068
-0.02346610493697338
-0.010412803357286952
-0.018959412193459327
-0.002161035156933341
-0.0003861809038761613
-0.007327772679855206
-0.028581286010512873
-0.02353266693595961
0.03894427300735752
0.008103917556143887
-0.03455625732267762
-0.03276620070112884
-0.023646991238541696
-0.02770658236347654
-0.03655653011982944
-0.026784603854487943
-0.012216298953070425
-0.026039272825311474
-0.012769815706537973
0.0029586678163970328
-0.005556470973585921
-0.009786246371039295
-0.007234672751530374
-0.030170917333541904
-0.050558752156694815
-0.04379925048643276
-0.04430982892817894
-0.03827944947508693
-0.009051073104481635
0.018340351390187033
0.0196654100139651
-0.01147188759446305
-0.01057883056378724
-0.03100386175802262
-0.010359231616802847
-0.05989271849639409
-0.039563770163240024
-0.07070212886612401
-0.08755048640771662
-0.08160766779203074
-0.07711175182706641
-0.07675969250906345
-0.033048867207950874
-0.01634935288526184
0.01206862230325842
-0.030797693080970884
-0.02780419217447969
-0.002087547416476172
-0.02812462710436602
-0.0531813850774956
-0.04881227022205872
-0.10214025157673674
-0.19169458285303673
-0.1308111823495154
-0.07242871056047877
-0.06671166815501686
-0.04047663645577491
-0.017528158775781066
0.005061067800128822
-0.037422607950627663
0.0022124748432230563
-0.03253020815423008
-0.04366182358285382
-0.05380180027504244
-0.0901295110057336
-0.18968961410295207
-0.23488238184596838
-0.19107498187645008
-0.1150416197020989
-0.019649837072129528
-0.055179032521737476
-0.0004574607212228521
0.0007548133675375317
-0.03506170103684925
0.013564500192462069
-0.0036508533800561627
-0.02756273793352155
-0.056876721081815323
-0.07966433959429071
-0.1688756765833454
1.4758871071778148
-0.253585764004458
-0.1262582279996097
0.037358107458892176
0.014668676181083562
-0.024088192082603092
-0.02427620620852742
-0.005682703120200765
0.023098433102217708
0.027473376537873212
0.022380945132736044
0.0022272021465045266
0.14961302395829953
1.0812137332047067
-6.3391705717995395
0.7599011571522323
0.05401026703942786
0.11194473618214223
0.03955523925006415
0.0140355745068398
-0.019714110374250686
0.03644958924185816
-0.0011225816205264576
0.015597011447216466
0.0780349688949101
0.10885333700193585
0.26035940440179123
0.7266034249289365
0.6356348234704648
0.4189262028157399
0.0960138309570887
0.07081278735017936
0.057283040165633826
0.03154436001043739
-0.0013421140540138803
0.03273755355419128
-0.0033272704437028256
0.027624536045952074
0.06859320385376513
0.10140800656692242
0.2192980405566724
0.30039669377852835
0.44750022298610814
0.23878238686689807
0.16224903233294713
0.07518505789453386
0.03393613709723294
0.012503945644709271
0.029547255554015512
0.029633566553723976
-0.014316081313482457
0.02668669279485098
0.04312611280907724
0.11290337998256093
0.11269367219220826
0.21348434861721202
0.24459326520379945
0.16738693332043067
0.07217753917312902
0.063609778210938
0.01750781576282378
0.03302182940582235
0.008317297225003904
0.002264325216028906
-0.019274658179202285
-0.019018734062507658
0.02133976298491637
0.04894144845094339
0.10682403557227968
0.10995258708291364
0.13137418726989988
0.08832135377441629
0.060633189254445004
0.015276934207059029
0.002025849652206639
-0.0072953189164543675
-0.00592199712858789
0.016206937655193078
0.0063552488493932805
0.02667213898080064
0.03927066088275548
0.03829749832060116
0.05415174069572904
0.0663662325862375
0.06194019407635257
0.04589442980407313
0.013684623825418324
0.02230102836318632
0.02697593405810387
-0.0018895176387413726
-0.010005463122440477
-0.015059091963894315
0.007577227141779837
0.002637381809613242
0.02820955294983814
0.019671102506933248
0.02982291860117825
0.03980780872673899
0.04584166602647381
-0.005674600054941247
-0.02815902415829098
-0.04404817597992617
-0.051226394452645194
0.00021208694669199932
0.006070977127963376
-0.006629504668481659
-0.01568465646828268
-0.004509327551816293
0.046386837484420886
0.04681433278961157
0.04730180046295921
0.019507474216231474
0.0024690097719048875
-0.007976611094322036
-0.045218563137051714
0.017659751346134706
0.024828342005139874
0.024589999646775107
0.0281696724439289
0.028408878777076197
0.027250544362201753
0.024371762058146354
0.024231329048513592
0.021328187297831955
0.019085918094413585
0.011615283944385709
0.012942803581085271
0.010755863755866953
0.017953046057884465
0.024880133408966602
0.025324202205660618
0.02569163152262263
0.02661803049144488
0.031170975401096018
0.027516317421277026
0.027400834380324274
0.02493030080290312
0.023660151779269483
0.020873537778008083
0.023706657845808766
0.020708647504135425
0.022982568294230964
0.020856801888245746
0.026596598472469483
0.03039778438392649
0.02751260508736204
0.030568415335043397
0.029019306666484296
0.028316392327073604
0.028105391498595714
0.029398314565610813
0.0264350062556965
0.028922703041519227
0.024362783549990937
0.027110289981827473
0.027086883194900137
0.028662716174076668
0.03267241360480408
0.030673124527469623
0.02866327362976509
0.02827568455627396
0.03200616881162858
0.030763197632911007
0.03084840383561413
0.03178834991049633
0.03385680784726501
0.033547037818583356
0.033796224004485585
0.03259377159606775
0.03285610130179916
0.03347834875648709
0.034441829076135785
0.03534474842991057
0.03445357371358854
0.03411731172149453
0.032121643016929366
0.03405266519663695
0.03116822609319418
0.03724022031637515
0.036581783222586386
0.04060551001529985
0.0363506566436149
0.042669747783149206
0.03852104856417189
0.04110841582077676
0.04095941671794793
0.035352181989700804
0.03540110209538091
0.0333775638086101
0.033845173125690346
0.033367778134088324
0.03429634565785215
0.036142937810611196
0.04192995375533909
0.042521674787545566
0.04921345001253989
0.04764776939071348
0.051141229131344106
0.04420827851186307
0.03991430554683596
0.040113715513965455
0.03468615508954764
0.034797200557185104
0.03200413605850502
0.03415485387615293
0.03414399326368461
0.040818920239838165
0.04366536092665523
0.05253292222372853
0.0593217579360186
0.07509923731039224
0.057928214213359835
0.05597354263314561
0.051552403817451894
0.038617735595146356
0.03448331110191939
0.031990381329879684
0.03525427175425695
0.03277022483485857
0.03498012917677719
0.03767854341421258
0.050215308630813436
0.054721262255306755
0.09721568860009858
0.09438201867054995
0.0986579439649464
0.05813643672090921
0.04412560294074097
0.04096799000759031
0.03474501911355255
0.03394867553705681
0.03337603411788877
0.033634890091565006
0.03189498622673641
0.0416049587890007
0.042258537750763485
0.07904566039710861
0.09745382817689151
0.25031965069995904
0.0970843351308317
0.08182252571462499
0.04668042452485588
0.030808850251135934
0.032598249789435624
0.029066429143928804
0.031868272082082746
0.028976127536856966
0.03141852060375008
0.03148079805924847
0.04727576706426961
0.040093148672591485
0.24823357220152115
-3.624885299065352
0.24592659251593782
0.03925566036966883
0.01417258496131222
0.028468450605108366
0.025265277015807625
0.02993721628110635
0.027578898681418454
0.027932670552718593
0.026988011663548434
0.030052863331489082
0.013327202903656883
0.029579879581089163
-0.15948009914869793
-2.3067321489287904
-0.15777139409581784
0.028363179100933077
0.016219594264818678
0.02105726574919538
0.025633160561363385
0.025255162084524337
0.02899360631349608
0.02624628802289508
0.026496808364205215
0.01877793341646299
0.019254808474837456
-0.021456579064887252
-0.035918744858282954
-0.1872788118245929
-0.032226104437439354
-0.020225471697357177
0.009876262399704908
0.02118396318910746
0.021883919580917816
0.025471401835230008
0.026429104305238618
0.026824537819728933
0.0235299859305547
0.024153896175569105
0.013097081783661577
0.0020551339165336335
-0.03245993445123795
-0.03249214003775102
-0.034464364749049965
0.0036994358057676666
0.018758999627393396
0.02109670179290773
0.023775791010355256
0.02618793009309341
0.027289300928998634
0.023929089987918838
0.02653876250883407
0.022113236796958386
0.017623172718418043
0.006906077623517982
0.0028812026715390455
-0.012785650794980792
0.0020700907509417503
0.004517132518548954
-0.009013830894698602
-0.01482135571609794
-0.03514260967733206
-0.002525289466486567
0.032505040759578455
0.06549360542395566
0.04555181527762213
0.039624956969860896
0.02863892334964904
0.02172820700750245
0.019821076810150138
0.015433316999619966
0.00570941935923703
0.0019135557784059236
-0.01561634316748225
-0.04895874117027692
-0.050221360312758936
-0.14125373454222012
0.1705024007820028
0.08214993610279718
0.07956786957230254
0.04607765360051102
0.036186065249377564
0.02303724506947509
0.018977001658180448
0.011165640738615023
0.005333874313613336
-0.003848356134786771
-0.031178788226126325
-0.05247194278442213
-0.2029971677075243
-0.9766553767729506
-2.1425563438699315
0.2366317315295509
0.08631879244628582
0.06064087693658898
0.035069906159650804
0.02675538418304134
0.018717391675351865
0.013507167929088468
0.0026380325101310062
-0.004960531900101959
-0.01651495478575559
-0.05206382586339045
-0.06838606807948519
-0.17106243942614824
0.20230601358438247
0.10023818849407624
0.08316006258011785
0.04952293284599309
0.03686205436791266
0.02422050876549169
0.01905551934370954
0.009957246350002546
0.007689599908713521
-0.004714856128345699
-0.010595311672427827
-0.016144863918113445
-0.03294593043492001
-0.008057268969416404
0.03750142141813539
0.07059983960362388
0.04784808421349653
0.042303425545638595
0.030358972657420307
0.02585732145339209
0.017993855879938906
0.010606553957030628
0.00598239979934304
0.0017553335543911805
0.001981238554498995
-0.0050066482018863104
-0.0007560492548743185
-0.001511079062240759
0.029861488540247134
0.033747550774445495
0.037261956709699916
0.031226458134718606
0.027322394572382332
0.01889154016329102
0.013427323540121954
0.012122551351700048
0.009705133717846117
0.0021070090079741235
0.005691638438582006
0.004609286094804348
0.0022593517739177946
0.011657325457248027
0.018662511559847005
0.02932786681584834
0.024687500781208828
0.025458338102047184
0.02199260428491331
0.01992646482187179
0.015195161995483
0.014328310526239505
0.00793932394858327
0.006456570561767586
0.00951754036762994
0.005447340242194917
0.010099176920910209
0.011818494973348241
0.01791163763706157
0.02034199685830406
0.021399918952845973
0.023031723163052818
0.020989338114946552
0.018207040185141937
0.017991596155775117
0.014377879655879618
0.013926465117960888
0.009898212820849277
0.011765739545283243
0.011884870335251691
0.010756608935064057
0.013580799710585036
0.015287286868079664
0.02122428153803424
0.017410038163914357
0.021879002950678794
0.020318614110849002
0.01730960606744801
0.01431157409665486
0.014476995786998525
0.013655568125489001
0.013955818131089507
0.013123836491013249
0.011682495462593567
0.0122428704586078
0.012053430109678848
0.01746981621623489
0.019776008350374814
0.020058535359354077
0.019113374346233572
0.019056341539083053
0.016844440708019277
0.014836092035347019
0.014067971206853616
0.01327281518884544
0.011903172544907597
0.010359678403003366
0.010331500525002259
0.010672626894988622
0.016492887833444877
0.01706967448529273
0.0217152623002287
0.018955585567210408
0.020651519302439903
0.018484537271536143
0.019834900847135645
0.016866711782299707
0.014334783164527149
0.011835845496034248
0.012580160783768692
0.011487092837259787
0.009099099089832037
0.012879147829631359
0.014528860149971413
0.01994394488019134
0.023073142200634784
0.02334437846405062
0.021229826276722354
0.02049906431487622
0.01578047413789855
0.013367315069469117
0.012686736782076526
0.014633178790211143
0.012036064827045279
0.00621172866265557
0.004966972484800143
0.005368259660135879
0.01290783028956174
0.017899958705063126
0.026229096984514453
0.02394344302735035
0.02552424765651155
0.02088890432935239
0.021511462996794874
0.017030051463602508
0.013680417119498781
0.011329657279186698
0.009773906356015872
0.0011758181941396244
-0.0049151729690465225
0.0003353144363253168
0.0006835483958651074
0.028402520199703015
0.030328512071942818
0.035817584896428514
0.02698746174743939
0.023907367215430957
0.021726147479327072
0.019201095231103783
0.01349642575245356
0.009226347465815273
0.0032286170684863585
