0.00134774750137255
0.001028621966095386
0.0047201798680220446
0.005032689972053364
0.004610530057748613
0.003784596059284711
0.005054162779364599
0.007633393515324142
0.01749434527596592
0.029543590665480384
0.04761317624796876
0.04822449211913232
0.04214682764606733
0.025507825076405265
0.01567272442239739
0.011574655506115595
0.003228597371541109
0.0034142668806513197
0.0018578544319368196
0.0022267420982586767
0.005669018956314686
0.008652152273985794
0.011230671358653828
0.01834257883288852
0.023512591937127982
0.023850802460685553
0.01909159685023412
0.01587149543637216
0.01127221228497077
0.00671181827346792
0.0004923150416711571
0.0005832429945969878
0.0007856815531270264
0.0022677768708155464
0.0016845775813439305
0.004801334222640541
0.009602874910772668
0.01107957985260693
0.014062047025229845
0.010556820832187827
0.011533562963131919
0.00857836317996101
0.00861130392921848
0.004130323359509084
0.0008017517374906007
0.0017637804230880869
0.0008423070876821424
0.0009746412539729326
0.0016739423282711593
0.0006794168515882129
0.003929706157349707
0.006677613967766071
0.005089107370302058
0.008283853167588133
0.007529790038392119
0.0030906867245513625
0.0017369720196249326
0.000755626966455057
0.00044038344564495337
-0.0007863194867226027
-0.002065997775459485
-0.002025412379029821
-0.0022058116503243133
-0.0018570049021975536
0.0007143266087591407
0.0021137632042312914
0.0008342962021153381
0.002498835919310709
-3.115332673219362e-5
-0.0005223691401076846
-0.0023719384749655553
-0.0013461726182717926
-0.004302235214066459
-0.0031684722907501144
-0.004082261361229006
-0.004736291165584804
-0.0011075437432552264
-0.002083559956644565
-0.0020435336486409775
-0.0005769706206223933
-0.0010393153207363406
-0.00204255383379219
-0.002709320139259247
-0.002676421695005987
-0.003145433034844769
-0.0015194288789951533
-0.002979311822239348
-0.003167640920481282
-0.0036424770890664607
-0.004145843633292078
-0.0021934542891551842
-0.0009358659635740331
-0.0030852196144224853
-0.0034584129795565623
-0.0022815455512117198
-0.0025454485222647432
-0.00663152481666341
-0.003467697707925174
-0.003801594450704592
-0.0037347729210989726
-0.0040751646808706715
-0.002558009062996207
-0.004112387412896926
-0.0033125583776749913
-0.0030774508885889405
-0.0025049015526963374
-0.002199006368535452
-0.003819327030756715
-0.006895074264434376
-0.0095158976942509
-0.00794219449722295
-0.0051002408852412265
-0.0032393099297682443
-0.003560735033621105
0.000556041356266227
-0.0008770365199713422
-0.0015021266861883873
-0.004048108408673899
-0.0009386811477283169
-0.004125779420703131
-0.000540629954532528
-0.007268831899167778
-0.02030706646695976
-0.025127878970809526
-0.017678302239171526
-0.00744663326297947
-0.001640535810402461
-0.0006830962420618999
0.0016690923774200618
-0.0001875179401966382
-0.0002933835143723207
-0.0022088577263256063
-0.00039463241945966683
-0.002524769647676595
-0.0014041722718217981
-0.007192392400268014
-0.038616022491943666
-0.0650328287591084
-0.020692978014519855
-0.008088119264296941
-0.002008211085371013
-0.0004201271604395919
0.0018678415467523043
0.001011930359229177
0.0014425272625982893
0.0005139316187516652
0.003603338121498544
0.0027165511684572367
0.006814285525858555
-0.007981245896682027
-0.051300339583257956
-0.4434180184030848
-0.04876837737437803
0.005499883183124905
0.010051522621033029
0.004016044564233829
0.003420234691570911
0.003281182921310614
0.001026695625399419
0.0016019279617891188
0.007000396826782634
0.011500842316504563
0.022697392042605128
0.06961117955901266
2.0788790031978164
-3.3716445714635794
0.07111437145215159
0.05609217347057062
0.0197188954097779
0.012715978892256341
0.006244603472733968
0.004048455493313541
0.0016230017579911865
0.0037195884480482606
0.009973978937548516
0.016173662399237614
0.034909719341064446
0.06919008145553683
0.18284117432639932
0.3000006955748211
0.12779600093455715
0.059917280519240564
0.029706128944731024
0.012866501595838275
0.006759212613772699
0.003824877241908511
0.003340068308250142
0.004502590641585291
0.006516039587969318
0.014843728991900207
0.024907052805948394
0.052922274525114464
0.08295343950444296
0.10871994341987219
0.07684108147400083
0.043526477003003446
0.023655818298466323
0.016796906705212177
-0.015431597052282994
-0.013802438304825549
-0.015608244816464297
-0.015739194280644877
-0.018596563792462318
-0.017736487285826594
-0.019269558570534612
-0.022375260600379532
-0.02245366734367177
-0.021689702233003868
-0.01814398362883375
-0.015221179843611132
-0.012651866644993365
-0.013850388089468618
-0.014402722779167517
-0.013846980706252654
-0.014890312546946494
-0.014976565755562606
-0.019131229569215896
-0.022332108771790347
-0.02349226027272905
-0.027381628109093357
-0.03094125494830792
-0.02812536566434611
-0.01901626587772587
-0.012688696807529135
-0.01339871543263799
-0.01231889338837863
-0.011837394597747153
-0.014447291877717938
-0.014098683689638888
-0.01569706681875223
-0.01948723919782278
-0.02591712978625115
-0.027355934630458534
-0.03733435020496959
-0.043337329297514736
-0.040163525201284724
-0.014176550053198053
-0.008666119533288804
-0.008550609017386537
-0.011877057695238962
-0.008958630686057616
-0.013097654283761693
-0.016542607490077237
-0.019197269569583036
-0.02268510315322563
-0.029071045909747923
-0.03820099296996115
-0.05610792934270765
-0.08149430243585427
-0.06714708805975966
0.00657177028070579
0.012828569952000738
-0.004060355901393749
-0.006203107013261684
-0.007634718993440765
-0.014349956897403376
-0.01722938788808855
-0.019956089474732437
-0.0253960744517777
-0.03579211805980496
-0.05053510431022076
-0.0880234872375766
-0.1459743865708469
-0.2888497042160741
0.08404177418691477
0.036978401069777525
0.014350407053114685
-0.0038162388617443044
-0.011594266971057442
-0.013794328193597029
-0.01828427296354906
-0.021425437870416914
-0.0253325989663277
-0.03661368163333919
-0.05650113405439062
-0.1084821551225914
-0.29518711987954116
3.0841266692931772
2.039893269258704
0.08833578625693211
0.0069234103831519195
-0.0008782573688693177
-0.01111431108783413
-0.01570367267450388
-0.017610705387222092
-0.01985754852665993
-0.025146035975286835
-0.0345820399783244
-0.04791704903309575
-0.08274143078105131
-0.13230534431515284
-0.30995155789839796
-0.02505553010452598
-0.003320128631323753
0.0008267436236138238
-0.01002466107181288
-0.014757158084574427
-0.017501731490525432
-0.016767336357652398
-0.019622049165729953
-0.0243680503047556
-0.030136951323188742
-0.038619150373830693
-0.057239740202769035
-0.07727530616188795
-0.07770076522909987
-0.03703124921045215
-0.012335993703607537
-0.01356162756545049
-0.01148342920164226
-0.015546042857041056
-0.01862427767783348
-0.017626515238678683
-0.01809060720488447
-0.020290266681318343
-0.025737653466964435
-0.029265879720803238
-0.03811123775526858
-0.043956152183421894
-0.04506740282231548
-0.03099306614411459
-0.022359794355324612
-0.017050691111995003
-0.014187772478896134
-0.015655810707157585
-0.01653072597529783
-0.019131533862905916
-0.01878091038485159
-0.01845783887449547
-0.021738658057502743
-0.024610618606854314
-0.02777945021658686
-0.030334798685286223
-0.028129242039005856
-0.024203950646763485
-0.018616436218213007
-0.016973849687398766
-0.014399268911254176
-0.01469154294643042
-0.01707829024313854
-0.016275616506306215
-0.016804968478351598
-0.017021810507863448
-0.019440867081305598
-0.021192393223105274
-0.021967920506165733
-0.02498592275012369
-0.024215365087110613
-0.019225765523688276
-0.019352485386383768
-0.016686686968810874
-0.015703517912946833
-0.013893749214815287
-0.016344560485081327
-0.0167596137781888
-0.015319700045648511
-0.015991003588647225
-0.0176700833867242
-0.019439654844482172
-0.01963245978030693
-0.023697832635316367
-0.02000114334824978
-0.017774210597776195
-0.01888754306308724
-0.01826576199427647
-0.016818532640497267
-0.013669971155480522
-0.013881654406417122
-0.015236257119090544
-0.015601084827143414
-0.016216050420229024
-0.018749233052300453
-0.019465770066533977
-0.019341311907727372
-0.021324440250584314
-0.018083128924266913
-0.018430553806171122
-0.01628744771672607
-0.016703269967410977
-0.015732415441722082
-0.01577877793140556
-0.014538776552359916
-0.013964075866348983
-0.014130634816903164
-0.015577186555205054
-0.017558405110125783
-0.018571480967836947
-0.01851051218166828
-0.019178244131905955
-0.018361022266292513
-0.017126827522535852
-0.01480765461446586
-0.015348385202183476
-0.015006292477210244
