-0.004083931814334895
-0.04080978747495875
-0.06891753731685944
-0.14078213836331593
-0.7246191594532226
-0.13957880164432998
-0.06805625445319273
-0.013685662146824599
-0.02190226545096699
-0.045219855219088854
-0.08040268734611239
-0.04175789709324457
-0.023328607991001366
0.004788408930617774
0.0031280829032402447
-0.0018568662924390881
0.007381526857406838
0.001209999771715059
0.0012888404125348846
0.0037053732213069984
0.008073625302689227
0.0047599705326975975
0.08072833563245085
0.006992430627634221
0.007659348627029867
-0.011614121036779912
-0.016066156576967378
-0.01697336979957833
0.40789390280671295
-0.01772482355061977
-0.014653033494191609
-0.04415990634776182
-0.06585670331241644
-0.18226807466768064
1.5327775834575263
-0.1846199710993555
-0.06413374954855477
