-0.0006536031611171874
0.00045319377027617944
0.020091716684032996
-0.3036841823274394
-0.21096725711783823
-0.17321201378114068
-0.08499368895344767
-0.05423650425491681
0.04847289278428723
-0.14818547117263753
-0.18762284991419456
-0.14586386445528868
-0.12034534007664925
-0.07536185912522061
-0.11507959077118705
-0.1609649640209401
-0.1560482030718043
-0.14934477624637535
-0.11015674074724187
-0.10746550609168588
-0.10113893593781817
-0.15207613268847575
-0.18302810146352924
-0.1450043444580775
-0.11477178147693429
-0.07708489496461382
-0.11265134273299925
-0.30271219785103226
-0.21700992008322156
-0.17297653824947767
-0.0841543586469918
-0.052282262883632136
0.04462220096595585
2.80658500211706
-0.3783761282616085
-0.16555085165231273
-0.09612265324372268
0.1173737642150495
1.6342193970983798
-0.14123274369850436
-0.17048608437006046
-0.19811341552960057
-0.36674321127966153
-0.20051440193687667
-0.1705578294902536
-0.14652716056599574
-0.13363188966308948
-0.2919449986309244
2.5804490839365437
-0.28613693886853414
-0.1379208246897658
-0.0857353940794068
-0.0960303436687581
0.06828191102552299
1.3878284225713096
0.05873127796510324
-0.09835098669752032
-0.09095898068259693
-0.059238443503148226
-0.035916768659596546
0.13633050227356427
-0.03541412225943231
-0.05984929213045267
-0.09623103275677927
-0.10470463717926053
-0.0692608117369994
-0.08172274465079356
-0.06810575937778426
-0.1039551023679848
-0.13398840142966992
-0.12836019735978305
-0.16185442499749453
-0.1518135643939993
-0.15992568052125505
-0.13069500478523147
0.02037773137534344
0.012861982368962402
0.026220852209516726
0.10565743663481708
0.004830659951773126
0.03117469972468183
0.029575587396291042
0.004969658495271477
0.16135003554027902
-0.10808174404818663
0.11479414541200919
0.004885866569929525
-0.0007111949999904239
0.11131333731233471
0.4528138155112206
0.4840825474567818
-0.04141727585723192
0.09128971444559844
-0.050125274209296036
1.022129316150304
-4.695338066067293
0.5013474850601889
0.3032154120596059
0.026884515278584556
0.09941064164073972
-0.1508194407801222
0.8097303033680519
0.2178546792310462
0.05943374737930095
0.026341671432858527
-0.02171397458224498
0.16591803192923016
0.09547708584066425
0.05021347118658477
0.06367412711747597
0.025178410746370675
