-0.0007200848957694079
0.0018807486183588557
0.001655308541755219
0.022385907448236833
-0.2006108215710464
-0.23992702303293745
-0.36850706745173945
0.04495357607238173
-0.10881009630760384
-0.12137109624013102
-0.16430834480008527
-0.2008617057680718
-0.16726761194029222
-0.1444026287412896
-0.10781810545405027
-0.14746698140839146
-0.15650510635919418
-0.15817532345543048
-0.15096079374827678
-0.11605513045779998
-0.12317605801680977
-0.12937301919321295
-0.13681148539245525
-0.17228156212185564
-0.12586740108235955
-0.1063437915359601
-0.08655924251832507
-0.12042837101365803
-0.16890764114530726
-0.17236790439989175
-0.31413811849553813
0.10569713391123371
-0.06144497154915382
-0.09316661404497431
-0.17836938333371868
-0.3903267766913546
3.2066430088946465
1.675305425447067
0.0909636263358051
-0.11975258898485426
0.1426681134485607
0.14469822898375279
0.12003424600848715
0.12790227145242808
0.12832617632987497
0.15000972391225134
0.07638360880100462
0.07137532742245319
0.09589437317331498
0.09900330400585826
0.11129177540604848
0.08117642502819838
-0.12069193287043002
0.02947048787100971
0.0564947954098782
0.0905621224613189
0.07001454312868167
0.05891963497655248
-1.3634733306559212
-0.06339124060081137
0.08165520104051811
0.09396926727659073
0.10864589800254182
-0.04426688240698078
-2.511645015179712
0.28497872004750563
0.1276823528672762
0.14390857742099739
0.1549199770721856
0.2946095245170108
0.3439760446291644
0.17138131086971065
0.15584586071998097
0.13548072641540174
0.16755598657489973
0.1928337937830169
-0.009335222108702369
-0.028635174384137187
0.06419325735689847
0.05894259881539589
0.05956768140252229
0.014715559003439453
-0.06962202210618205
-0.06578167013832466
-0.06597766328714107
0.03089584316768514
0.007687886947625048
-0.007156347304819568
-0.09746775472388142
-0.14453137643733532
-0.12153175335918773
0.005206459897565367
0.0248627843611578
-0.04252670335807316
-0.1300214423792068
-0.2229427313227862
-0.3414213010358138
0.15523650145101678
0.06434873016935064
0.01434114907788618
-0.035920838446515994
-0.1371815720946596
0.2656346877930078
0.21097744939289298
0.12126400041104804
0.011473744282362416
-0.0059420768337241706
0.009932447943222074
0.12013587729093336
0.13147183513501037
0.08836385583699669
0.05294329925780981
-0.223417506580017
-0.15564248883129816
0.07731311920128453
0.058180383200962235
0.09642784735395266
-0.2651658424087155
-0.13229411193671511
-0.047610218357570684
0.03709297243859112
0.18191315490631296
0.030544006544808867
-0.10354169698301055
-0.04402074451140002
0.05072873511677736
0.2153728904411506
0.2700870919422821
0.2132254266414842
0.046662021246810716
0.023552271457185775
0.08385034815062466
0.3155945216254791
0.47473805085561094
0.7201958918456883
0.15944001355845508
-0.057264293141557565
-0.01971848079892316
0.30302840244800566
0.6705470258246784
-4.568641373698801
1.0513068163446404
-0.35302416018691385
-0.05450847385268874
0.02888293691695932
0.3933163385920477
0.5869316731042664
-0.05658254348554325
