-0.012330496319263425
0.0013955030931169167
0.0021132653956202133
-0.0015031826757760309
0.0011836827324325876
2.7310364143890613e-5
-0.0015909890250515356
0.00028855433349995595
0.3386569612107621
0.19428214888660097
0.03327451713947726
-0.042000850952369384
0.0013689209497138339
0.18975189030709927
0.08046498801939617
0.050712951007520005
-0.05020977226647321
-0.06974450223457561
-0.06046718375710951
-0.01627555184451402
-0.038406227396765594
-0.037820526416884555
-0.003262390060670955
-0.06786105926970157
-0.07423104917194409
-0.10073423005522245
0.13500697667583836
0.1705359431874407
0.04567596646545352
-0.01866692933924233
-0.05625270464718989
-0.09925753788748397
-3.3527080017486846
0.2156140382441267
0.20866936310789994
0.01205479891771091
4.4824491724882766e-5
0.35664121767663537
0.8622353855626764
0.573428305196901
0.16944679865270085
0.032702688991074085
0.11091591923196531
0.28311391669957564
0.180428498006413
-0.09537890199935428
-0.07730601596283122
0.01262763822784965
0.08330874774880273
0.17868725260977758
-0.959220426321117
-0.5362314912395402
-0.12181096289007672
-0.00775221620225139
0.10065099138573125
0.17098718169460636
0.35100132815447954
-0.1733797016415315
-0.09485354513261794
-0.0031225574923491504
0.07687940210503269
0.15560712344301592
0.08536954626189378
-0.034453632254853254
-0.02326020996188431
0.01922339253108038
0.061403765609101754
0.08304934059206362
0.06324340450430115
0.011298622803113665
0.0034396110780129125
0.030657335361415378
0.061006537965382204
0.08530120664461359
0.111506053386525
-0.014598765432156395
-0.0016563744542065838
0.02163850086091928
0.06844985818830843
0.0958594631072598
-0.11868434537507164
1.0611513466215992
-0.18735897725503514
-0.10690595007390202
-0.08139793366124504
-0.029220911646563312
-0.07883976169064605
-0.20618303663861923
-0.14785197190268354
-0.12128626166174929
-0.05449374421719096
-0.06579902922845972
-0.05025600074032158
-0.02860086171671113
-0.09512372589768348
-0.05059944422761941
-0.050191480483028725
-0.02206592799020618
0.036632345207373324
0.004285307733803399
-0.013136171714079086
-0.04373708805884972
-0.005548932267749809
-0.009989129245642629
0.0687533517364232
0.16220328212729804
-0.04124769374754929
-0.025056901755929336
-0.027494491301951737
0.04223807854544836
0.12199080998756921
0.7481964146122703
-0.44337814183494234
-0.1069662798886301
-0.015575196740598214
-0.0013615470042553982
-0.0007416549195361041
-0.003417645206743234
0.0644197317258677
-0.037691685703219895
5.213060700803905e-5
-0.01594599971358776
-0.019834465332821113
-0.007732243840610093
-0.0243506824993053
0.005400549889256271
-0.008089795617348253
-0.0011991113413585572
-0.01681758050266791
-0.041713610236673436
-0.021275020222692686
-0.007265420377340479
0.01166326209544471
-0.015121214066345784
-0.03965744760580598
-0.05499447538332822
-0.10146827949048803
0.06275342535475661
0.02594650153663384
0.009210054126085516
-0.02613889196963479
-0.12152945818614377
-0.38380241276751365
0.5186445129328086
0.08893042835156809
-0.009041013160622259
-0.021811511845290354
0.020775172235553915
0.5173675849051722
-0.29381546701846534
-0.036220810272846723
-0.0038874547175739163
-0.10311739541353208
-0.06120733963182991
-0.0456957966930738
-0.0316054238605933
-0.058505228577637736
-0.0665497438839752
-0.014679924142530873
-0.02879499409869483
-0.011545655602989433
-0.008491317378374158
0.015634801669997173
-0.007113581743555445
0.03388955582541816
0.010248947468078907
-0.0027902106396522023
0.03402494800218159
0.056226334053471064
0.12379521786570234
0.28484711744588626
-0.026486744237462046
-0.0030391521470011203
0.02488663023111809
0.13965804392620296
0.37833201787707815
-0.46943259376184093
-0.12424112743219214
-0.0652718240349239
0.0031441625121035434
0.015992610764459205
0.8426029609644762
-0.25142340641759614
-0.1323952886456105
-0.062421604607107425
-0.05307373228164142
-0.07970695506146905
-0.2675943096146545
-0.2761331479726289
0.05058773297855048
0.07254397554355327
0.026879389671273957
-0.005117265142546934
-0.09036039856231289
-0.05726908981248833
0.03126073000918437
0.020689066318741393
0.020207335556834554
-0.011422133294434604
-0.02891843587374894
-0.007250181915407125
-0.0015738646893010142
0.027136145776120744
0.009198316159413149
0.003209023428552277
-0.030271806846688887
-0.062302083533863094
0.040866283625367004
0.027359543460835217
0.03613208314526572
-0.005807267955220987
-0.01150835900372299
-0.1647836453142967
0.045010414186269984
0.09889502459150412
0.036418845717160135
0.024510378362285333
-0.051507940995078494
-0.6601455550572876
0.4300990078615763
0.11572841307280522
0.07670220934136021
0.015460767309233054
0.20657648921637578
0.03829242463591537
0.025945292632241584
0.05502719520274138
0.024186083590154537
0.020884699122481865
-0.0072034265578519744
0.03771677345073989
0.110192296211411
0.06056831148265178
0.05920477384987482
0.016491794516956194
0.03943561725411078
0.16084999259448263
0.16010180374720862
0.13284413565481518
0.03904090114448375
0.020191737979726683
-0.021228525614708466
-0.7278331500248765
0.41705070457039606
0.08021483019070601
0.04706289438827491
-0.06669871827266188
-0.23891266226291
-0.36106873872963896
-0.06567037866906482
0.04473363864224027
0.0038420611354189824
-0.02721983967164197
-0.0818232430220499
-0.07450525348644063
0.02375536114044402
0.019590335016210377
0.028044284153850664
-0.015130572460071469
-0.022473432230746687
0.01920826510813652
0.11537126769710712
0.09305980074631522
0.0540092009586898
-0.01243171405163053
0.007722807251404545
-0.0011820396737796037
-0.038664221363853404
0.02481487091247675
-0.02597837320549022
-0.016076764379676336
-0.037145250613364836
-0.08568709925383022
-0.047485690194594934
-0.06806062193148306
-0.0323614752880147
-0.06537439279199292
-0.044314715310670334
-0.08841089831007688
-0.19789072777800315
-0.047526307834376204
-0.07615245332301818
-0.04293883206912118
-0.09558040652940772
-0.14616915380937848
-0.6899729134844945
0.009422679312664547
0.007355346913890596
-0.05958017059335994
-0.025801747923600328
0.1681190510763165
1.1713573284394396
0.2449962691798946
0.028976278135419437
0.01705951615217999
-0.023686716017166345
