-0.020008314400565243
-0.0014163150488944814
-0.001738150404823184
-0.005291664944068776
-0.0053863357002895814
-0.05740639443380332
-0.02678892063857578
-0.029940303496186718
0.004409273934100207
0.028240225176754754
0.012715023319776763
0.015462257449920686
-0.045929247792172195
-0.04683321460768181
-0.053298044491996426
0.004046068595699904
0.002196517635635054
0.026028132883733353
0.005057394593215501
0.006355787959950336
-0.05607903841760079
-0.1278879548237327
-0.04437007077149563
-0.10615484906332366
0.057590247138391636
0.060913430437500395
0.0228872329807613
-0.021209580939445284
-0.1214139851119465
-0.05717072581002902
-0.48364673835472405
-0.43747479055548827
0.08674699317314451
0.05191905435137481
0.003939271532021135
-0.029781695693451512
-0.07905616107807308
-0.34978908640840073
-0.6370881717683352
4.871046184199028
-1.2411505361756763
0.13168809120247005
0.04635706746034309
0.001458127403625208
-0.07044016766576036
-0.11289194056993708
-0.41867720782586026
-0.549764155821935
0.17713137812381224
-0.002094703533928651
0.05545164905928292
-0.03655703065186333
-0.034996528486242816
-0.14302923326233005
-0.11794196521607479
-0.12428295617642816
-0.01665619231979916
0.053586991775993686
0.039937617292429846
-0.011080808900575419
-0.02356003708912998
-0.043146397941120865
-0.07351636686784226
-0.04039620904437285
-0.012243368386335655
0.03224322781270108
0.027115540185661292
-0.005661524749581666
0.029473146505561792
0.1839009711312282
0.02854820752900905
-0.004090872277528417
-0.04196272096601207
-0.040414855405469984
-0.03770012844747628
-0.03804553994045393
0.10997022212381337
1.169588408627822
0.11929815024612386
-0.0363542861836251
-0.03809605236841061
-0.052092914108970524
-0.03929234824258541
-0.07569071249517381
-0.22911251956971934
2.3739368040870095
-0.2402022862577904
-0.07433801454179483
-0.07256834469379256
-0.05815298692986771
-0.07569074778275627
-0.1083563965215259
-0.1391291789818648
-0.3014866578938578
-0.13998045365902487
-0.10738278792494972
-0.07369645874306834
-0.07239701343423015
-0.07314375221876761
-0.08076271274648716
-0.11836147714028641
-0.12136669011318447
-0.11989373314195124
-0.08207010752775852
-0.0757224139529833
-0.06303206191006776
-0.0749412090443823
-0.06855279963103014
-0.07123077045471965
-0.08434777241733526
-0.0699270055556847
-0.06835709501568668
-0.06017077617273154
-0.06404323389021305
-0.06222499501958565
-0.04443213148687433
-0.044819458768658386
-0.029728667941055987
-0.04340463471283535
-0.04266845322951877
-0.052755203480180445
-0.047679891924927824
-0.054501941124994915
-0.031095824817088287
0.005791507055518596
0.00953608755439641
0.008183126012933813
-0.03047289104345263
-0.03631392655856223
-0.045933762588339075
-0.03837542417552418
0.06347443310171177
0.06535316666342117
0.06743479305502086
0.10237609030544233
0.1035288169747189
0.10452170540347494
0.08764080265897936
0.07968614255110518
0.07312943807231025
0.066518497929383
0.07986290181236885
0.08689734211663658
0.09860439920254116
0.09460815933747743
0.0946706545635522
0.07789547424799594
0.06538169696283977
0.06695181239860179
0.06729416485939095
0.10087183182042231
0.09943293412208727
0.10511215764173189
0.09111327700766508
0.08165240795596905
0.057177519163666424
0.03367439267284074
0.06470471882697035
0.10189990697955083
0.1343196674540787
0.10859811774403196
0.09988985890126754
0.07080710813034302
0.02329981449769569
-0.0019305461720373642
-0.07683964902703232
0.2573458409163042
0.16609911265822758
0.14730126122085027
0.09622631242864262
0.06967311426107431
0.017783385910864456
-0.1526173819328156
-2.037026819305088
-3.1988721722815456
0.32374442857959335
0.15353418754933482
0.1120944332611157
0.05645630732352229
0.02310650009353625
-0.0038673606818410092
-0.08952226482405358
0.26314732647888783
0.16959003921402432
0.14727263225852766
0.09605533039530165
0.07197218912878282
0.05597545503788522
0.031921435881993955
0.0673589785549201
0.1019631771915219
0.13518978908731896
0.11164202623544689
0.09701495925521554
0.06972376867844392
