0.001242364750357432
0.0040370088094850674
0.0020804851602214468
0.0031513488927929325
1.303103882982219
0.1278541083300239
-0.035320583599027434
-0.038452780779301456
-0.053393341993259825
-0.043567134302604706
-0.048471102419582975
0.10913531023525365
0.17161682318794547
0.018367467465372857
0.00045977095335990407
-0.034575255446980334
-0.03858042969996445
-0.044692069787342165
-0.009610535979842056
0.011281919262027955
0.0076404339466305295
0.007687964967864089
-0.027030495027318746
-0.037258890671963016
-0.048441040727115706
-0.04346474886196864
-0.035859089293392585
0.0038856631347773136
-0.03178676579815249
-0.0459274359306758
-0.04597888757609262
-0.05570547011766618
-0.05305899034366034
-0.05903089079531415
-0.05026657634688865
-0.04740301631054734
-0.08672320773901794
-0.07184778900478417
-0.07157252930699738
-0.06247463856422775
-0.0692871842491574
-0.06522666110848507
-0.07775006542339126
-0.0727810298646232
-0.12682606696462204
-0.12074230241753457
-0.08193121149266823
-0.07784420956787222
-0.0715656440445124
-0.08433996497608608
-0.09398228328742149
-0.1274991679688099
-0.30756833489517577
-0.13115616525318133
-0.10700469629566549
-0.07383351270099937
-0.07919239194768664
-0.08152672768549979
-0.11733114192792556
-0.15556369596360248
2.5178597887912364
-0.2287298405230924
-0.07555373024890068
-0.07547547726321441
-0.06101431658838106
-0.07923587034627999
-0.08751582261312353
-0.23152192730172283
0.09414534303395833
-0.07273164283939476
-0.41263820444240407
-0.2719975947229342
-0.16323876159098447
-0.07717981620827087
-0.006285123148047031
-0.008182073378620973
0.5527469368745076
6.414284574660437
-0.967609267911126
-0.42839250139565566
-0.19925222455516534
-0.08524143017239884
0.023057176288646362
0.1688293725922313
0.2659937354084057
1.1547611997822578
-1.9783650175792131
-0.3694178480520618
-0.2143496455057137
-0.08256911070065913
0.0024605604759991343
0.13641125601720563
0.07040942096418551
-0.09576100424314174
-0.3023712370364688
-0.23798453547406195
-0.16736306312885912
-0.07585543924282061
0.011960639338959482
0.04994188820384975
-0.05449981516537167
-0.10871946772104248
-0.1904431537447562
-0.16522544759590155
-0.11523169344416141
-0.07843051028239251
-0.021689218838336563
-0.0013932344736054796
-0.04792316893875592
-0.08804887943636354
-0.11607669235709264
-0.11604572905579942
-0.10063853864705515
-0.0675280069315633
-0.03612749814657321
-0.03724800243673775
-0.031409267938598315
-0.07331241408792817
-0.09950114866726323
-0.12456249420358592
-0.11460165507398
-0.05595829473117213
-0.04922565133068334
-0.02603230531850293
-0.07724600335190554
-0.08227889123260179
-0.1787022411917183
-0.19264124565599472
-0.14417426594933322
-0.08144856984399
-0.024300204186803537
-0.03215284799299672
-0.03808917130445601
-0.044323075909852586
-0.03656016293172843
-0.07352738390691418
-0.07377891249033058
-0.07799096418590486
-0.06401478347075677
-0.05538741634206025
-0.048352599776988574
-0.04192395197520681
-0.05503130599196394
-0.06018336790313675
-0.07531025666682087
-0.0671453238508729
-0.06681072899595997
-0.050474200798495905
-0.037606816802147586
-0.04137504474326956
-0.04074990526299465
-0.07643972763405167
-0.07585616159354691
-0.08042059995458292
-0.06293791244169433
-0.05737963520926225
-0.03526987624451172
-0.013644779904763796
-0.04322339020065605
-0.07097427837349868
-0.12039355010351586
-0.08694184595251232
-0.07437253745484988
-0.047601006664744885
-0.003573557783101016
0.01767144982974854
0.11731957795833795
-0.2484894956925199
-0.15261512439390548
-0.12766773692976338
-0.07231854734464187
-0.05037041542186137
-0.002453619580221148
0.14863073427517567
1.3820110744196106
-3.2899164926114275
-0.2954016251343016
-0.12564936442507935
-0.09274513059780817
-0.034517883219529075
0.0022400796504394543
0.0037139092384367452
0.10070371756441186
5.477262406676148
-0.12425108050999517
-0.12321159509490176
-0.07410432550941046
-0.051781435632162885
-0.03246182148096245
-0.004797689749845249
-0.04400823771347161
-0.06818869178768182
-0.10738417921069694
-0.08632886380434983
-0.07281307446172192
-0.04531230086018253
-0.0706692703736558
-0.053525132604215334
-0.04995849357653182
-0.031184329150850884
-0.028633774384023102
-0.006166731133911221
-0.041977734642227024
-0.04979263418389199
-0.044916867583964494
-0.053760823322827625
-0.04336320312510963
-0.04115581842505609
-0.027062537274876234
-0.03611832504739077
-0.024809892084643764
-0.053172939225184866
-0.053557652432025926
-0.04727993903496854
-0.047539101596937965
-0.03617393253571214
-0.03747219081322433
-0.030905180511082
-0.04037946154217464
-0.039970516768804
-0.055530358450109424
-0.06099595909356655
-0.04413759173395263
-0.041304836550301524
-0.025849559497017355
-0.030230533692213464
-0.02864694842297402
-0.05554188555602795
-0.09131487035443367
-0.06131758551978286
-0.05391260506821451
-0.03183446231897033
-0.024701660892203756
-0.006758024947628334
-0.031240122271437874
-0.04439201763372632
-0.11488298732218076
-0.09480174916338924
-0.05169428526318944
-0.03680408539238002
0.0008949028471107955
0.01410716463521596
0.08798920994957418
-0.18083227384623715
-0.18791293594841624
-0.08252359035478904
-0.06697916078930219
-0.024364598441849995
-0.004355560762844149
0.0996827503572594
0.29291661532365115
1.5712984124039984
-0.06670070345256444
-0.0781445753902306
-0.047633145672911915
-0.03913990984246837
0.0018893940970300094
-0.003016557292303712
0.025974267697531025
0.6672888867954775
