-0.0023104597028833604
0.0012673902873674503
-0.020635460895208103
-0.0010367352453745052
-0.0005142972860584765
-0.0003882576188247469
-0.0008072984412675595
0.0007009337767003925
0.03508314847573886
0.03463493854173994
0.010534843241996631
0.012120648860006557
-0.005405015882371244
0.0327126495312171
0.03802942800787056
0.049695695431089634
0.052591762038095714
0.02520833142333837
0.01883788156609344
-0.01841778610609573
-0.008718439700590079
0.0002710234245658287
0.08270126060492658
0.054457341971251294
0.04961940114054655
0.04046369777096551
0.003774608067652229
-0.011012227424430341
-0.09563216147271476
0.37561912251584423
0.09972205622813356
0.10195755120011414
0.06623224931382406
0.032591131263104346
0.02124243101095456
-0.04848613914128144
-2.3753616480714026
0.8732274693095661
0.19368712728169418
0.08530029800338214
0.04183826255507023
0.03763115850314487
0.013285149072535741
0.0046202287588490935
-0.05558740857266742
-0.37943824364706197
-0.004002071687680368
0.06295970532359936
0.03878588852676259
0.022303094613165278
0.02599987897714885
-0.00418521092248517
0.005721170313359984
-0.05651954306755379
0.027659833410717746
0.021211791591028213
0.029801879476799555
0.03337599804102016
0.013719710167844557
0.020961078095418847
-0.0023456693091857186
0.01590568344389126
0.018853555364452317
0.036314041977326766
0.03925671562230241
0.028055625612073837
0.024582046847433113
0.008698047916650894
0.015167646223331801
0.009842518892947634
0.035841478432514444
0.03290327720005128
0.006193534193163944
0.010305383856666857
-0.004861111127424422
-0.0036153014072906253
-0.02502479278301097
-0.0008669479205801967
0.010698096295001675
0.021408828076825707
0.019227298135664827
-0.0002689003627644581
0.0009146347272817102
-0.02982011498221719
-0.02917118716821566
-0.05692852167919028
0.056631167143547
0.01736076243756018
-0.0036970425473506797
0.009890753265352499
-0.009394877555433894
-0.009967201729425636
-0.08637908120251639
-0.47652783069661775
0.5047121634855565
0.051773306207840306
0.0016946966735398418
-0.001658046152170181
0.009725203079095072
-0.004976532992967357
0.07036370698941097
0.17911504182545923
-0.34935985763060595
-0.09330559587437
-0.014869305905283106
0.0026646908157564424
0.00011370104810137148
0.021512315545026615
0.01082612256451868
0.062180237909203726
-0.05615392357419057
-0.012789171070566329
0.0031485648558263538
-0.002776168532578211
0.009246855199889352
0.002114024805186474
0.018914320070055113
0.006188132026830486
0.004386349320477597
-0.012331123834574381
0.0006993085161308152
0.005583920439396707
0.0027517666761764014
0.008015734586984975
0.0019714803539530672
0.013244578226573295
-0.001151702290072885
0.006806895628299975
0.010181867960737879
-0.00014702891177933726
0.004981669743343233
-0.004667621307625577
0.004092044215577379
-0.0030346620556138382
0.014253523009672147
0.007250975868545545
0.020563313593384702
0.03994801930472053
0.05305457062780997
0.056986905420186654
0.058448680238362194
0.01897090861827348
0.02991880214807951
-0.001581511925300449
-0.007582258533589769
0.018753211714759466
0.040853270811106436
0.04244256201141286
0.02202606454254475
-0.0023309477879242526
-0.0377788019233461
-0.0537937560729386
-0.07732343759857657
0.004330947580804299
0.020272402378262076
0.02069382278175299
-0.02963604225031465
-0.0769073028203522
-0.17532544788248175
-0.11376243435517534
-0.11144973889402233
-0.04250431077727485
0.030702165001930435
-0.010348444481492134
-0.028163996426208933
-0.22538695058460034
-0.2829395616820961
-0.35926690791550275
-0.2700022573138322
-0.015406771447518293
0.019831587945617547
0.016521833158496445
-0.15627625552701122
-0.502434895781077
-0.7669898759334847
-0.4304985734623402
-0.0370450299216441
-0.03200909668829024
0.0300758746835968
0.037567301628179964
-0.029765078723962113
0.002917773449765351
3.358334715870603
-0.2123627535162877
-0.04431222647735871
0.00600749195688252
0.03147848783589629
0.04814237831338115
0.060169557898583664
-0.03412195769000284
0.026346097556854315
-0.10299010652426016
-0.017275048530269607
0.035755673169511094
0.04117600577078098
0.06035810448771227
0.054623007993590066
0.061029452470670535
0.03298646128450063
-0.0383156703382323
-0.009120672990304439
-0.0053813312718365685
0.041937055336275626
0.07794751985606413
0.04753346505871294
0.025448188547489654
0.0027730508265397394
-0.00992964257119123
-0.012193116360553424
-0.004323390399868164
0.011877638988775294
0.02633957829883356
0.02339070960825742
0.011513723024620042
0.0003891518927117456
-0.008108315701344807
-0.014140135584749832
-0.0157659178657147
-0.0012282049525808557
0.0110480760192683
0.013280692856833705
0.005661963021074566
-0.0003191307359197756
-0.014448701065309181
-0.027384113021546024
-0.02898992652518785
-0.02023172871828433
0.0033134905294080917
0.008057679141678273
0.006215394575845406
-0.00610587290235364
-0.016467227940905146
-0.04207796303104356
-0.07071043089973532
-0.03774771357158277
0.015312862185435601
0.015288476693079027
0.008996976873890105
-0.0056126241263292
-0.02666576580509199
-0.07642801681572131
-0.09263335347460062
-0.11811031025920532
0.0563410753584077
0.03181662147367051
0.01158670509388633
-0.010319276411005513
-0.028637624448100193
-0.06481526645016529
-0.17849970527330256
-0.7220723685298673
0.7273487347796148
0.011190929646435269
0.015563604156498288
-0.0006176309154152222
-0.031401208641160645
-0.035734112170981304
0.009434837547193566
0.10850601404019422
0.29487555884675587
0.1158384933843936
0.036572770104382236
0.003493120995839613
-0.01177335677604667
0.01051490963001334
-0.0034639934255401602
-0.0019061703101503121
-0.019222635881782087
-0.012917244171698069
-0.023709730114887823
0.006075147667166251
0.006569479429704063
0.016885098379273194
0.013567950282167715
-0.011978797771753641
-0.012721152261825859
-0.03668349237209096
-0.018883939830198534
0.002865065786520229
0.043973834094696906
0.0526025810378115
0.006977846214161801
-0.0038591749259088274
-0.03552197872575482
-0.04532810013388006
-0.06958486852753847
0.18096268664200565
0.06344161551126543
0.02951660133101889
0.018106081544681015
-0.018878930392483496
-0.035870534590359264
-0.1142894548741714
0.7648467347487686
0.5589338641451044
0.11372609261782998
0.002985027885396829
-0.008059668365705635
-0.012664747414982124
-0.04517308211723201
-0.06354031919873185
-0.13291447770725104
-0.4441322029855289
-0.07382386341053393
-0.028026994923404276
-0.010730368372839793
-0.024747964854300405
-0.021992890069955376
-0.05810254725902248
-0.0548718229346848
-0.11223898827953238
-0.03104210492772099
-0.010095087592309664
-0.01593556024788523
-0.008965031774580315
-0.025977269972303492
-0.023868281647319963
-0.04535153943746475
-0.03310191236369549
-0.030428769496660756
-0.008126627763352578
-0.004061197371725742
-0.009199321535439644
-0.011138544333656589
-0.024445559707979535
-0.01808676796805025
-0.022497705286312394
-0.0049892042996969935
-0.12889375190649593
-0.08026244699428059
-0.03405744422238265
-0.004336552379732284
-0.016845820299344345
-0.02374661918451382
-0.05555491292521819
-0.0739290713951188
-0.17677979106359715
-0.19058715272350604
0.00938089967819072
0.0023687707996092916
0.0009946098910460356
-0.03370265223031377
-0.0544234254467731
-0.13166456828233022
-0.36224007518601964
0.7724706996437198
0.3299841896010782
0.06526267126032832
0.0029848861806715836
-0.009886999567636584
-0.05732886992414398
-0.09179820069608649
0.07210076448117639
0.31449185167399196
0.15683453012453571
0.06595525483800417
0.03354277060119976
-0.0112650764579021
-0.017711919659284207
-0.04333379435549068
0.00024507445083436297
0.08580366616457448
0.056419210172708636
0.04209288622608577
0.007206019642853631
-0.0019887464354954635
-0.01813350526533615
-0.003599739825286836
-0.0009291893116452174
0.0024321064046768097
0.025709655501417485
0.003927694237270711
0.00020361402647290868
-0.013937979984154135
-0.014118148603081226
-0.02595777908120256
-0.034591289447562165
-0.011293523869821838
-0.011694391393214074
-0.002927495187837855
-0.014845965388375284
-0.015078085715782352
-0.03023750397941764
-0.02615385698763934
-0.05229636068011131
-0.05772961638970737
-0.019015980960632388
-0.018528067345759913
-0.011625911825824002
-0.029237388502639575
-0.03541189205871796
-0.054030258027832165
-0.03629760082013884
-0.12973148712411933
-0.5911015063278255
-1.054861829096625
0.17704017371053615
0.09719730827450689
0.04461491291847538
0.007956942838229992
-0.019444478332841676
-0.06241934778397786
-0.1542846196588093
0.44092034890008885
0.1856963179857867
0.0848052465245535
0.04652519617492575
0.012633631659740461
-0.00156826781167974
-0.014364781173105915
-0.006383533463431823
0.09939807647479723
0.08362632668434086
0.06335779764793159
0.034203384925845064
0.015777009487436155
0.008619929441057746
0.00024470653313235415
0.015110964900929112
0.04014910262678818
0.05456756201159748
0.04157230247126757
0.030944734257114612
0.01750383578357725
0.007978499112930892
0.0037476991639046327
0.009288811595248258
0.030247140285453823
0.03727456856361199
0.03442802212719476
0.028130902152983483
0.015964596243534617
0.0010438956647110908
-0.0061069564092517264
-0.0038016447797113483
0.020466705171747732
0.03760609070832838
0.03551747771195652
0.027870367643564594
0.014551158749103125
-0.009971170326902213
-0.03709420116831155
-0.04261726687714836
0.03157386819441632
0.052495537827140656
0.048519729725423615
0.029289852892279714
0.010261106144578421
-0.03006387020415887
-0.08093409394921389
-0.10191473589840121
0.04702455286691408
0.10203766399692135
0.06867077616741023
0.03598930816184293
0.007217243619067716
0.0875530891940794
0.056962332741968685
0.025535203012075305
0.006724340587036989
0.0036498228858391924
0.027411127081218126
0.07328671966479405
0.1204805177444178
0.1486461519597381
0.06864765269815166
0.02894350322801016
-0.0032199453865727145
-0.011893210163571815
0.008705393477521632
0.12868554855771822
0.249116124918997
0.10415184187856812
0.043735384178615964
0.009882921226344788
-0.015226648980451167
-0.05986654082012031
-0.09941942923708323
-0.4418398168183975
0.6433681944484457
-0.04027046531903448
-0.012164375037825727
-0.005134474843411276
-0.030793169795810545
-0.05887234588339151
-0.13184077003729536
-0.23336301702660386
-0.2564337376953703
-0.040875634104073244
-0.014733526997415236
-0.017889071492500273
-0.023241337076200835
-0.04574455868409329
-0.07069507919708433
-0.11541528695063195
-0.08448260455072144
-0.014319844234110191
-0.009196030313961639
-0.008789094810287498
-0.01537386316705631
-0.02297397103838158
-0.04079881323002009
-0.041808389306448694
-0.04129225866898666
0.010305326049751248
0.011145107856537162
-0.0001676469771139757
-0.0008878614003495016
-0.008639345842494055
-0.00557158010497559
-0.008361079419798065
0.008065129371701125
0.04972436036138983
0.030028884726091797
0.018427479099587443
0.005144391170408571
0.003812328247469468
0.011216687295303274
0.03336437046370483
0.04757488990448681
